682
-5768.386221823727 -1227.1240942247987
3265.1798722916465 -9985.238568775969
4371.290493301201 -4312.424971043405
-3897.557507357492 -3288.4551987555997
-7024.422123146838 -3066.6067454088197
-5911.377467230206 2263.310042491268
8898.216154498241 1247.7205179367338
-8733.545705814146 -552.5299213281269
-3190.270776084034 774.8044435266311
7323.662984467559 3497.059309286684
-6146.987593882299 -8040.240152253706
-6124.971607213123 -2451.0354570696218
2932.3942324143172 -5353.365074337817
4563.282755949007 -4709.335424779584
19.59319233131464 6202.441240431728
9340.787108746852 5371.511985336238
3973.2722338977364 -5616.432720418827
-2780.302971838384 4351.633755509625
-892.8180955888165 5180.548268098022
-3670.871203666695 -7206.450317883666
-6894.85036915423 -9978.322034601266
5293.599394741206 2558.6456041138554
-4130.527101181438 485.49225132772517
-4252.190072752739 2452.6615280586047
-1497.4632300866888 -1933.325410852809
-7771.386658011099 -5928.600266303043
-4140.225109086417 1559.4758365656417
2735.794510744674 29.8682757465358
-9024.645716614894 5267.262145858482
929.0708815469789 2715.129932120819
5150.270012478535 7516.341805936441
9229.49653609826 -6714.8602441866915
-6394.207557516234 -9153.242750553005
1019.2489760959816 -2157.1051896882773
-6656.492207384787 -7227.760871138271
9684.539707475655 547.2501538550514
7216.470716960099 -853.9144747439004
2422.1861282509635 1878.7798584019783
-3795.7409414761532 939.2252263271112
7531.1597098853235 -5638.893565154741
-9501.980554517639 -368.7240420346516
-4663.800508822013 7745.133140626342
-760.1433846836735 6434.937500246953
4941.374021324196 -9004.328860298545
-1375.7881456654886 -3781.417546661579
1687.2393252351194 -623.0439601111848
8557.151426661538 8261.449075463897
3486.0449568133026 1515.6059195558682
9182.7696700446 -7129.638543318397
8135.192069450695 -6473.418137696188
324.1967012891564 5406.443445958637
8259.95932032763 5119.762247787608
9249.965646070144 7414.819942250386
-4287.732786984626 6061.758199197626
5164.801869183206 8319.824611934626
-6946.9483085890115 -9550.360434107992
2437.152060614535 -9457.226505678338
6171.588027285894 -9039.734888183872
8814.068703480065 5918.894270109446
9145.893679400837 -4429.05628925605
-262.6610472638731 -8065.477017283766
-9875.887448208105 5204.19084767751
-4636.963180247296 -7424.780352576741
5307.577513158361 2331.361259970883
2999.9420641157267 469.9894044774719
7042.009514103691 -2223.0098497297686
4420.571819333085 4536.310874509058
-8425.883849782873 5797.683388050387
-5138.165464554614 -9524.776409870452
-7793.386360098546 5966.4520864413935
-1479.3923378647542 235.24355907566496
4385.4869321410915 4475.398297115047
-6037.18199653255 -9041.584107905315
-9320.911539629273 7176.700516024754
2102.8805589445674 3941.340836188272
-4340.558880983043 2013.8800036266912
-726.3538954545329 -211.4626941575716
3371.9158578582956 -547.6492992134772
-1604.7288159578984 -2794.9504874838076
-6619.792031000688 -3899.7022396908787
-7635.279945890541 9769.725965479505
-4700.655817796315 8917.95337287684
-4474.115399485911 7550.126220660288
6280.214652752289 -4754.6277446263475
-8556.417397665384 -1435.4410419848482
1084.9128375757464 7335.843650388946
-1807.0082973387525 8866.266859525313
-9807.05007635184 9164.09944115956
-4010.662365011892 -580.6812213495123
7804.1844271716 7985.522990970094
6220.956352451591 -7044.702825999479
-1344.9040371896117 3454.574243699808
5812.116206373461 -5355.609055940231
240.8072729905507 -6932.297253042832
6330.273355535837 -3315.9438892138996
5336.049316315839 -5721.969614025799
3365.718210458115 -1197.0891223028102
-1365.969691668106 -9163.873364866706
8449.843390920127 -5802.910047359615
-9127.034374555136 3743.2311095577115
-6858.446989688958 3560.7898785745147
3995.801355867967 5660.304707892023
2899.610486849948 8642.289612943408
-8310.560320437553 1698.3259843448686
-3027.9975795168457 1151.2432049264353
-8924.432638325785 9222.278374079498
-228.3167603831953 2862.5898379099253
-6624.041676260284 4633.305759837345
9071.33427984059 8406.942484616695
-5949.091060827854 6050.545331010888
-3161.9303108217437 -6493.141921012635
-3789.7549477320117 7396.177749244565
-357.71311976024117 -1687.0784068220128
-4977.877124016219 -8405.733808894322
7313.1466012680285 -1986.900021589424
5395.619068025133 8425.986100292299
876.4559158212815 -8966.637169301375
-9611.105356591766 6040.880323533624
3798.9926228520108 8917.100140740527
3595.5009008798042 -5794.196234674205
-5823.394738606978 1365.3777862994157
-4812.834826212565 -7919.745666556321
-258.29647259060584 -5060.36667100263
8342.184533872758 -6361.181114525274
2429.01968462265 4572.921195307845
-9535.662329237979 9818.489358063143
-5273.175767698759 -6694.641351260949
1897.9996366988798 -1949.3556613826213
-3845.9572947831284 7553.955009093654
3770.930952858498 7044.511347297488
-5057.986430468495 2746.5326037538707
6146.993540983962 7520.969142597893
7362.9026556349745 -2706.0116833141137
-2153.1804180209165 8052.567974920628
5135.069786640292 -8355.339409736032
95.25670589143738 9247.684486747512
9948.969411455779 3559.120917959908
7580.174876827587 9223.761861415773
-6604.555171025068 763.2121334836665
2558.014901053777 -1353.396469801537
-9558.443084113815 -2218.2872397525407
-9682.76202686566 -5430.260268756879
-4912.629835327764 5024.524350812877
7611.610514259315 -1110.0992635043458
-2049.5989974798404 -4908.194302946309
-398.9530716709887 9441.665546466764
7262.714604005305 3784.02505498555
5388.508280829705 -413.60072927361034
7128.933452289257 -8552.579176184454
-2582.7552888124437 -4392.399929262314
9881.708944368831 -5945.111492440751
5793.437560317605 306.8288014061982
-7015.516274135552 -7183.138723347495
5025.09260729955 -4098.5828592605485
-4830.345534710823 6136.25985542588
7718.805116355234 9657.17761398101
1363.527072276167 -1633.861764385585
-2548.189334524276 1646.3765658960292
-8562.259581021608 6098.168562298544
1337.5002110382065 -4396.7348965259
3940.1058356523918 4604.650763435491
-8271.6208963265 1056.4775259490216
-7303.896514939041 -5423.745202085981
-3948.784312125913 7749.663172497923
-8464.447951426768 2442.2424367056046
3944.9123157823688 -8181.275840878863
-9612.756840878503 -3670.562707455493
-8327.585545727788 -2723.915891502502
4597.631130396036 4110.7589929686765
-4796.253896630569 6059.422591113134
8567.925894690627 13.64378833750925
-4581.939283732479 5234.367191735662
4667.237908293391 1903.2348680424366
-8451.653057493702 897.6358822447346
8867.700163955862 -7375.2690440502565
-7706.754474533413 -5090.814666822812
-4339.23834988585 5683.829419802301
7946.1825686732045 -7211.0768534675535
-3447.850852661336 -1936.2777904370778
1442.829716198803 8945.596990236361
8796.254456053717 -8878.358244195031
-8596.330604615958 -1137.514405275504
4019.0021741432447 -5722.521185146769
-3950.7714225454474 -3053.43280725767
9991.520741325003 -4398.473101854652
3291.3263637733817 -6545.152903809657
-6944.765842384388 8427.942110733853
9354.463572767516 4243.588738539775
-6437.742462543674 3765.038477632186
5957.257444311759 -6956.808137326658
2183.276977839103 -5456.939995731785
-5615.389629993925 -2456.480804559491
-8951.635016464623 9634.623819919867
3707.090748762539 7781.486103745981
-9575.534947740822 3102.5303441668366
9954.76029859237 8154.767302140954
8996.562248455186 7274.197062716528
-6771.502185348856 2842.5078961039962
-6192.156035353171 -2988.5165780261596
-9467.37624894413 -1504.0530619814726
-5472.580834227097 6939.21214339252
3538.4164009999968 -2231.0910127051066
-4047.534266602075 -6584.770797189745
2538.9076966128396 2590.129721224497
-7485.057154449224 -1330.6358726701255
-9468.896215132963 -2963.5632006692213
-948.7074135678613 -4191.80652806896
-5337.422504749707 -3752.183657862777
3206.8356542663114 -9722.958836628244
-3794.853867384664 -9967.561286346756
6584.841913296994 5890.1680519282145
-5230.858412494892 -2358.2466297433166
-5886.447944756384 -8315.343718229415
7647.548104231031 3652.7731776098917
-5907.313039828219 9623.001810034388
-9019.921959897962 3976.7244332892733
4994.28068447091 2563.977595703449
-4146.973970557028 -4279.744176613589
9330.948471574273 -3059.1461149312527
-498.47293148509016 -5042.569563436823
9767.973044780127 5230.587760881313
-543.3686528413491 2427.764394495651
8143.894079639122 -432.8598251833646
6780.376712253372 -1242.4019966754277
4177.54593831163 9746.594681587656
3457.83196830656 -1990.8757367316612
-2622.220994356825 -3608.709807952084
-1434.1337690256169 1193.4267807414017
-6964.612188074883 3184.718208196964
8014.167971798361 9840.904741946175
1165.0399572634033 858.445180953704
-6545.166347837281 3804.512855014089
-4121.718914693144 6.881818054522228
7382.619575502205 -2821.753668305775
-8093.015422072254 9825.221307729225
3498.7292072590208 1545.3644338494669
-5140.120571880502 -4489.572382731455
4086.7994706038517 6727.848069052099
-7716.914201452795 -1665.339080533122
9450.519447851984 -4209.359367801926
-6291.14362271865 9295.084400354175
8388.102543863726 3261.2379453613976
-384.98564171885846 9763.49911235442
3229.6137625911942 3357.23294677812
1580.8518927575133 -9296.185295127352
-1861.065238098674 -1528.5514448568247
8913.53419282013 -4205.130055553241
-4817.071003271123 7246.320702321118
632.34620696003 3190.6621043431933
-903.8500793215935 6276.231826810637
-4063.618411125438 5669.576404762511
8720.224938028343 -191.47949790265557
1144.5781784079481 9568.723931512963
-9227.18769097796 -2229.0743960408417
6585.258018759727 9169.049815078277
9901.82950019126 -5964.744249750364
-6974.358769965325 5091.379466947639
7906.415926509897 -5965.893324323024
3970.0571067307847 2783.1253093691885
4556.88383434414 3679.474176109208
7518.875125874805 -9680.108218517737
-7378.312307709524 -10.846694080135421
9468.454299853805 -6484.246446160938
510.22903095678157 -2091.166681454126
7945.683835297266 730.5143105762309
-2633.9118511748347 7524.837108243522
-891.0168776666414 -218.21913408166984
-2503.9399766269407 1194.4835396540439
-6689.100324332207 -4985.777117690655
3696.1497631119582 1078.0770016917832
1605.722562769357 -6152.0846380243065
-7663.527919382834 -5861.4286429524245
3598.82562173539 9022.198167586845
6992.764988273153 3881.973156983451
9372.717834135852 -4728.990645029283
-8036.97315823982 -4056.41135924871
588.0707572193769 7310.189556091529
2183.5568864978522 8082.252029668067
-1153.7306622442484 9786.7805491765
-8140.541637873195 -5773.3084929564775
3013.3159722980326 9234.875144749596
-9449.544645930637 -3074.758269502032
1443.200001123545 -6897.9005780209945
2503.6468686853204 -7117.883905634743
-97.87943886126959 -8444.64504827554
-7299.398830356258 -7779.491319324625
-8516.761049906114 4043.9625086615833
-8613.012301553705 -6305.186585477535
-9085.088855492659 -5507.109298399315
-2221.293282037489 5281.274653210141
2403.6407749964783 -3481.71699650526
-6810.724780402357 -7591.566704482158
7516.263720608382 3202.02467541226
3998.9966532471135 -5454.256491080733
7594.165089161568 4731.621522283616
5687.230252282907 -5049.224116051727
-6194.39031063078 1606.2021470483032
-9425.146370832254 -1917.5386523362567
7180.541748892658 1128.9769657990419
-6025.204889912905 4519.838488130004
-9164.503528135761 551.0184257962719
6124.293402715482 -5817.167024145476
7084.550754707434 -8499.227600814791
-9426.678648130162 -4766.414084357358
-6754.487738568234 7228.218155799623
3629.3957799748205 8243.92511634573
1688.8343052681503 -3287.8490306133344
4009.7739179753808 -6953.43610918464
-7959.979719670782 7823.571915503537
-2972.184139862815 9144.673748317226
-3565.4268469337567 -4492.286055532973
-6558.919832273722 9636.486239043727
2337.808055165764 341.7567247843617
-485.50197756102716 3318.6282384388596
-8319.851839450463 7844.821708314972
-8097.255637013605 -36.08681171355602
-78.21021661101622 -438.6403086165046
8631.724711956882 -273.65079611630244
-5851.087499765697 3208.5848772267072
5759.855369642082 -791.8453961257637
-4583.116155646285 1073.1360237013687
8225.615167375174 3930.5964937728095
7294.202103012969 3361.6703951740383
2938.6130391702973 -217.48285389211014
-75.81569524832776 -3645.355335114231
2347.2080838085076 4477.417226073161
-3090.2948211601115 -6017.954845112785
7516.494932666432 -5867.977240721607
939.5608398937911 -4165.616612461429
1176.2461850156596 -213.725710155235
-6686.679648843135 4641.786322898461
3249.1925747909663 -5983.278793123534
-7615.194228387747 1898.5536075209493
4045.7935688438956 -1247.673111013717
-3567.375919770786 1580.0801706172788
-6387.560354934307 1983.7254027289528
7579.453852589097 -1206.4254789931183
9645.806631459935 -6735.999591868553
-4879.92502039686 2723.5345662699474
-9063.14183526514 -4268.909088275174
8981.402885609874 -8622.52421981621
8483.786006940223 5838.957623880309
-2973.9187857151746 9406.932443203888
-7786.05476436643 -8933.331481120093
-6475.542917741031 9673.292931110074
-2319.3680330958387 581.6107771918632
-9641.948120670504 -5752.4508357848035
4151.3304125922405 -5834.952186864002
-2619.0812836423547 1177.586931512962
3179.8323558907578 -9334.715407028909
3853.559292498907 9626.157670132936
5055.4237326221355 -1174.2720137875313
8977.354596021392 -2122.7807263946042
-551.8970260350816 542.1675275027956
-3704.257810616189 6227.851931910642
-3880.418050786634 9435.627087383491
4091.6621645796076 9927.499708368661
1745.609333242246 6084.168929357495
-8100.936507383547 -3904.1953031567346
-304.0832797193834 -4660.930340210732
1859.5553467348473 2944.841523646557
-8956.105084774988 857.810006690188
2893.559647115375 -348.9050344568386
7128.870360937075 7318.361763980225
5518.606722122016 867.0376472074513
-3330.363041977318 1736.2723960333387
5635.700408393986 1131.72074325854
3728.6866349221273 -8111.904450523255
-3282.045927295807 1334.2935702013838
6752.357433547109 -7948.267923506724
1573.9819197720808 1903.9287768776576
3462.894894294299 4106.291336962098
-2778.185706335248 -4455.865912541172
1554.2172473015016 5491.098103114635
-602.615368491266 6098.982930678276
-9056.059743378579 4605.516242647309
-3165.084156523665 9533.314932675057
9760.011635098523 -1061.7135634805727
-305.183635501613 -1971.5037933568565
-6708.9208276392355 -8452.904198912514
-8622.018453064562 8839.857348008038
-7194.501783406277 7466.153557991776
8453.665962072457 -4168.5458281229385
9444.669942417335 3201.546740140686
-458.6132150769099 -6501.660800668794
7322.1782131670225 -318.7898366631034
-9274.40695204533 -9193.949820413609
9510.97768758463 -8141.645036058949
-7554.886887236982 -4678.440664435492
776.6606509107223 -3375.755755954626
787.6827611795816 6879.462679353906
1715.6249689837332 -5231.773847480763
-5266.870059469997 -5578.294027895557
382.72782108262436 2429.9784684512197
-9872.919593802006 -331.3042517720569
9543.8086042865 -7179.069499255548
1030.320293866307 -3075.8486897938183
364.2340539568686 -51.11523608450261
-422.7566173593841 -414.3911829779954
6645.407173315998 -7338.132931929826
-3409.9147741902034 826.9976589087837
-2353.043176510854 9534.282055805277
6933.926674068192 8439.260448634042
2083.1106356576656 -7049.523734696372
-4039.2572508199164 1959.5015926933647
-8942.467910282701 -5802.158296572584
6379.029276401485 3988.6943779557732
-6498.311641764199 463.6228206372616
-1501.1460771247039 -3007.499929639248
4107.588873000412 -663.3708781156565
1040.427531114019 -8100.71403534129
-9203.473769569346 6747.072237732631
4557.596282962588 5453.961323028141
-3558.780711645828 234.79763634945812
-4984.077703153766 9555.780397671155
-2140.443235716989 1018.1886015245564
1178.3105463924567 -2297.2088577461473
-5976.099624909881 -4456.926660469425
-3810.5831651844182 -8814.853981960849
4980.707045908672 22.98195994246089
-8886.652218234294 814.0130548529596
-6849.002755505982 9939.140889342885
6167.461729412733 8742.365307300643
9482.986796541958 550.6189811135155
4008.3380575999854 -671.5477296451918
-1646.0282216336345 -5827.933217614285
-1335.717025699545 8012.290931379335
7169.347816829973 5308.5371841851465
-6427.989406254688 -7179.954089021292
-717.5811984318716 -4306.1193799309885
-7336.578352210195 4380.692814394502
2159.4327514600554 -2138.725791842686
9561.685979360707 -2766.095209281072
-3359.9372469201953 -1918.5626570728773
-8315.88841038851 7727.615138731471
7694.342808614303 7336.146903432476
-1587.4314540495943 1948.2535747519123
-7747.172907037927 -7548.311748465193
5480.515605241564 -9103.819876383362
-4512.451221166971 8598.89543576397
-8661.040690139895 -486.6282454637276
3347.114983155834 9073.48900496944
-4498.048770740699 1189.9489848798385
-3799.9320157647535 8602.43061457776
3735.5230861614255 -9979.339071285995
6116.417502823422 2379.0600472705846
-9557.775065231326 -648.023220863608
-1381.9653680781685 -5388.20408994197
-5293.275027081419 7054.9660405898285
-1345.6238357486036 7578.233762316966
3206.205075303231 -4521.320567312999
110.78843768369916 5008.477751611563
552.5675725912515 -2816.7285570628173
-1667.5725360891302 -7921.390977021572
5621.754085373543 -3678.3576432011223
5947.6043744806775 8377.185853902636
1038.7511531134642 9932.900782012242
-6299.848086640994 9914.73983537074
2225.148288925995 3430.4908868172442
51.19094501077234 1578.2304575508133
2279.384092088905 212.34261460583548
-4013.5493347823267 -7610.520212847953
9448.108971116028 6589.953585898278
-5233.91882605996 2508.6174856253183
5060.3644655379685 -9872.172081206076
279.6818646676711 -6869.387870067225
-8465.431854718638 2004.235521568824
-7779.9597081543025 -1745.007175634888
-7568.434957979824 2148.7854355300715
-8535.127161851233 -9234.11205020423
9515.300270110514 9681.835387124545
-5143.382266290258 -5658.444611846132
-4604.063267885583 575.2981705200036
-5003.860197330905 -2580.4059396401753
4568.532769067737 9473.924619153153
7716.9628046557555 -4223.934442181041
523.6643932083207 3260.6877385796433
-2417.5623850865204 6233.785440347232
2094.675100731498 219.41567767181186
49.03953338156134 -4402.924940217005
8319.495553008906 -9457.65056711807
7864.761557799477 -3882.7064317127706
7833.2799771657665 -8550.153270126262
-1177.6481296581678 -8374.496763990708
-3828.6325419360546 3333.965148328676
-7837.06603452809 -3074.349606300808
-7649.632014680694 2107.2052846130555
-8273.68331171583 -2876.317953020509
4708.458524135764 7332.218382557232
5370.092767001466 3275.0379562829094
5224.237106187646 5727.813399262999
2230.4018516689266 -3935.000921018501
-8603.210852317876 5291.13442050469
2073.010726464663 -9806.597352598203
5257.882873303348 6545.406095784871
4284.1574248446905 -1282.7407411818367
200.494528018884 4317.176929585221
-2023.6311328299553 8811.849340792749
-1953.8411390721349 -4033.4766275314114
9235.264289055485 -1757.1058998199042
1136.8987807557132 -9861.786508421283
-3290.8866952572916 5299.443508940791
-2774.205846197726 3871.3398485901234
2543.726599023894 -5980.860964218588
-1446.4901371642118 5299.494262296694
2091.0125693327955 -8755.451079983884
-9263.601766111751 4193.059730015579
-7129.669885988097 -7618.6907013704895
-8044.934069124721 -6760.254890747359
937.54836695025 -1314.1791638270843
-1579.4212723583405 -770.9966318286206
1117.493579161839 492.29654565543206
-1791.2442176227123 -4799.475962237225
6481.261181528309 -2004.0160527646349
-7708.706044411701 -7863.495393251483
2000.6380232397532 -5958.592998678884
8955.734017738181 -8078.053422958839
-2512.3272101297034 1821.5183878372627
-4205.432037081736 2066.7507019898967
-4271.801086590539 4475.675086347446
2057.0665366311205 7077.916866774518
-6856.082031070115 3281.379048727098
3395.689823856923 1389.6847559867838
-7631.59471189847 -3533.229224017987
-9097.781785000316 -5596.015132109662
8798.20523240522 1627.8725733864085
6817.027729749585 -536.9015744800599
-3519.048744359734 -8683.371158502388
408.2191213044225 -4529.044141820888
2628.228892319041 -6427.183494384901
-744.4243696956928 2399.038869184911
4591.685320797529 -2995.0804395551286
3537.627823777768 57.37546770497647
8316.66673669159 -6517.8898053620005
-6091.636615035205 3280.6551621396557
-6911.555433935917 -9418.503351057676
-2836.5818364478446 6074.019245886173
-6188.119894451196 -9358.164782136202
-1866.1468887590063 2282.6103763882056
-883.8490458312845 3606.935594027931
1108.9153469857683 993.5065879125632
-8748.056645196462 -3200.984327091287
9577.446875516493 1148.1793405320568
2049.3058683441595 6344.2962022044285
9190.906092923029 -8261.832434653246
8130.1285799606885 2180.1610163991973
5589.228860195148 1476.1664725416977
-1880.0002901648231 -8594.771944367818
6094.047645132925 -5020.711997994272
-5220.026665757949 3190.7192679686686
2262.0714740428466 1270.7575900038792
5779.562983393103 2553.5477747186906
8904.699342581076 4800.854634446994
8258.049613489515 9998.558935625773
4418.228092551892 9207.439942385361
4371.988058215969 -630.5862178958123
-2867.695312977572 -319.07206666969614
-2297.4362204065947 7204.614186431751
-7127.467194524311 1068.1107772681316
-6302.760160560117 -6522.78192093904
46.4474515589136 -4256.233637870053
1245.9138904432293 5803.809383490241
300.340736208851 7798.499297365237
7042.587368861368 -2959.672267148432
-4842.296637850407 -1764.171095589396
9559.325018439347 9639.394085919947
-7961.670242804797 9641.027833701864
-4739.924366922359 9225.793052866156
-3329.5800145740004 8178.779487130119
-3892.310527402389 4553.810742289681
-6853.71549994813 -4203.759778985314
4468.266766503939 -8657.844100857812
-2264.457072466903 6152.6161078686855
-807.261682261651 3439.2203627332747
8057.995852555647 -5934.08350476845
-5043.628731440684 6353.473759982178
-4668.384238057836 162.05291280777783
5862.666486431832 5390.809741328427
4149.3966921682495 -68.9961637645356
-6131.099938392199 3472.6946814005496
-8397.920013405328 9539.28265271827
-7233.659589611057 -7833.989270636628
-4447.946511810042 -482.51280288823546
-751.0433321581804 -6462.502357966071
-9523.001893013272 1836.2350977940787
4030.207933771815 -9847.250680377436
8540.152850646537 5903.321645466933
-1981.7024995258726 5871.733903280754
-6592.674003458476 4659.467630275862
-8763.960117852019 -8950.14540471954
-5180.908815895217 -6780.441946343408
5472.286550970946 2335.5846733626477
3039.8565877980836 -599.1959572640535
5577.626774853097 9462.750518940953
4043.806673533234 -2001.218965732619
-1132.1354299229097 9267.5665917599
8660.968645355988 8816.85284358586
-2725.445458943849 617.5542079123261
-8105.03123605084 2223.9858403069393
2682.661855586417 -6978.491729671112
-7762.709097813052 -4589.472792846332
2321.186154559289 6396.711866893813
5041.157059399313 -2468.979273961023
8123.381450130924 9801.62179796163
-1118.578282247654 -7432.310623769358
1648.9743887306813 2899.288126548303
9315.147634236262 -4982.279853186848
-5538.428717882622 5498.7937861998
570.820649013589 -4597.949851903642
2780.22590108001 7729.039810125607
-7567.55997665771 -9887.152305765527
4774.914288258988 6231.224482023319
6947.996744578366 3261.4446127939864
-948.5487633934335 -9786.598649495036
-2419.857562772203 -3042.0143810838726
-6327.8364555071585 5292.536097958842
2030.1232151032418 -9151.392228880857
6484.413061814106 -7243.501276281925
9204.344743365906 -8244.51895452469
9579.843248092042 -2789.522157353057
-9343.79924300185 9909.5796947559
3383.010943812753 -3470.677153388395
-2675.8983229265796 9535.587669166925
-831.1587633413073 -5380.650750951865
3499.8924770306967 8442.861024802747
2734.1175195994565 9700.188692442069
-8299.844623734973 3795.9185522443786
6499.022082445321 8649.273604763297
-5523.839705531899 -617.55406207532
-7509.505911863829 1408.6010882839437
2186.512699845047 3466.341209850092
4459.979742168407 -1464.5636238738734
9369.823831203703 -4292.1420042658465
3813.914328397055 9685.65061682338
6593.017599934585 6652.432838699195
1086.0598438428333 1150.4247518798747
9514.167643192312 -6065.688612722855
-7643.384615681168 -3475.9264495714533
-7612.971803754469 -4389.3708864668415
8323.773720044803 -3837.2151627762223
-652.2751928128655 -7063.87657273812
2659.2075530229995 8301.090150360658
3562.331223206982 2408.186341757799
5829.729053725627 7524.924726425976
-8322.644883489671 56.508717521903236
-9256.842802115976 4757.15421593547
9003.422124607114 -278.918986489145
-2622.794644539994 6993.489670543098
9475.751115256317 1456.8675723175638
4975.9835105438015 4733.733133882439
-6326.73486207227 -3777.0231806252204
2449.4954129608886 -9614.668541032726
8041.4915657644415 -1341.2897091614614
-9712.721173936683 1873.2493755603791
-1047.3307572732247 1018.3791496664908
-9401.860707383152 2272.199274421944
6349.767085098214 -1768.6750398717613
5813.68611176601 8484.30135117238
3459.3995306524575 6573.104316299003
-8855.82245268633 9817.275481231816
1421.906933099286 6578.328732664977
-8949.042807956326 -9224.70289816389
675.1475034804207 4595.189322599612
-4199.456495226444 -8543.31505240718
4541.829452579199 6776.216073273634
591.2159419479085 3659.6162054549404
-5291.5074772552925 -5680.635793326887
-3206.2720038038096 -8870.905045831938
3147.538438694526 -581.9609977804848
-7476.450137173722 -1664.5661757191629
521.969125668782 7648.216210961826
8062.8323761215215 -6243.459898811448
-2774.201184083855 -5584.666425783851
576.0594882326095 843.3253993582821
-48.62682397454955 603.1664624863461
2114.1415541708084 2679.592097605313
4038.1048099298787 5711.429557349718
5077.483817964228 4804.781896426679
9845.43214445638 5538.3855851982335
109.3381049921827 4749.9988606935985
-9993.924069969757 5859.2553164777055
2816.5367418851474 6544.755747598236
