2148
6063.0582632332935 2523.4014583991775
-7483.602803144946 741.9787187968413
9804.678803920873 -1035.1816653061378
9088.773219202052 2737.613412581368
-4016.9878438822807 -5915.430231369656
-4350.7105840973745 6000.691397369865
-606.5123430888561 -9985.760184563596
7633.56307887199 -6410.030544126972
-7070.201458854102 -7405.53336064699
7880.187512856133 8702.871975873837
-3814.740376791079 2745.432929621198
7737.094649881536 -8110.921425689017
8409.426116444261 -5397.56447917253
-2895.214449389742 -4996.14170645089
-7101.783530941135 3944.976589806418
6715.371563752968 3603.4278101898344
-631.5549115535778 5076.726311204095
-8018.466969997 3176.0029278668517
8465.324515010365 -7932.389799301436
1909.6663180601645 1418.6332251120402
-1725.848875401758 1148.1830954982033
-1143.3749430143816 8711.304857350606
6555.049746032189 -4949.642826579694
5319.642783219995 2006.209381749617
-5607.699886667836 -2782.543425175554
-7515.838448930043 -6458.522717316848
7047.4366997963625 -5939.518271621751
-8085.544708149528 -4894.911938106832
-3972.044480587875 -3183.635191302569
6557.094470560307 -8983.93101095587
-7268.867637560952 -8932.087518443204
137.4510720594917 8556.502448893778
8495.097647836665 1614.0328222453081
-4935.404782395513 3279.2698201515577
-1513.0146836913336 3132.7517804318813
8120.1055427428 -1567.1338098690976
7580.616157366723 -7041.570216240136
491.45598316486576 -7313.97892578014
-4776.160866165215 -8701.501825145448
-5879.196029778437 -1598.7258525638026
-6731.687694354884 6343.933559371722
9875.165092559502 -6101.9417369363455
5832.150709062864 -3018.3920073559675
-5295.8916079703085 7462.2433732588
-6511.460729480045 4195.543585448448
4736.268770569572 -1699.4892301497985
-4578.946435930276 3748.018189833798
-823.8759477606109 204.32514381551118
-7340.905040401584 -2639.629177577156
-4102.351789107654 7379.681525393036
3104.4951826770302 7367.258084437999
3791.595164426737 8715.211504394563
4783.00951072301 -9302.971736153384
-791.6578986822406 -3297.3635461038994
7602.070643851846 2034.7743788559746
-5751.643981416894 -9710.038057349988
-4131.168386404392 -6846.455047076139
-6812.470368672086 -2860.778407365512
3920.17847796776 -4346.909029693906
9984.757264296259 76.96932371873481
5439.060176578061 -2275.5681022972585
4604.309348903929 4967.141063748159
-6620.874660347699 -7937.5620618153425
8795.697707843636 -7197.6975250856485
1892.3274060456151 1677.5238802610766
-6991.109467632739 -2499.287240446517
-5748.200391058669 3111.461521986341
-4717.112733025459 2713.0348680753086
-8515.028075293414 2441.2197396113424
-9769.171579273641 -4116.067017601977
5279.546623942208 -1541.3485841671518
1654.95696689744 -4119.799487388244
5697.6179800424525 9542.749743020813
-4140.0780944932385 1688.4733079627003
-669.138366587109 5995.103898768792
-5606.947202880093 -5998.013939706432
-3247.607038217493 -2011.9081195857661
-5274.593333336806 -1042.7687727180019
9468.534811586494 779.2492292560746
5297.531845854826 -6152.201404303516
-3953.5978892121148 -6525.8341544336145
7389.06041840083 -1665.9348620446926
-5309.136917456021 5374.165548316019
-9568.614240276878 -8516.17607519849
-4732.9119811008695 4823.925197647453
9667.851608376575 4920.335686854942
-2387.435264407791 9478.107570738975
5476.0190351749025 5420.7045538633665
-5044.897704216014 4034.975423747226
2201.752557444239 -3501.124160834741
-8648.98737796868 1738.8703716596683
-8984.995939884595 -2176.036951109173
-9719.69089527586 -667.6578787686358
-3917.6550438526083 3766.022851929276
-2116.5838966841766 -8357.381514931054
6261.4429453551 -2072.206737667877
8796.549582505355 -8383.982830432607
5557.841536344424 9212.326331298587
5140.573054422959 4367.802558711204
-5255.445660919995 -3207.154435656843
-59.20734319741132 9693.90100099751
3830.1451286470365 6292.566892767509
-4897.176566462711 -3505.212327537999
-9528.885183073278 7548.63288656843
1042.2924845393718 4690.774055102358
2959.5803979508164 5525.704520970394
163.82229459795235 5461.820482018376
-1922.6187635030637 -9738.8212015708
9607.383240019539 9023.915377621197
3892.909781984341 -834.6155571994714
-9972.241759612101 -9342.041152038493
5487.1118769785335 5566.536957046232
-3354.4683746778146 -9663.999594508692
7630.269670213525 1081.6233357198907
-3594.3509492085313 9043.590068942976
-7408.678455606834 6210.801809687109
802.2773847230128 -4224.104846585908
3546.646841689544 3494.304728099394
7776.329010005538 -6810.838769957334
4465.385333893559 637.241827016449
8064.679364412448 7017.978992922239
-4116.479976693854 -2800.896715784902
-8522.235415286272 4622.747636037888
2639.123100386625 7761.173506911222
6804.899336424576 -8589.385419640043
-5573.707899515679 6926.466681728383
5394.311039857974 377.08447975956005
-7064.510091269998 7073.2072781079405
-7072.455146662458 -355.601832168084
383.13977890111346 -1525.7194142715616
6505.546793028581 -4373.313923852691
-6606.511727487543 -6788.5133273122065
4886.395753067358 5330.804532196169
3480.9048881760245 -745.1621724271627
8562.300329281232 -9694.322932878831
-9209.057199138191 9143.544595097414
-6663.857118115362 6881.859905168305
-8706.352281367546 -1103.2592801283463
6155.5039442046345 -7403.035750781406
-717.2563254408033 -2901.591959510557
-4815.2418584533825 -2918.531088470593
-3180.5031361510764 1542.3604470714872
7443.490180128614 -2816.63148826877
-329.79640578305225 -8610.433403581315
6812.128750010739 -9260.992112132139
-4678.589255288958 6481.476055485546
2803.365670331159 1151.345984324962
2817.133578717516 2269.4409980611563
-3779.4289036681757 5815.828917275785
6447.481860411888 -1238.2781003906257
1672.0763189832069 5437.9207130983705
5728.280617543065 4955.96572988737
-1117.1415796863657 -1584.7185609994958
2646.4071377504933 -3583.5322923039166
-5157.199531159258 -5288.541886925326
-6194.261633353988 -7028.082079356365
7053.382018853601 -2973.1112350738777
9893.749016676684 5950.750735699114
4482.284431457752 -6423.101315138302
7798.963311665659 -62.38438571900042
7308.071715889619 6415.297835779675
-8255.387121393764 2725.89564645051
9134.754498732225 1996.0796043472092
-1035.98034191821 -1042.3893398601067
6078.701109340578 -3455.3701368178545
-7271.634991580265 -2116.5633342004367
-4021.9773582206344 -2186.22932329011
947.6774744949507 -6258.002334097643
7947.203480961132 -3071.1439981082412
2101.0162496342073 -1551.0290529427493
-2402.5822192299493 -719.9508656305279
-8088.011310271237 602.9718562121016
-3534.378948718271 1798.8252513249117
3970.8980768584115 -7743.424870170085
-4456.83852914359 5459.632468587326
5414.96770511819 5467.25236309114
-7732.683405201718 -3523.4349945880904
4813.253413800165 -5665.606986049669
-2063.1832414212895 -2581.1950497881235
-6436.999820402167 5044.999767739662
8235.065776245734 347.48517516316315
-5610.6312280750135 -3607.9598073304587
3392.436057421188 8080.553900036339
-9049.396380289709 6295.856787811706
6491.663246433476 6821.102577712692
1085.8731672783088 6050.433118782743
8518.02770720268 -6361.456235329088
-7096.829366282316 3332.726475626958
6978.661007488383 5670.922625690704
7689.825473187331 7454.678166051377
1262.9746655619201 4420.554638221347
6538.311180367356 -4096.07408888049
2388.867764646753 -1855.909608667892
-1384.7773300994832 -89.35768430212556
7377.019482793687 -1907.9925257767582
-1838.5751794935022 -1405.6686058883024
-781.7676061991006 231.44584399857013
-5403.456354664929 -3814.1716356518464
2246.452435562751 3090.202181089049
5511.128391804998 -5113.859546273183
9702.737708744215 -5511.39736291008
-4135.037650905122 7115.184776860231
5373.117715809896 5179.893974761062
8370.160727049766 -4780.117376228734
4405.927806332098 -4201.3229526160885
-177.1483405481922 4152.469057100516
-238.13126107595053 -4979.165967184267
-3942.6115048347147 3196.2958082381174
222.69711065356023 1467.2943403955487
4232.201483651619 -3492.2044948358107
3482.0965572031346 -362.105689717082
-4683.453144635814 -940.3005592954614
3564.962457279864 1040.4927572956458
-8067.419353123971 4511.987873228991
5668.952458899743 5684.408968924799
7117.325145502753 -5396.517695143614
-6505.153214280097 6236.156122270164
-1895.7382311145566 -4151.635936751492
4229.8957424199 7389.35213122638
5884.439490683766 -1361.6579686347468
-5429.005857979046 6379.59273266261
6092.140322801641 -3707.4225980121755
7522.18729893626 -2921.0216986337546
-329.69670176033287 -2836.1149513570717
-5826.350522972352 -266.1056379984075
2806.0657339503905 -8398.859406473694
7266.957757809811 1163.5512738955713
-5213.071862593129 -2615.7731660807704
4074.117726831435 -3884.308600871842
9713.218246420729 2189.254947579464
-5034.532301162471 9479.785637219928
-6587.322258258401 9708.210033853258
-8985.762401925704 -8813.06338757951
-9561.851627820475 -2761.4288672237362
-916.8028206179788 -9120.373456399797
-2310.497880841611 6874.864356881528
6061.487375859644 -2186.6633084256227
986.1065409220719 -124.49102937297903
5267.376268947677 -7044.009488337315
-1173.727727532525 4344.737578430386
7505.349981295476 4880.0606286700495
-6394.705780376404 60.75462170282117
6863.59130606195 8796.09874458754
-5276.153461394278 -8902.276799676083
-2939.4345257296027 -1044.6500975634044
-9696.350632177126 -3169.430614715867
-2002.9129363117672 -1346.9830617194311
4637.487708332801 4977.999055341919
-5857.109967151028 9192.649841689807
7035.802713009321 -3469.474367221066
6484.392832506364 -573.9617218960611
-5607.739406517203 -8273.27927331257
-2017.0069678459959 861.895923539767
-5424.177966518633 -1317.6972449364948
8840.89335334528 -159.4732722854078
-9332.967965236492 -8156.923526273825
-7655.889490935783 7900.572445193029
7091.373631478633 6124.16266735974
-5350.025752768377 4217.8485169009255
7862.701080042756 4414.337549979415
-7390.912917370242 -124.82640034450924
-5565.073322382496 1065.7328344189373
-7440.6375726960405 -7273.981978325186
-3929.7209090602773 2055.53131734662
2.423275429453497 3743.6878214278368
-832.3800763221279 -6302.279021014128
-4829.7081138855265 -8998.321060036245
3654.45242504383 -3900.6457957726725
-7287.036863007077 5809.73438941832
4331.421382153869 -5002.8136929307275
5085.112511347168 7034.050085404069
-7031.753293478832 -3823.043767144689
8682.834793174676 4258.974196246138
2985.2053869995016 -9631.008437995868
9378.976346787975 -1798.5404661993816
-7285.580777045156 -6669.78151514882
-171.71804815281575 7668.423224125272
5520.367948227255 -4235.936427947413
-5238.7835816216175 -3648.9096647222104
-4530.793939228503 796.1500149001677
2458.0027140903567 -120.71398285790565
5771.6097321737925 2915.082580215254
692.0503070138147 3812.563761861462
-6115.953506213184 -8395.968308962758
-6345.378348696187 -3376.0526241285934
-8061.491078804696 5330.2332364062
-7279.769706559094 -1764.011183053657
-5919.088315742855 -2874.077704424576
8384.924759452872 4297.731964551929
-6666.487460451444 1685.6293450248104
3307.267041508483 9145.0936945871
9756.862744167418 -4278.833564899926
-2895.524646740808 -3733.9312843384805
-1028.034630023616 -1742.9462582604901
-7596.153292024544 -5903.922697200701
5513.458808643201 5615.517060367534
8622.244534860554 7097.680003914269
9019.808176997507 -2968.375948587798
5044.077236815514 7332.791323402147
2926.648662878948 1155.503352845848
7990.871468530033 -9885.579893444024
5114.564510430999 1140.018399409364
8223.173146397392 -1171.1083323529365
7872.762551156717 -3421.3332374860684
4188.18784103713 8648.389031456281
-9424.755920134943 -5750.122062295309
-5675.77962106651 6607.574121500849
2626.2327919643067 6440.294612552381
7355.623378368877 -3603.0515349518955
-3483.2119169235875 -4438.975122620703
3359.634245865853 -9770.477838020135
-8755.331678551089 -3162.7323519569627
359.1227750799244 7266.261004229469
-5115.318948156982 -2956.8982869466035
1292.939670618549 -1660.30291340009
-8243.091638051863 6569.656159716844
-5561.800599348492 93.98165945255641
4425.349382749913 -5443.725943854211
-3293.4981874417126 8163.584877281595
-6330.321003269963 2380.682997018108
3708.742877094848 8641.723538173126
607.9828883482114 9495.613044296322
3080.8236076052035 -156.4618635854422
4308.478294718843 -2584.319796090719
-1714.779951717961 -7752.077327428379
5513.391340628526 2599.785289721278
-1048.9531970023963 -6494.177102939682
-7491.68489255752 7040.667873485556
787.8776435548334 7531.7320963577695
-1294.4701910286876 6564.671847266483
3206.2704884552168 1949.0102841248608
3169.9246487812397 1161.1740572080053
-3999.4172711726806 6538.5634290474045
-4898.6861457561945 9102.546996148736
7797.319081884685 -3155.6722541360487
1197.0926852761622 -2818.076420233553
8444.92578802184 -8282.096758697251
854.3525697531368 3087.436677022619
-4881.418926559078 -8661.403131457979
8330.701463798523 2748.0245791588204
7636.2041996258595 3124.031251409995
3268.2215738066297 5427.284249119435
-7670.451153039726 6950.388735873312
1395.133525675772 2408.2709372434547
5786.917358708446 -1769.7349067120304
-4245.100376747908 -8696.451971544695
-118.32641898985275 -2349.9876278279544
5472.653537620967 7341.1892713393645
-2276.60327738626 9747.353192672112
3854.0012345503055 -4581.145155411909
-3483.823871604497 9013.967677875098
521.3931126902753 -7715.544344323204
-2218.804078806056 -8163.357869004731
3328.4213821603716 -3106.6636879056505
7998.423257006885 -4655.5110238115985
4952.562178882616 8808.307912052456
-6555.136535258818 -9891.349982612444
6352.0215315462265 9450.27041511828
-8145.495362579236 2644.7964234174415
4682.518872151702 9073.572529015612
497.72870391039214 -4202.343695925717
-3195.0154495209017 3531.6555481986925
-4624.369758061948 -9659.310700651511
1175.3121237131509 -785.0573712360947
9447.319849502292 9502.95252960446
692.4571761198222 -8015.6590471695745
9155.977729018763 9639.100367391868
-3008.6676543161193 6490.118143459644
-2007.9575287755788 4887.358315712769
2702.1098167298933 -4042.6600520917445
3429.6090307637696 1414.2389133546349
2357.687216157099 9335.444173110602
9294.74279672893 7723.645761143016
4916.239667064208 -7349.0535337573965
-527.9147296331539 1511.9468679603578
-8724.066055563342 4468.667776434397
828.7813988244961 -9320.517034264718
8694.033952284142 -8441.711403135927
-6667.594365312745 6362.891002623386
682.7875507313947 -9820.561710997214
-6437.759748943481 9231.53371862866
5739.6325414773255 -9160.068252309302
-5839.110654911968 -3204.7791809982564
-8820.565396117683 9948.176635491436
-3754.108429226375 9099.327809172137
9371.597953937715 -9527.827868179305
4398.636037445041 2937.311098522521
-7154.925515379342 5533.940667482375
4570.549790746878 589.5340770122839
2009.4321483038966 3809.6270825485026
-5905.822415004142 -1898.7790324219513
4650.313296592907 -6328.0929237384535
-40.567156714445446 241.25915361219631
-107.24130246630375 -5797.233672366002
6612.95473778258 -5462.512896517768
986.039794219827 5521.098551186409
-2238.8391965615665 5162.994623938819
1048.792007431197 8310.993261120042
-1994.757211771458 -1048.1157220101595
3823.3987638707713 -6997.019541643764
-390.98892832131787 -9548.158329950835
7523.728721993146 2751.910657473496
-2701.85571159304 -9325.231967752481
4020.49942305902 -8828.448611176595
9712.0609738819 5085.6354782777125
-2106.3264144406667 5727.392830355082
-22.71460349464178 -9626.364488800096
291.4732310580912 -9244.446807817247
-156.16199792327825 6678.592958325909
-8929.262859791917 267.0898891081433
-8076.169847246589 -7800.477917459733
9353.511672099026 13.423205649616648
-7205.892171280548 491.11603973399906
7419.920359602085 729.9856482368377
6072.442556795562 -2742.1405135721425
5767.50719623375 41.61921184678795
-950.5825132484697 -6915.636485788339
-1797.5822137271953 -795.3569613975687
-944.1768852601399 -8705.574788998112
-5012.07763440523 2676.9343219814073
6468.0275734815805 -3989.7707972626085
-639.0405110448464 3448.748889853541
101.44034013276541 -5512.999355724291
8137.513818403455 5133.435744899032
7714.852509678552 -72.65864694602169
-9337.177934143856 -6991.403149797897
9446.085218195942 -3766.6285772685715
-7977.4670307867 514.6429995682338
-4777.964589651211 4533.716725133292
6216.126477271779 5159.122250211898
8533.873140888267 -7173.713813906015
-7095.968899178311 8341.577892355213
-1559.2172919404402 -5293.316474820278
7375.056658726258 7305.122163281798
9263.318192885225 -9093.991798313786
-2459.1058063963555 -5762.692371905387
3150.08344615418 -1759.2872447785176
-5950.385239103287 -2515.720613126293
-5450.894362856564 4581.075024762678
20.228442178509795 -7091.389752927746
-2412.0593821045677 5573.768115545685
-4564.453777560422 -387.3807241693303
7464.183158805743 -892.1006828807804
7890.72642452308 -6434.622352550216
-4829.267832686557 -3107.1894002407134
6180.052161109488 5113.023069218267
-8772.196876386082 -980.1690922407415
6114.637108616273 -8081.605525044666
8566.339011572705 7009.076711416892
-1001.0793498409275 -2432.5767852322924
7305.13685661924 3596.308598553831
2353.9620621366103 -2103.893499757496
-5113.350793027478 3393.75616019633
9760.699282793797 2033.30507741184
3884.0832135799956 -2437.277754288858
2106.5077558202156 -6778.988747687984
-3234.9203582908694 -2235.301751635774
-3946.4708822239954 5665.139194887914
-8005.098161432249 9911.614067027582
7207.415282919268 -2013.708766079034
9084.72810280399 -3385.2359861726945
-4749.723136921249 1281.372490211901
-8461.705874770547 -1264.1559729273558
-3788.207830037806 -9626.684516171745
6122.786818525356 1072.458257894932
-6912.423997048003 -9482.401121292145
-5512.4456223882 4964.340650687493
-9825.92420310578 8650.637411393302
8876.839413415913 -8514.54073089336
-1225.5861256866574 8206.537828408775
-2469.580596598631 2891.0673323560895
-7660.252113606869 9595.110645063112
-2661.331050013493 -2882.3245461330725
7645.883593464587 -5374.555559243712
1416.2409726378737 387.8244487472675
-4734.972058688867 2475.748287067421
-2518.800260753158 -3649.5513776078715
-2622.27542298723 7251.575289078843
-725.895542629145 6691.51421274287
-6119.828502463014 2740.952233240152
-2275.7995548784747 -2221.4604517891676
8777.28232991435 8666.3364129964
1167.520022468134 -9343.503526134236
8011.9949617532075 -5450.262496747909
-5355.630474205368 -2408.492645915925
7166.5075192308905 -7751.260654640988
7151.311918220505 -2637.346388262292
2881.2551365566633 -3712.4269752334094
-7304.566333724992 -6368.881806424835
5372.620685178132 -7701.213943562347
6096.327029544595 -4030.2044412984487
1090.5068415451587 8207.470522325722
7703.876519935195 1515.4014866578618
-5657.929494327718 -9768.587284711792
2547.5973221366694 -3290.973176471978
4618.065093710515 6336.9371430259
8905.932734652899 3219.984857256053
-7606.596229683264 -6518.385505888522
-1118.434431538013 -98.29717294870898
-9666.305191294021 -8208.572506896191
-708.5388459590922 3507.326776161708
9124.681387532346 8761.375504077256
5028.015103408567 4896.596676595505
7551.652549177485 9634.912952665927
-979.6673835708989 -5405.524475973153
4991.056643623555 -3690.966311972439
-6977.678513848143 -8184.094670835798
-8863.28882065801 -3571.80663714203
1676.9487752819077 -5550.021306717284
-7431.855177922973 -3228.300456879374
-1346.3538945548953 -5999.2806005013335
8678.781968224506 605.5798305552689
-1871.4760635521488 9110.567522345162
-9483.188124220727 7361.357455749454
-2525.292662736285 4046.5788574545786
5251.771408236289 4820.571211672979
7752.748273075351 -5591.757185843191
6264.99919050929 8925.272247086861
7438.748248937169 1319.7437881862588
-5727.71226145937 4401.149888933249
1800.463370510257 -2501.61580077239
8422.220328031388 -9428.668649281464
-4570.675313220607 -6155.198583493511
7973.825350180443 1055.321640362501
8658.971889276305 3579.51292249148
-5057.656640122838 3488.9385151934857
9948.540042920147 -7545.763666262868
6012.057112586881 -4032.4764247718385
-4218.393512998888 -1804.6738111497398
8050.292146944321 606.0934762669403
7229.356647824439 90.58915173199603
5716.849536409667 -8573.471639044921
8049.184108725658 509.63458782722773
-8051.711628359901 3723.273938699911
3037.5992063548347 4151.8279891897455
2506.636027694838 -4874.535305582537
7328.969445355338 7944.824357491707
-5682.742604104385 4764.755355471763
7429.283353107538 4770.556673833866
-6019.234020428798 6274.585370390421
2996.7729246325234 -2425.530399422313
-2370.9702644430263 -7212.021265206105
4728.892642492507 -3082.311911109048
6205.4597410648 7667.401857475645
8187.811355725382 -5339.279167682027
-8715.046971159178 3391.610158419553
5994.223489231845 9221.203418200483
5708.987954260698 -7159.186394958548
1541.9472040814308 3727.092141696123
596.5497166271925 -7837.101781675628
6233.431358524722 7390.624377282849
5701.709918791385 2469.8565049214176
-791.0542064885722 2557.2746867422393
-6376.162452548446 -1195.0318621305742
3639.8981685878643 -4862.174407801865
36.58604760407252 9137.697688330503
6879.358514536594 4510.602232841929
-8113.057090437544 -6415.330039607683
3110.5457111580145 -9515.194876185931
3425.7965397887037 -5378.505921802878
6606.674167185502 -455.2102508380467
-4033.3718737797317 2741.6110776762034
-8686.77675169594 349.0502830936166
1429.0856557557381 8834.751861148077
-1813.652141621953 9336.571815243176
2009.363759684602 -5501.007879630018
-4431.208442062173 1297.1079433355844
-1270.5367264892902 4566.799978008097
-142.6547392538705 -3109.129355450559
-9847.438155340444 -7683.1221760858925
3813.5263709648043 -643.0000777542391
-788.1179317667084 7160.008985597975
-1908.181343425792 -3970.890400824709
-9114.39547608855 7028.520550940695
7907.476138450827 6780.094874946102
-3639.47994324304 3265.381948749755
1238.5416958616806 -8852.696358371079
362.28564595586795 4500.370914923022
-2445.6152962177957 -1356.925262397839
-2509.7115117153116 -2182.8657388033744
-3214.266849729799 2634.55377376417
680.2945821223184 -9543.611433316839
-2901.185734769915 -2819.391496119303
-9671.801451772937 -6633.102154058959
-2991.113689843405 -1657.4399295342428
6143.3668264390435 -892.7092822233699
2466.0927639533456 -3260.6335434654784
5460.201045045425 -9081.835005368961
2769.235051512602 -3503.2087639907213
1521.7242281470208 -2774.647494555875
510.7036484921264 7243.997918127741
-6840.865813885897 -3598.3943425795233
228.47903146495446 -9560.073964241767
3326.4325495294997 305.39245181247134
-1961.2472693892814 -934.3061287189339
-1890.60445036467 1931.874783947731
-9754.604984156509 -9401.802770449425
113.29815578483067 2452.5626354644955
-7229.870065469581 -2816.033695864495
543.9723155396441 -4013.458410242394
-4780.044245610473 4061.25827682027
-7168.067725312967 6637.570420560631
3505.99126667939 -2467.7371998065546
-2690.554584629519 1647.7622661841579
-6849.4146557368385 -2833.7955171123476
1235.6062718895482 6959.958365177728
1767.1944542194615 3418.0442049219364
1374.6000249580593 7047.320706450242
-6329.826161473773 -8523.6354648727
7367.523250372793 -439.93576333530655
-7830.70147069588 4907.953276008739
3298.2647654038083 -2844.3342304527805
-4173.524877123637 8545.496035598182
-7860.872219236788 3820.2882027152555
-6200.231891103454 9068.689781692126
3172.0026484488626 1055.5647372674484
-7627.480689029173 3858.0061942511875
6016.086372593456 496.2931492710104
-137.00511772384925 -6045.768572050833
6553.2798570382 -6158.9965768960365
-9667.34749425539 -4664.179290525596
-172.44561624472772 -1581.2427036603985
-2141.230543529704 4230.010267510592
2904.743294769347 -2718.0466665520144
2609.8436707233413 -3197.4692082236797
6714.362425249572 6406.313854526314
-2440.177222737845 -8675.316475547896
-9944.779968972969 8395.635296717446
-9600.128094229593 -8204.56236792302
-8768.259210294085 -7969.705639833491
-945.9328532324726 6000.112212620605
-6801.926699217042 -9935.09959211806
1178.0235894675388 8116.125015465426
6622.2139176945275 -6128.096869711788
-1882.8402194780838 -3769.8205219006286
-8057.461532336658 2844.355170819932
-7976.072863305368 -1489.8189789789158
6274.280301059334 -1087.5490508136227
-8818.990164637682 8279.073815888012
-6066.340546839752 2094.8569013800407
-6949.856342262799 -2133.3045147560133
382.51445665502797 1697.2666361530592
7163.863026915918 -6130.343574985733
-1443.5442538881343 9587.002846315117
-9299.85351710641 -7671.844191180823
-6175.295567434308 6913.919523528224
-1572.4216395191252 -8667.4548461776
-760.0572694979928 -6285.762856189956
-4318.693204170896 701.3729996665916
6271.660139083548 2025.3704515340924
8127.732137192608 -6373.467339472443
-2123.3709617954146 -2543.796001844874
5298.516700521468 -6439.947663636831
545.3084997227033 -8401.319416232505
-3777.835793704323 1120.970793745997
9873.119774199484 -1767.0304448417446
-5045.930203734685 429.6439721554816
-9759.292116674147 9969.900567196317
-8596.399119643444 2030.7407552415152
3347.4455955952744 8790.73503939491
-1420.571351570743 445.0900988238973
2627.6018358523397 -6114.229020337774
1221.972911504463 8394.437920354132
988.7481311129268 -6740.324886216768
2764.5011665841575 -3127.8979465344655
-2152.8618345937757 1762.8460089113432
-2337.9455481262994 486.39192143261425
-1905.0581286224524 -2475.4880473572903
4350.050360312931 882.5844344918951
-9580.617511198945 -8795.317815997318
442.0525722055736 -2446.8483852049912
-4696.021006641185 -1951.5322195911813
6248.867083912755 -5025.16709561407
4077.242905488478 -8582.296045895539
5298.767450330408 -2234.9410361941937
9534.346935061902 -1708.796464058527
-8738.676465222565 -8570.86071419674
-4057.5613675623144 -7833.62175022674
9524.94758808137 -4726.468227160878
-8349.587184154254 6861.382391286188
-1349.0594560620848 6189.414088273468
-8940.863730661458 -4091.682280658366
-7975.527761698809 7264.689884541
4368.253012132382 -3455.5272116284996
-6754.4140234861725 -6438.534712507427
-6699.127926410911 4749.943732427842
-9849.024285261323 8899.93806963765
-1082.4190591971346 8346.425103141632
1829.935641426333 -7881.451588154231
3666.3953883343875 -1136.6698157022165
595.5482996935225 -965.8569470766124
-6024.5926632699875 9693.838835782091
-3405.1819485613287 -2795.1799473709607
1980.049665866365 8004.852189547102
-3410.867852503374 4602.017159616971
5387.051888196336 931.2516053165673
-9590.931974624611 427.316260108033
-6987.678985754677 2776.2688944721194
-1314.7609989309967 -3436.652633175303
190.1329170551926 9256.16878438379
-6320.484012983743 1527.078256128023
3036.1783090449007 -2731.138334622964
1388.6181034244328 -4702.321779014654
-6542.836644884908 -5767.532712353127
7564.7372074578125 3020.0581012842413
-2165.1736955807246 -268.746247057883
2895.492031650674 8339.090833302453
-8527.628194010273 -5977.211077623264
-6691.813197642733 2998.4215319600025
-1823.4954229204468 -7098.462690739669
-9789.005949359229 8341.689543282839
9758.378583021415 6480.555473557644
2456.339813468494 6482.87777402125
-6228.052372098018 -9355.669271576717
-3090.5754349023227 4166.429074655336
-531.6477819569536 4242.226743509276
-2272.526936267478 716.6581678349448
1730.1403158594658 2533.3947204612996
-4197.0428621601295 2979.9037575666352
659.2669438546909 7960.428502966977
-703.2997822831803 4791.772070295403
527.9849920803244 3020.42845039082
-6215.584919801738 6255.723445689488
5961.887092214774 6818.573510765575
-3737.102518276163 8998.162911607298
-4490.486534355553 6830.6725130461855
1109.7459532882149 7569.10559975572
3163.11098016255 467.603900172895
8063.133312514074 4286.38676303331
-3069.7369998585546 -2774.057093330389
-7614.181288762718 5075.300566556994
-9783.712737538466 1525.4746617512628
5600.237333789941 7234.446575156413
-3437.5575309448122 -1224.2755849358382
1529.167397885407 6562.485634401917
1195.1385581548384 2780.007861897686
6849.127044792109 -9090.604050797108
-6123.482147222699 -8723.057356099662
-2038.6919348108704 9969.739678665977
6706.91024640523 -1764.2574576525894
6707.51932451595 -2985.6524618730473
7814.835605721837 6463.043568015935
-3693.7485162579287 7260.739193829333
-2719.6223995169057 -7854.600043986515
5856.6526174687515 9711.506049479249
-4827.087370691163 -5856.994651270624
-3144.1603452522822 4543.783502325463
3244.3263238546006 -4833.403017937454
8397.642781161809 -3488.1508251572413
1604.0183828347672 9410.906360623034
-931.471753178068 -3671.2099143927544
9612.139508221531 -8215.573965505106
3029.0995243392954 6622.0875937291785
-3737.3276454321094 -2433.3259621948655
-4632.756884027114 -3188.1263607936435
9488.113677057328 8140.529687769125
7531.6268631729545 2139.521863289776
6102.682276074989 -1611.3577956029876
-2498.068308968751 -3921.860782631841
4511.124566527049 -5590.704960738095
1324.834673436013 2485.4286828382337
-9154.651760731613 -3601.461331966282
-7257.561276017106 -5886.687245207323
5851.276781229857 861.7920087896655
-4137.5174692887385 7467.591513318872
4633.460036330682 8759.530294089913
-7832.671471418549 -9485.163202133535
-5724.847536777877 -8241.919554028838
-2368.6133580630167 9362.615044263552
-4613.294717586047 7447.948084477088
-1685.7217106902408 -7206.950184467225
2795.2908765855736 6208.511288738957
3519.708527148223 9408.630292731905
-2125.8743749511996 -2660.6800742411106
4457.670673543664 -8846.916670315879
-9580.479546502082 144.64679279041047
-6679.744192317687 -900.9649578152712
1519.2333847535774 -3150.6621482326327
2779.0086898594345 -7351.907894019187
515.770584710348 8540.42731046041
9134.415398833851 -8332.12463729618
-1046.5789866039813 -7229.624584473722
3695.7746178389953 -7405.548206008836
2307.9842533545307 -7975.797662762587
-3557.651281830028 -5842.489612689273
6333.287486714922 5944.193191535249
-6385.63465995424 6139.540598661446
-981.2362876332463 -2977.7396920492147
6605.070548595606 -4540.828996819128
-8562.495966223903 9411.446960139601
3372.7227722813877 7872.736540790687
-8825.636103047585 3574.4747118394844
5564.03803813579 -9282.950582900925
-9441.15176284655 5678.628697424205
4638.286805413127 -7629.7487901448985
8587.670391738568 -37.303610829994795
-1496.1274813940836 7486.535171336218
207.02547934233735 -5256.934199796168
-3473.1053297115614 -6435.573052502681
9534.776197002851 8292.513005880726
5243.845840543438 4037.22845981689
-5362.089207490446 9516.597791700755
9708.255480131036 5828.121494269017
-9359.211995849604 -9830.995772183876
6123.745412910055 -4808.647271742908
5224.828149936166 288.5653252135653
263.61775245902936 -5335.193707115935
-4009.5105131393984 6607.115230155658
3149.75456232109 6088.19517296772
2687.4977230601526 -5131.274782061714
-9438.736417697548 9895.00113946632
-1020.5221360511314 -8682.725767619784
6165.963145369087 -734.8069013106815
8194.27305985822 6050.726183234236
-584.5531782739872 -770.3254947070345
-4578.592650158619 1506.8795256015273
-1182.8583984686757 5446.300561606702
4353.294983183503 3036.7651029717417
8794.405212144084 5121.228197204082
-8573.039333908793 -4661.719062460652
4068.3959134256893 -6571.748083195565
2108.1875920655566 8464.047332383252
-656.9318542295005 -7217.301489600094
-5429.826859874592 -9816.119543086177
-5952.6625930374275 -544.6479230481782
4553.916757090063 7673.684439111676
-8013.910444344665 2265.790902668763
1857.7357800579503 818.9747273636222
-6025.618569109725 1473.4179990938028
-6311.555907543152 1862.641096960142
-2123.1749225461454 2488.38347301101
3016.9022987928493 1692.971434226225
-5053.188320497868 8653.49360674417
-8884.207823526333 1759.370347489852
3957.88372743784 -9897.887451588387
2617.624241078229 2419.5943966755203
-4657.776547055206 1575.9669854943331
8716.15623825855 3463.752377237317
6398.874879022216 1090.6740225989943
9544.539335747297 -9373.288078249456
-4393.017828138908 3465.7113142758863
-9701.322364626705 -6908.036046242927
9176.978547143037 7989.463436297578
7334.438567911435 1306.4066600375409
-3804.687324018978 7868.87822147867
-9747.492067338375 -8133.092771682144
-9934.035915903536 617.1760748478464
3894.837540376293 -3194.0825037743407
-6575.35048608175 -6838.03690908839
211.7948512570547 -1705.1822531106536
1299.2779946058254 -6790.002327706479
4119.275681895002 6600.07126726368
-6987.126560459577 -716.2237777856153
-249.7997284175308 9068.680526259086
-2827.1667247046244 5849.005954728464
-6085.032767598177 985.83826860509
6063.05582850881 7080.933261231206
-7879.406072729684 5339.078060230157
5853.116665001087 -6928.5874310784275
9158.43635452534 -2160.371105765884
-2738.6618324934716 5657.5001460592175
-8944.471049488184 -4006.906996736794
7656.246062085509 -2443.735712092228
8094.746741467858 6577.960453576816
53.57116097145081 -1880.5879062411204
9644.140670589957 -5418.1053880802365
7063.59941257018 -8224.763831192739
-9304.030753578978 -1537.8829755805054
-1433.6589451120271 1104.2936778002095
7301.083021743321 -8462.369053587605
-9260.359678293122 -4500.865786543462
-6505.50284145375 -2612.568466049852
1038.001314954363 -1512.6979455703367
-4156.870492010829 8320.25248535159
8817.567504254126 2050.7382699624704
-6593.15941925056 -9702.192288361233
-5474.656631844053 -5346.3758866782255
-9310.928888542132 5134.892583261939
1718.408408696927 -8805.39444301644
-936.4730313629098 1366.1145333393197
-4348.476796043581 -2271.7541145899104
-1801.479044468355 -1139.5700230772563
-230.81035589414387 -8445.534600161993
-6839.27338010363 -918.92726251983
-2839.122008827706 8153.624536226656
-4834.7292246730885 -7170.142272975726
7885.799627490316 448.8227290221221
-5650.764611107402 -9618.737990587779
-4953.755112617171 -6994.116487181222
1480.8034933833897 5103.082460090311
-7413.822280530242 -5964.596536563866
-7823.567031308085 976.8724380951026
6014.423200486259 -8559.839572485736
-8016.394984051678 6872.783512564634
-6400.551604638451 5655.05977593571
-6403.154113941309 5999.821241598422
-9944.611049989266 1655.7295877083307
-1490.1161309441686 7643.94913648954
7336.628013986734 -4734.2365538769245
4566.939661111575 122.87043553903277
-2119.1010355226636 4771.522943490585
-1838.659551314874 8827.725180126934
-5511.471457254705 -2142.68382415626
-4760.237726358006 1288.3570531997575
7998.102354108651 6002.680153970343
8805.596143325358 -7609.811812456393
9016.485354227247 3737.3915122459894
2275.068901208575 7187.172038485303
3183.7885975648405 -1471.2545653574398
-2175.0849864774427 -3803.318242221625
-9198.469974355872 8579.543959391718
6780.548431883624 8628.60612598345
1124.892317174883 444.14203566431024
-4871.157259137255 -7307.668465120216
9217.636299428526 -3876.1942652713888
-8600.220816432247 8941.68973957884
-1009.1128894112626 181.54663274403902
6446.385547188656 -7440.634102485388
9894.664159599703 1420.4943834484784
5062.537461992553 3548.6537175493577
-3296.3152119721426 -9201.212225009032
7913.355137608742 -8.1293165537827
1936.6237747436571 7507.859008610711
8913.085048222976 -1148.8682138836666
8670.672234048161 -1480.1023250273374
7970.504901293189 -8771.400495846712
7860.890073658498 -6585.808838723701
1932.0605888838127 -5430.265877424052
-1253.4916475310129 -4079.0646241479453
7588.082082511202 -7015.536038425529
3523.9871713161556 -3624.978258967928
9767.599638817395 -1322.384834842689
-1810.6984585352357 -4848.785991881031
-5167.578695084121 2421.3347099810726
299.5696859009713 -3843.9696018145523
5291.305796199544 9068.658603235195
-8623.195090377416 1580.552703984893
-5209.796881550417 -4701.230818698627
6774.229254284455 -5627.7042084449195
-5605.294720586958 1100.907920449361
-951.7644761408046 -6736.825591938107
866.0039949575184 -6054.700251880631
-7773.255206965037 6694.503805406155
5541.798295997425 5155.866169416528
-6162.635712267813 -3391.111817200527
-1531.2360249202484 -8309.09872808463
-843.5929525042757 -9167.250618975264
6593.3462584968 3354.290221343026
7862.482890050509 -6347.8386969422045
-2897.207716966701 -4598.732510565497
-2873.9597026332794 -1811.453168694321
-2581.4943356728627 -430.89787385704585
-2861.1167535518425 1309.7255497439128
-8121.057970762242 -7245.483474144947
-4814.653156059374 2065.679376465372
-8190.552454526852 1876.0462536369268
-7420.526095768716 8017.3288083423395
461.57327431478006 -4099.046055438595
-4859.805385769043 330.5124550085711
7214.57226205484 1582.7164905639565
-7650.849495265775 -1863.7365817436776
6466.932743194233 -1853.4811624000504
-7066.514720940045 -4587.605455485202
5805.96018470168 -2023.4239454945155
-4661.4419644717955 -479.7040611521679
5328.577956519281 5300.535257146628
403.21025633409954 -465.22980461472616
-4603.3276388888435 2932.5949445121696
522.8558572421098 -5366.379609638865
-6354.538299880621 8328.39464107607
4683.336019888331 -1932.3693487565151
3723.529045742649 4521.136381217526
1971.1242804203703 610.4636589314414
8028.311305265968 8949.796748367433
7513.133386695852 8891.929590351021
4610.99464214977 -6243.293025572183
-5727.975279741351 8646.96497485186
4459.923279839861 -5176.829861923074
-8279.42016513923 666.583550278945
-468.21274885267485 3628.2048021929295
8141.349671444936 -1884.0437838507396
-5815.00132658324 5956.901048716647
7145.4577208291375 -2111.311406490173
3079.8459936759864 -5448.715241292423
977.0782562370823 5795.269566002187
-2854.8562602866023 -1012.00664910259
-6732.2209126366 5637.57203115262
5871.27385452604 5383.468649525041
-7872.429541239502 -4399.809813656848
-1025.337677517955 968.7841087384713
807.1517350770828 -8106.69206877507
-6611.114807530261 -5857.375393160771
-2361.4828602384596 -789.3080899274883
2572.7664654468645 9302.343532377941
-441.27813156522825 -9679.677767769395
4285.980282323608 -2430.5607199963106
4244.279391835238 2984.0657166108467
-9732.177715361753 -532.8231464590208
4731.312608374152 -8593.291411105036
-3335.0226244052637 3674.512291426603
7369.2326902350105 1543.5791422286948
-2410.7318164569415 7171.863910045355
-946.6154072531754 -5150.118186133099
-4153.482358313345 -3589.3091004192574
2904.7486542250663 3433.783691449491
4662.820214252821 -3419.7512442049365
-7087.555635765981 1079.1964497494682
2144.677499632351 -3388.722809511997
7527.4389637914865 -766.9024768830859
-3755.4053385180678 -8752.182086637844
9793.524531759678 4806.151821838592
2163.90951378285 8334.726484475621
7324.276216267506 7514.28926910759
6409.770550253379 9409.879436695916
9282.361554068695 -1507.1899371498512
-7866.665408498358 4756.467044389452
-509.76570190580605 -956.5128699634643
8911.4223031357 -9737.824112370126
4898.895280504421 -1370.9484107409953
6794.014553908757 -7251.535608578577
-3135.943351227357 4608.338360878177
-774.8641399029111 2874.5545695966975
-973.2831572888372 -7290.705330458213
-7645.174417449398 287.1512250282012
-9932.213501433009 -3134.057156184478
-704.9512313384184 -5621.6806694636825
2204.0870951449506 9799.302520865716
7032.565934376118 -4169.644955216733
7015.681017071118 1601.1901825770929
996.9259183055401 -932.1140626971446
9042.155029338915 2583.7023393411546
-2308.0903637897236 -6196.155082325691
-5441.860867138442 -1213.8817958787222
9333.903231140685 -4942.624682666292
8035.994038469711 -6215.158362468954
6100.843872442196 5338.119206886897
-7973.74353231241 -1169.0748668516462
-8619.476351191093 132.75638808508484
7534.0906725778295 4843.612105787866
3317.209972757557 -1603.935204705329
-8557.350784638373 4417.254964427608
1990.6853596713427 3440.175899241289
5131.902419883745 9752.854599193855
-4278.031720725979 -3567.888145128846
4164.154597348004 -6695.613936754418
2285.1353979020096 -5348.908670461303
-7244.887252946654 1933.982172197715
-8785.177851894663 9723.502625302921
-1277.9537020538028 2498.9399857654753
-8065.87337858242 -2755.1612502178677
-5301.790082367366 7047.438786037066
-912.1832546471142 -1485.6884849473608
-374.617207132198 -821.2530428969203
1250.8665808935639 -2450.746368954453
884.0114140058722 -372.3787766917285
2092.5426771439306 -7887.172313417234
1893.1155002091873 8761.482763735039
-5888.619391864731 6179.976360623074
2609.7630152944766 6432.889136341939
4216.569799470084 -6917.0636040928985
1080.581969188148 -4491.294697593784
-2283.579830748801 -6480.936128010546
3045.431823353523 4401.288230548285
2684.7288794814776 670.1148675409804
3566.008800472251 -3944.0791096520497
211.03240339794138 5873.529763604323
-250.17517751949345 6102.609870262944
-2299.119985953169 -7397.319981901429
6862.6481723627585 -8740.702894920138
2177.4241277183664 -6045.5533192168
1470.1527120280625 -9422.58416645229
-1554.2233144501897 9408.895017922954
4722.177882068199 6749.651215525748
-6983.261237560363 -9682.775158192268
6490.665680152142 2453.649268302608
8846.664509743474 -9609.420694433536
-3205.0197173304487 -2415.6578514129333
8235.37900971798 -2596.299070467092
-5204.010350427597 7231.458638992837
1634.2290690628306 -4606.168422295682
7612.936134487296 -2612.316122966303
8651.49001490643 -7173.343554929812
-8685.220916248129 -4373.139068246601
-5797.474819305204 -8482.499018432476
4660.35068860319 -2629.4889959239053
7537.236588890544 3537.3948274210907
2509.323378034538 -5135.133116138597
4787.507804258408 8900.024228116697
-9701.359280321974 5619.521434024266
-3287.5025841930383 5516.99688267501
-6423.27871497979 9812.692270164735
-7520.207382942132 -5274.741958410047
7310.4044451782465 2047.0154305035849
7605.596562756407 -9368.113044110352
-1472.7466048305232 1843.6856120492448
9587.268994958638 -412.0677367613407
2828.503495187486 9391.665041341206
8296.705795650323 7294.327154093666
405.5785958123015 -1677.4079798035855
-136.80612611594916 -4640.653978661487
415.77872090428536 5660.927976186655
2559.533994489313 6568.471010448655
3920.3751418214833 -9397.221678692744
1115.3849086458504 8693.93094418522
-4938.9750173114535 8405.743343247457
1916.9328508758426 -9637.403270769353
7748.057178507723 3426.049163822334
-4287.852486417753 -682.6885722456354
-9143.147482789145 6218.122288122087
6726.047807046314 3348.1476763779774
8776.184816800127 3615.6743354305745
-2499.4498215965887 -2763.5163004393416
6125.055107184009 -2157.731890109553
-2691.3707368781006 -4753.794529327835
-4447.800057626577 953.252666059936
8652.682494706296 -1987.2627171031554
-4244.883025432356 4289.842920757725
1142.1388233160615 5122.018720938566
-6796.893396156281 -869.9563730097252
4955.514011849087 237.94701048667412
5521.476087527888 4350.0137852841
7127.2687370420535 4328.212615321945
7091.725926519928 -336.62126225195243
-6940.018049852175 -5645.141255302535
-1854.8264331312312 8884.895554507708
2947.506176414454 -262.6923765698775
-2524.8533679930897 6668.795365317299
8204.934681770614 -3038.004685781055
-4134.486710283396 -5698.977414064652
-3463.6411330397677 3904.1681960640344
2430.997682880323 5378.500705989818
5931.551407699713 9743.803291156415
9287.35496867478 587.4658196502332
7667.875352161242 3799.0071901300325
-8682.829459771441 -7703.1984691568705
6303.864196078948 7166.6738239675105
7269.669125566928 4311.23261691769
686.0801339338814 4751.573310952041
-3969.389450263976 -116.8747824489019
-5848.986311835673 2081.453232807442
7620.9735126955675 1960.5603181085135
-5611.05241806376 -8752.85374350191
-7669.1922246762515 3653.245446785553
3846.8516731850796 3373.075241607412
-6632.71717199869 4026.7372010304916
-9917.452480204478 -8785.038955713933
8493.609925265406 4589.354924225889
2142.5279478091525 4797.936960950428
4358.191426061327 5215.0753565445975
3820.974609228737 -4550.310963296296
3560.9800902025636 4749.594185098309
7567.676598671249 9149.64110833771
-1023.2849401407166 1175.6585827318486
-6152.300046420955 8806.60504312317
2452.331027685581 -1032.3272672143994
9915.832716158198 -3106.259860033496
5718.519550904102 7144.48877140605
-746.0404250618358 -5188.946141557851
203.05319923428033 -9466.800235932282
-1670.2965304052177 -6587.911163629885
9406.157505246578 -1114.3411943783358
-9130.189413214946 322.85411009356176
-7404.134536675809 3743.354623057976
-8498.084835706653 -6002.550490297219
1803.9399298899298 1325.177081099684
403.48059415890566 -8103.742607484079
-4549.384087906203 -8783.4793561055
8506.866320086323 -9261.037217480454
-8600.93240756644 -4732.934439255261
-1155.373012806458 476.08729909290923
-161.8491226692022 -1141.4959694101872
3779.306454654052 -9560.887540385493
-7885.350574519005 -2417.6412896495813
147.1440279950566 -3929.3127915981495
-4516.115191060701 -3628.0294761934992
-5244.7277496051465 -2297.188401129275
-4279.772694778346 -4738.371944113284
-8792.868434530854 -957.7008003944338
-373.31139558887116 6199.714499416134
-4309.00234109427 2339.2295110000377
-2294.5632591084777 -1278.3407365682724
-5848.343427442559 -344.50255960246795
-6401.269566392371 8792.393993667461
-3824.566652888934 -4783.009480583602
-8617.571086001499 4756.898584526074
-8046.0695698023765 2524.307810066466
-5608.117385938347 7091.354495459604
7851.987121724505 1713.3667433183837
9982.67511035567 4526.307041906319
-6609.472957009461 -2401.371988618089
-6523.667991626822 -1882.8376654406238
7865.124759394832 6898.087539585798
1513.783305144947 -3033.765122940955
-1643.7333519599633 4330.585745319768
137.00675385019713 4554.480192013152
-7452.55369351187 -8407.60393779525
6141.947198996277 -6980.051772947358
9552.391445030047 661.4496493642382
-8406.544843159416 4223.899750139579
-137.13479408344574 3443.9742337214993
-9134.34387579959 1074.4314299360576
1563.6565679001342 -6530.279112349673
-2831.2052226870055 331.36952178319734
4121.516788859995 -7841.640118082962
1246.2901423539006 8995.089326569385
3339.9623771723473 -7878.963664050938
8773.356360261605 385.82944894816137
-8517.978150336688 3027.4846377716476
-5038.774972735978 3148.974299280082
-4901.846469558317 -8239.503204366767
-5031.344012311203 -3324.314606891039
9756.72603030254 7895.957987039059
6945.069815284569 9807.165544453477
5659.605892699688 -2011.9406247355446
877.3083358232361 6194.7489653972425
-8964.455243983775 -2294.2848063481033
884.6671303398925 9316.920700091425
1239.2349396422087 9557.602854579403
1204.5169445248557 -7091.739231211179
-9355.965402493002 5759.665067102409
6833.476134587443 -1565.7677571690274
1701.5394140618428 740.3085967830812
-1363.242487221969 249.6295040357163
-9048.679049678967 -4155.047837223691
9710.966076802044 1207.4044541201529
5299.315527603803 9992.965674915358
4883.286997980631 6738.5090347808655
3543.5018637293088 -5643.53284779038
-1547.3541971381874 -6197.71618292245
7910.658895252847 6571.8375627922505
6626.098556243756 2610.8370719152354
8278.156568613787 -9438.776620486644
-9423.651591266205 -6340.2352467911105
7789.884875470005 -8267.292152026752
3643.9483958872624 -9648.538106048281
-7264.4171419808545 -5855.771576447264
-8069.591231696906 8376.193576729322
-8152.011771362939 -3842.26617640572
-8623.91990522442 -2980.0167033270727
582.3845683042309 4176.475387648365
-3610.658655473846 4697.30166537291
4478.269637483632 249.73152599376408
5191.272602690531 -8739.570728555886
2363.0444904247506 8645.67781900282
-4737.338768341559 3016.2834238690593
4942.754025468414 8934.515263518395
8627.832263979184 2885.3977346921456
7235.09337945691 -1309.6259772986105
-8817.541033718997 7766.656446466692
4335.022107313247 -2388.0757068555013
-7129.838510827169 7925.285552999856
-836.4882670019633 6678.025417548459
-3764.637332855398 9100.51543137239
-1864.9131868158574 -9103.850591499639
-272.4802085448755 7033.228076840573
6089.985884401573 2267.732761437308
-895.4889944338265 -3757.1840876211972
-4628.068300618766 785.9955231924287
5380.6123498728375 -9863.619184866264
-4407.3632469458325 5598.19981089809
-9012.8426956372 7912.308450257842
-9590.65507581734 -4094.2996854102075
7161.621070109286 5224.161546263171
-4448.140066012283 1741.5630271152222
5053.537952812747 -9800.256893070682
8370.663964553427 -1543.0685480868415
633.3101754699674 -5835.921611737125
3337.8893595578847 5563.715253931319
9212.621412315228 -2706.0183167083605
218.06599346880284 -9477.40307209094
-767.1699094144296 3435.7753858453507
-7964.284980156666 -8868.24803609314
-3049.630340866065 -4553.37005586697
8502.022222807078 -3636.920455938586
-6254.158929342481 2673.9129413386327
7222.980832577177 4809.1577161515015
6006.134746395332 -4434.177606373298
9796.54204185294 -7654.467696204648
-6123.414147819241 8910.509729823902
-7183.5168345132215 6179.363955193641
-347.18914216740086 4829.780318490324
4835.836134213976 1146.855747403417
-820.4652848800415 -592.6215242873604
9502.90340342245 5938.300413964085
-9653.621606473853 -7289.224486698409
-7631.981408261295 -8129.020172954044
-8381.773578979019 969.2671808823579
-5730.614324580379 -5103.433667222727
-9489.549523646392 -8199.887790588406
7741.474078994765 -7278.921342875291
7016.931248254357 8628.341310853768
-5450.3971801702055 3231.844204420702
221.45827038857533 -1175.2351626457785
-7760.4802473495765 7867.341185416375
7670.7648042791225 -8409.366420698807
-4499.084406811231 -5867.816699682651
6560.095781762258 6246.289061576443
4178.9797936794275 -4849.074028746574
3379.8694483921263 9335.072250463138
3928.269840085206 970.7797111851796
-5605.351536713263 -167.36656441345804
7788.300915627842 6264.717304686161
-6826.704865904951 5755.730543987293
-2629.5584529188345 2152.870769427038
-6638.167597169924 2593.4749277979845
880.8369886640885 -3948.480653424871
4988.2038061132625 -5762.090299095433
-8135.739360132195 -7224.621217686323
-9189.23292436254 -9530.290608543732
7338.921158872836 -7439.697903719171
-4429.981120602551 -8441.313476650781
6902.441775136162 -2760.081186050671
5475.708589600266 -9832.287668688969
5424.356135711396 4501.130949516641
-2140.853233637159 3502.547632474294
-8899.360573710539 -8040.19380985936
1643.1701289574848 -5470.997916497924
7930.9444543563295 7739.403636809868
8129.898387196263 -9917.26336218046
-2910.6398661631047 -7698.321684853191
8579.045945606977 -4174.0701489701505
-4805.314041408186 -2529.983082594669
-9852.768778013497 3258.9425720571726
-853.6506313930695 2902.3621530949567
-5018.622922594877 2374.016641338505
6977.265056025561 -2287.9091576301325
-1393.0626936891404 -4958.054795451938
-7914.913674345144 -4498.386861090542
-6775.628582658022 8851.56974402077
4238.453650179357 4764.875196906411
9124.905626648753 -1124.1465147507515
-5084.996350032116 3431.3439075290607
-6840.68592220358 -4282.803738024714
-3186.942483353605 6265.46221034566
7041.081188011438 -7811.445032420452
7789.062878645051 6901.975907829492
-9762.020071299736 -1884.155305102051
-1991.9746776600841 2488.929100742762
-7696.254515131604 -6998.998416063593
-4245.692779984782 8226.534823222777
-2275.8108288009926 9663.992237449529
-7864.648219684323 1531.5421421391911
2699.7467572355254 8485.961096364943
-2178.9821649895266 1123.1116894800489
-2240.8835154662347 -8495.38420547315
5996.3948842508 5017.634943569597
2696.2974614367577 -1633.1447252644011
4866.09986061814 3236.321509596817
-8954.011799767333 2022.5532001088868
333.23379767831466 5970.801419558957
-9840.02446695718 1047.3098035945113
-5113.680874677633 6018.382001305454
9919.787131044624 7610.899049604446
2262.6961337450794 5490.014800085179
-1781.4571518147131 -4637.956622457551
-882.9769020725962 1110.430418973996
4567.59578341345 -120.95553660666883
4708.670620767909 -128.69652600217705
-5468.787158610328 -4160.279460728462
-2468.042368057965 7364.718519854636
-2834.806144365074 9692.994909686491
3848.3411909246133 -5184.385763633983
5232.990669903693 4368.389610639482
7239.81826232369 7648.292738573284
3695.5447738083476 -6561.410737523068
-9412.04046956395 8363.47361717853
-4181.290312974204 6154.136678409912
-7706.847763878348 9568.799788835197
8214.791489061867 -8101.75814525687
-2916.217259155682 9197.08754762397
6232.391041677152 2863.5747498643086
8425.241242132794 9263.034143969642
-668.6142916613117 7131.837110176017
4323.804623637359 1950.4946607339898
2427.551209803518 840.7982948561348
1230.583256283424 2388.852267092552
3663.976593676396 7752.398066556412
1785.9008303257488 -3831.597693253457
-8335.921238579504 -2710.5775614757977
1304.6089812803712 -8538.911927084884
-3956.313768489792 -2012.8438611201145
-4811.983460766456 554.32847758756
-6192.688125588846 -7689.660445566717
4858.246975908058 3672.077951688436
-8773.607010450702 -9085.354329470003
3346.0176461670853 9148.67529356098
5894.936259761778 -314.1906068847966
-6677.031666845231 -1662.5628611188677
6880.651403861517 -8731.550720507541
-9845.162740532594 -8922.639624110612
2237.3306880080054 -5699.484951256437
-9538.062629491313 8107.703658695456
-7383.131329365724 -1801.7805149379092
2708.5332712037525 511.6283309280461
-2683.0141089468216 -909.7962698640586
502.88771771269603 3086.4747867066326
4823.371302630238 3378.598300698386
-8425.108969811914 8479.670308822406
3752.617919655073 -591.4543181019963
-4191.646009391079 -8004.337756490964
-7925.024978740278 4856.6640037718425
-5759.810280211368 3170.67341539699
2593.606946149288 -2297.1761855959103
7598.879479443218 -471.5046140093673
879.6942755091222 2028.5293010542864
7739.759462676615 -9628.071612919462
8210.380655554465 6389.093795927991
-1755.1683206116813 4030.889816434177
-3470.790027923076 2135.711607033474
1489.95714321583 -9320.381351240101
-4953.626934383966 1817.4255264907642
-1357.558825727283 4651.809931008611
-1181.2781758214314 -6328.0930445258555
6337.180370036904 -4876.085156969261
-1502.82252810122 7217.861723425791
-810.3017655286803 -7896.744804187194
-2598.1899871521373 7090.788112294242
839.5486125872612 5849.003166144013
7182.522421334037 -2482.2866700870063
7877.72547116561 2170.4836218624405
-3454.067282792199 8205.451406632706
796.8749575121419 -6511.333616290171
8876.697009923952 3920.815704565088
-5986.744903523495 -3886.8886831095842
4054.1825684107534 -5329.857764090906
3044.5552834834416 7878.052865003407
-2636.9549797228874 1139.3761811654967
1087.8340490608098 -2902.299755752966
4118.928434709265 -9065.12055958532
-473.0036368191086 3742.2452073658114
-7521.840291892409 5169.032635304004
-2690.6161044532537 -3197.529168403721
-1127.0336625844757 2063.6020957359833
2666.211628193203 8002.2660247183085
-9388.600799593449 -5502.250972350183
-2688.2628717282887 -8665.247397224362
8403.806352245527 -8193.526925346454
8041.206552578566 339.1364949965555
7925.348502965626 -7360.823945729971
-6442.221293151302 -9398.190971519029
3996.7164645853863 -4683.048249054049
5393.7816457940735 3656.619727093812
3562.854785483698 -5118.90144760365
951.8161031522795 -9724.345015449704
-5627.84365734805 1904.2718358696839
-6023.6251382781775 6083.267373340068
-4893.740293237829 7139.593768734612
3176.8011838209386 492.4906455442142
9683.21409946965 8211.939848988652
3257.570967466472 1154.4022931642903
3554.4552992086883 9809.533910637278
-5727.966998680485 -9572.615343476813
-6961.3166710274245 7212.889767089124
5000.903403942246 -2185.3468392307595
-9916.616848159068 4502.04144101414
-6033.037109492429 -7115.179573058612
-5682.601595463146 3411.906819656553
7732.567092215897 -3118.3266245686573
-8144.388393350925 6559.543799334959
286.72632239751874 -1954.2560970130025
6039.453255311753 9645.957911800931
9613.678893494478 -4388.332829199279
9144.604896055633 -8760.968907783968
7945.031703733384 -9488.278553117763
6059.930400339732 5873.041196072338
-9267.301038681977 7007.345000012676
1039.3169991803952 6454.157624491545
6040.025954714101 8786.85079883297
-3149.23350108492 5340.192125041698
-9166.354329467553 5508.938096531523
-8005.265573549625 9966.804970364828
-6431.236969821341 -8661.964908754304
-3863.6255083510987 -1478.7407488534573
3495.7264513111477 -4291.109139729064
-3506.0125517710494 -6081.269382771726
-3724.098673946878 -1625.746794853023
-1351.345895880333 -9784.915427520711
2780.0075270457965 5730.86707838785
-5912.339317473247 4593.934335873355
-6647.7443106580085 3485.4494024333635
-6232.991447597056 -9805.291305436387
3358.753080013439 -8086.321949530406
-7924.072525148378 -9697.643972121758
7498.827440266512 -5718.333267798277
8808.999371371137 2798.2220467398274
143.05252230373844 6440.777121173192
-1900.8724886339241 -4724.456984652572
-3128.0647063882097 6173.049976008744
-7262.740857792207 5851.900155586554
-1575.6361372840402 4555.926752885562
9902.42148614115 2464.89977873269
-7574.920024383127 -1568.6584127718234
48.28733450476648 -5683.771730242815
-9454.398467135625 -6994.31929568743
-5459.861163591988 -6866.844723310776
9163.158121900648 6673.497730459043
-391.2394867190669 9045.461534297072
117.38578535403758 6349.291470879218
-5714.5504646244435 -3870.33631508308
4824.655421537123 -9091.951080765199
-1795.0266653943636 -3948.6705639130196
-204.91365139771733 2776.676761163795
1510.9850462237082 4740.17115474317
4507.444576550928 3284.828930719488
-6428.959760938973 6661.517754468565
-6367.720909704327 -3924.930380625333
9806.027654923331 4001.669643803616
-5246.188067529527 4688.697240698939
-3338.5175376348243 -6036.449999269189
26.247628999695735 5384.970619896443
-6404.100605031479 -3627.03658396851
-4389.66567410384 4317.882978889873
7933.826249076563 5924.695173013917
-3728.852993216833 9386.0361316458
-6470.825896991077 -1348.4273094210093
4178.240584545465 1387.5707304917178
-2593.168028681356 578.5266415301794
-9265.538488613705 -3446.4799648175967
9898.333834689904 8027.601676009075
8169.8689439310765 -6900.644859077321
3259.9852538515133 -6331.246820794511
-6327.625196124369 8125.899165024886
-8640.499518742825 165.19442629989862
-7013.140564506093 -1982.8065586499588
8739.875320859028 -5859.046639859673
2699.687569558684 -4575.695222499425
-8783.137226847652 7202.201731686666
-9164.303168316119 8990.47108003889
2139.0781057216573 7872.8359801215665
3929.892652462797 -1835.6154948740323
8537.426381912297 8558.687398266364
5396.231728916187 -5235.181333162482
9613.178428851843 -4966.353156263665
-5198.952489488944 -4598.777090700399
-3638.2886700877552 -7555.102125551778
-9441.193172209929 -5578.709501559456
-4398.451662172755 -8536.644251809877
-396.93815068480035 5747.942261083679
4276.021588044814 -9040.681637231088
6745.60958399847 -6215.456085170723
-9382.486320275551 9462.240283090101
-6277.977460663473 -1491.3890832020388
7611.910325816945 -3332.5568995543526
3331.8817165827004 -2059.366818202553
-8826.47146691399 -1618.504045040947
-2382.8103814227643 2366.0819612836585
538.4709093633319 -6448.117797871871
682.603319693404 -994.9507476536182
1606.9834599472197 -9594.500760481058
6546.279376077098 3265.389634572417
-4686.928103548175 224.4317051412345
-9679.717190430003 3281.6299797054435
-7427.724002959375 1916.3412985921368
7054.665189134059 8133.3284499922775
-5043.834323055352 8290.73412806257
-3260.5246297169388 6952.961852960547
-4035.2346767088347 5831.265968205074
-3755.8799928609224 -3925.1653781696905
-8384.205478779471 3758.1476892649007
9383.653828382943 -5557.098446663092
1042.2340092902978 -4696.367712060183
4836.72325732842 3686.805886454693
7887.419065661568 4377.455817604339
-1699.9407606410878 -1408.1554884050656
1509.487875570303 4178.025194340249
-9950.441401458966 -3870.0288606227314
3354.691656605508 -9190.960278755725
-8011.8459270291 6785.358184760898
8331.713438100101 -5409.8538776874875
9295.831109737173 599.4464191941715
-6383.193116563839 -5495.862846865971
957.3045353001471 2176.812150034586
8042.222626719209 7102.097451571626
-9271.979644412153 3834.595068384904
-5931.956175402771 -9808.182559298777
-4490.685532454133 -5855.372646544517
-8689.79559605718 -6236.299858333851
1638.7025352512446 308.8213003384644
5695.134274353284 5862.289808800744
-8738.557127156062 -2875.2312864457563
1534.111628750139 -509.5443385878734
734.6651601914891 2739.918727877157
5158.077285535914 8137.178192723142
925.5178253799659 1959.1059507684513
-1773.689905642128 2148.784254699258
5299.933609075928 -8438.398854504192
6420.0255044137775 5917.382699549204
-4141.215077451193 8900.27176023258
-5045.3904090707865 6739.168082859116
9263.341499268216 4996.840845877254
6191.867954261301 199.15361308455067
5902.106759723174 -3586.3642087781564
-3393.693544582421 -5932.187638916399
-6813.733243849203 -3626.3631544813516
-9542.86063687531 -7050.996981955797
-8978.861077603586 4917.023699871517
5740.359694669594 9297.465099024055
-7813.841385728475 -9676.157974680213
4342.869814512378 -7071.917826104889
3266.114323458134 -401.19325800292245
-7206.672985257212 768.00483776892
-7188.520929324302 -5494.330674206245
-7397.987285876028 1356.6424124576406
2565.852588682619 1454.9835730446084
9904.687759945646 4477.433268040102
-5116.311952268155 8490.506151762758
2973.066788495784 5309.211712987548
-5128.378003148 685.8822551942376
-6872.827908990275 -5386.10729836974
-678.1076414545714 -3545.3388504870427
9682.522211061609 -8268.89184389355
6166.483641604333 -8406.892732110178
2787.7271311918266 5529.330528771716
7965.787881280394 -4683.335088321074
-644.2476170403552 -33.081314987930455
-9144.262576186873 -6882.647779751258
-3235.2568649938476 -4454.5540183447765
6412.513992401473 -5039.244521645858
6601.978632863611 -4308.439946000469
-1945.9056738179052 4157.712449356519
-3552.8368931845052 7982.52986289508
5883.054284517155 -7812.831449429652
-8461.066911540693 -5865.440219543528
4285.205754732486 7813.10941121506
-9858.896754681848 9801.832708170536
5133.797701453021 5029.858963305465
-3477.1588276082684 5488.1693610033635
6109.168587413969 3686.466263755612
3689.6068961015317 -6747.914100080155
-1571.1042446369502 -917.718470198417
4349.35568082658 389.94414067464095
-8806.362838448757 -7607.750322070883
-6928.839866642813 -9089.206531064923
589.0312996131688 2471.8493106907827
5191.058085998364 -1629.5923907582546
-8655.841990863264 1408.0025241354633
-1257.4087941065663 -489.07180955758486
5132.233181140111 -8876.297066860036
4537.161852109592 7156.432278399498
6009.365277204053 6410.5016925022355
6491.978243249996 -7056.349543425922
-3477.6493931078912 -9045.591731545579
9401.032958918451 5720.956255021329
9776.648022932615 7237.15690258941
4567.194460596573 9827.678316410173
2540.825571368052 8636.212070037753
-4938.835342446435 8969.661256705604
2373.927767752979 2613.276565391856
-8154.289659163427 6035.9344670656155
-2202.6244592661333 7572.479883693639
-398.78386053636495 -3044.757341287421
4693.155860975528 -7214.166012425203
-3188.7151361814304 7570.091583454687
-5604.779580804 -9275.060873355427
-1485.2453237620139 -3490.1108771243908
9351.17335854879 4204.344930641202
-7896.840550376157 4173.642813289582
766.4741887494511 -3066.645521526383
-3359.6814892020266 8186.601950551343
-696.4553934022424 -4610.504075557651
-5596.60482050559 9074.125530468118
-5306.672053588759 2368.260417515312
-307.5749924775082 -3600.0260546333893
-6973.006324708118 8130.138371044126
4427.96204398677 -4754.8836182781715
1530.6496474399337 3757.3746186346943
-7345.845694182199 5657.062547186832
-213.9280309716196 -6850.722741464217
6787.218546741551 3578.6312331092468
-6354.377340707851 5026.318685048278
-2703.0725287347623 -9231.031172575103
-6500.322037158096 4379.678312478867
-5518.601986953504 3358.5461140746756
-7909.946945823367 -6005.7305169088495
6093.107451706077 -6066.241551780118
-1276.9445461246905 989.7219575481795
7796.730543851441 -9574.3285754473
-3479.033298124419 765.1691917117187
-5212.951462080336 6581.345861359365
7260.896195205685 1300.1241917721836
2367.825458074578 -6574.8983876851435
-5614.878826689447 -5544.886985738426
890.2189109637911 -1129.0363066284954
8927.168979523682 -2267.849191226217
6171.936756359368 3526.4626022607117
5383.062010184545 -103.45063011551065
366.0149722876322 4731.846490276155
4967.305063273849 6927.95356408077
-9779.259825588311 8007.687678511662
2228.3398775157057 959.9057006191888
-230.09380521061394 -4662.2461023350525
-2341.640534443488 -5816.351686592482
2715.244210064935 -6907.05783614129
-6282.475736129647 2133.27575460118
6110.520101220618 -1094.0463420854267
-5397.221222542914 -3664.237622127278
1429.4599669124236 6435.323276085786
1126.629501052692 5000.7846107221285
1697.3032768887788 9711.294417586385
-8768.606921047654 -7758.32242844587
4088.4586061540813 -5365.038682827195
3949.5832546292568 1260.2629837953173
-3759.621397115611 -5794.009336032542
31.266324349782735 -5005.308771038204
1506.4345439742465 -3816.853958297437
-4005.639441385507 8920.853185061773
-6531.775068970444 7135.747548632102
14.022048351651392 5014.32032672632
3250.4075074343127 -4776.897576675332
-2147.591073664521 3321.1700814469696
-5471.196291888922 -4457.154616218469
4940.273240270055 8152.477742606181
-9404.82005293069 6518.043092867803
-3243.0101540235664 -391.3562502606419
5439.75862158318 -6453.186791631558
-6184.218863899801 7956.140232680915
-3464.8151436768867 7017.1206238721425
9846.060553693245 8320.67089439102
853.3114331986253 -4206.68208471328
-7825.03314140508 6227.1346366368925
-2381.162335209264 -5590.094998017734
-8154.677266096808 -9291.804086341233
1401.481115834562 2461.886564715669
-2332.59651373174 -8980.327826186314
7371.026808367584 -1939.9880128301493
-6812.938407394764 5442.349427844078
6887.249012936954 -6276.9046215551925
8462.908160134462 -3783.751451767401
6069.360666587589 -7291.493337854861
-419.59849369874973 3344.767985570814
-7412.702715138373 -3464.154426534061
-2009.1332735066999 1822.5374901012474
6639.8041291456975 -9662.294061224453
9048.601841385163 -8217.779473315099
931.9458947331532 -8324.64985807293
4529.408587417236 9121.908714049216
1437.320544735585 -9413.988978607047
7449.018997558727 -4633.832745134075
5827.908096530609 -6117.537982463929
9160.062022077102 9830.182275369349
-322.85081504576374 -4895.617577062916
8491.3608033384 4597.875157430266
-8110.503616455995 3024.9625201022063
603.5116738753004 -6608.740903795052
-9717.655443771242 -3754.9005893357253
9269.854101805504 9099.711206055785
-4156.1003950315635 9161.437985106098
-9547.913470627707 1554.2415801082352
9913.1989008319 -4526.586651874862
-2675.0422358596834 -2926.74926205887
2376.1582913965904 -601.6295264680557
7314.598742870858 4372.674401155657
944.1737729068718 -8107.272279567926
-9749.764140383812 7624.807895026566
-8320.539761918828 -568.9338524841569
3389.1638678180916 -3233.4700341301195
9153.969034113627 6273.931743878798
-6139.971564999334 7599.028452010003
976.3850258555703 7659.0437797769555
-8020.37908826138 -212.4386674350335
-4105.651550705269 -9020.495895332937
9933.53180081919 9561.1642787489
7276.720571665668 4766.516370116924
-528.8137968739011 -4271.346804159281
4503.3512698542345 1173.0228175111297
9550.924734346994 -7431.34945471617
3637.476365287559 6658.580439338846
280.9548676465438 -8782.213878749502
5728.515988793408 7704.695215677726
-6962.841393739094 -7627.379736729632
6190.719315404713 -6356.252983047528
8298.88583923145 7437.250747344569
-8074.26552077408 -2936.457873918881
2529.03875110833 -7310.031221606779
-5795.141797276153 -6246.567083669503
3334.885842542006 1608.7263950552024
-5200.6317862540955 8786.855456397432
-1818.7782059523806 -5813.394063206872
-9555.004340242702 3089.0410982761605
-3912.3730687221278 8884.85797040497
6449.2511839708495 5717.557138341746
-5973.245683133757 2812.5122653707167
-5902.015149177917 -8912.745471880087
150.71227375374292 -1212.052164321327
8490.198551645713 -2499.9173226143157
-5492.222871303956 4129.225415103754
3527.8018742679014 3594.166515852483
4571.8252172520115 5336.3954919590215
-990.347941870481 2705.4156139312036
-2307.978432486706 -4729.613828747796
-8873.131472713014 1638.8744776095136
5480.477961702471 -5000.495718636104
-7870.91326291951 -24.102512677111008
-3809.2801373313123 -8824.036127911797
-2471.052666834321 -1202.8367627410626
299.9914469303185 1621.283332525405
9934.79967535974 3580.437074517007
-8206.442376337292 6740.789496944126
-2550.7677045402997 5035.896908790861
-6940.671702546954 2453.867682938775
-8456.289417624008 3770.747518103153
4836.294210701761 1518.0205865525404
-5582.7369095940685 9928.75486599265
4320.402233428775 -5558.817433452809
9069.794763879745 -2670.7689078167314
4316.670856611918 -1381.8383628887095
6668.287205133907 3133.9229424935565
4236.493391328877 -5106.522666612023
5256.778409440969 -1300.8605242542744
9774.23572291269 -5555.732441685408
-8541.308078463015 -4975.617925815876
-7742.608974213514 -4306.645159345364
-7457.281571253538 7087.638073724422
949.7115710805556 903.9530917252741
71.1367628425105 5361.400013665063
-8003.108900957254 5173.917162640193
-1677.9105556180075 9932.390483463212
-3760.470579648174 6738.832650485241
775.0054715202514 -7098.1321183039745
-5221.730217592411 -3190.343113816625
6171.00807385078 8122.298650321416
5961.148657688082 9612.020480285046
-7992.194099605694 3830.095678960788
-9626.63798471535 8860.71826635021
7801.217257505039 -6636.988021079967
-8555.199468689465 -4405.692891072259
-6956.856110856506 1904.6997314342534
8450.870467513792 4111.150803450029
5508.452867526712 -6922.155032922039
5967.266701741393 7689.647497837563
4410.892504509648 8211.19693772576
-750.4762312203384 3841.7844335015925
9880.821762133459 3234.7114135315005
-1456.6739435317104 -9959.422094070096
-4664.816538543067 3410.9434110441052
6991.716354385542 -4821.654235995463
2532.815457296929 -5510.282104269815
6590.493830133655 -545.8101243526562
455.84731900798033 -9622.968360899227
-5446.747483568833 -4044.5541117636185
-1369.418423396326 2038.0238237441736
8482.672676308426 889.2871432633219
-6901.075053336778 107.77794314380662
2904.8152377764272 6237.060849057931
8974.080678812767 -5437.389680458504
-7991.649389400428 8545.346581689228
7361.875812047947 8808.420170891728
-6159.208512462009 634.1330502732217
6401.7537529843685 2671.5665687748206
-251.040936348385 -806.0855086838765
6279.111099123127 -968.343042474864
9511.076492651711 559.9145375152293
6283.325149512624 -7785.4666388613605
-2606.973887196833 9393.055025790149
-1666.5312860574213 2767.6465523543975
7271.478978493062 -9436.318808238517
-4133.6395745156615 -7131.082318157034
-3998.2560575884627 -6774.5153985498055
9579.266978977685 9374.094608170097
-6631.642507319322 7883.44009855538
-7757.783163292977 -2613.4904233974203
4241.577107944589 2201.010716454697
3642.5521358412643 6237.058020603032
3973.108165927526 -641.7439932065336
-6303.004028950305 -8108.876353650227
-8400.461150508507 -6036.098571266175
6864.166771677035 5053.0782702578945
7082.132086913807 4840.823163467969
-5786.864191594685 2617.8902845935227
8596.754430199428 1445.8144986184325
851.269041195832 -8376.711210693966
3797.9057742899986 -8749.095287065378
-4112.738612327083 9484.826315202103
-4984.0545491896755 -895.0951543101619
9702.921902009599 2050.101311639619
-7493.217524250744 6410.267288199517
-970.0792137560893 1887.2980735913898
-7841.54841739263 7891.741858899175
-5824.6197019066085 -6772.890977250052
4469.141369778319 6799.733727853076
-5287.172470458446 -2893.9804468938064
146.41875256215826 5582.654762465572
-9947.299871613688 512.8274126748056
4337.522085780887 -1621.0180068202208
9529.243139643844 6719.192550100768
6285.781100839831 -5878.861678340084
-7011.705001789274 478.89738614409544
-5881.643597223838 -5390.289612148953
-2666.8848709140484 1409.4283002619322
-4494.345729440963 607.9378360415758
-2916.9355584909563 1623.3758546053905
4092.9349894014613 822.7990918808828
-2277.3980863017114 9556.065437296453
-1110.2247524205286 -6419.55921312837
-534.2784512716516 -9060.259698590351
-786.7791035901319 -929.9105466437686
6033.606954122055 -9996.485025159034
1315.6016908538077 1222.001685862153
8140.939367015442 9232.231501757356
-5511.852186596499 -7398.590887529368
4608.947192359074 4396.2559344012225
-5783.290303592865 3141.822276578694
-4629.052267157116 -6931.844028697764
-2123.982963832469 -5892.53544961523
-9891.218181711934 -528.8931932507057
4484.100402283304 -7633.986811379272
3856.2012448330734 6257.782010767509
4198.6241527997845 6869.228094361242
-3372.073716507486 -5302.605765588688
-4477.945771490341 9180.462921187427
-2019.2563705983257 8752.44272483321
8592.742359011267 -7045.554408942947
-614.3255319115233 -4344.347701686946
1474.1450965705153 -6533.8607869277075
-2612.104683536493 -4148.520266362064
-6985.419851240995 7601.885371921911
8753.756749118085 -1454.532015236875
635.049697150589 7167.4452484269095
-4848.111267235875 5608.651534977966
4312.844015876846 3933.959937992213
9388.058515324843 -3786.897807472551
-936.2288458155308 3534.2579905115617
7811.075298859621 -2671.374516602443
7386.031810481014 -2861.6618431918514
4229.722257516451 1089.5148201850916
413.90515042761217 4778.274818063253
9528.32789224977 9044.186433961655
1939.574719829101 2259.18014380193
8141.259120435843 5429.4112235786015
2996.5689056661813 -5215.7112470469165
7644.269468209626 6864.781165916505
-3641.5373928824565 4738.611577803262
943.296174589972 4241.940818723
-9908.37460588199 -1482.9751387370943
1888.9463854182559 4087.027014669351
-2789.028577045594 7849.073646323552
-5382.415749124272 -8696.328770537262
4522.81976487491 4764.152901046735
-5482.4271934070375 -7042.193043463398
-2100.882560785526 6157.161048928263
-5558.112320930626 3644.4614536717672
3512.459606880535 -6143.890456035084
3635.97559907538 -3019.4214683896207
-5028.533592254987 -840.417682792011
-1177.6137135514946 -5103.136443237874
-5168.739954392417 -2996.6462622815925
-3018.6400038983184 -3344.479511679481
5613.921648571193 4231.863671342651
7589.212934763877 2899.6702568200635
258.9783093827227 -1108.3247255622846
8424.020824343315 6544.142597891019
4834.114848732748 -6969.577821892381
-6479.253627994363 1946.2410393790306
-2628.5312636989056 176.18743352283855
4455.629244205305 6548.983267326046
5855.024917505374 488.631963513546
-3137.7055509013044 -4931.770320421875
-4330.227422122494 1514.6245091467808
-7070.286002984374 -4700.981240003211
-7766.547595571235 547.5105860331405
7604.783454658216 6745.331653612218
8066.879381829058 -4219.4259521622525
-8680.033937488539 -1468.5870261990312
-4781.029793465202 7761.650962734504
5289.081912417389 1431.6899634416386
3747.777737403376 97.2602850158255
-3238.007871744877 -9639.77303339364
-5131.021481767392 8921.018354682004
-8898.411845484756 -1710.431829087227
-6581.58109638628 4332.516503514671
5144.136088630665 -9677.280883898884
8435.488177511113 -6170.754000437062
-7973.301756660727 -2479.0691956147093
2959.2267500144517 -2304.443306512041
-8486.997829307333 4093.855848820225
-5460.740681165495 -620.9536352963987
1821.784896215071 -1312.456042669175
-3501.2309632838214 76.18378969623518
9059.297861436891 759.66308041292
6646.914867031253 6065.369373258829
8580.3130753462 -3589.7710595701883
-5076.77698376074 9767.053657259064
8949.626210450791 4540.036960815807
-5633.337511925341 -8923.072592040777
3648.7135095648755 3837.8920884325926
837.2550032649724 4209.617945764978
8269.84702361807 3851.6457055242863
-3921.7618764437457 7106.715912002746
-8337.360040691723 -723.0493806987779
5991.941381453331 -4595.621755142442
-1654.3618390369702 5601.543043777996
-8587.288569727449 1022.1525207187733
6468.240283066225 -3628.2096871149097
2195.3571008862436 6626.067955667633
-9294.120714470526 7602.118359330278
7097.762526436181 -8464.539287629395
2694.0571329370086 3226.8679031010433
1721.453025828845 2084.3911819660734
2954.4795906252 6998.012250256103
-5315.932167265465 -9985.076853101269
-2260.807043102942 861.0917156969517
-1767.149876481324 6170.946827324526
-8183.716971802304 7595.617666085214
3668.408135037207 -6422.374236412295
3943.3558804793447 -3614.89716669906
4233.175578965858 -6067.045165805273
5622.664966079847 -6014.204502273424
-1470.8622999433792 4604.327492213601
-4295.580791684774 -8707.920856035647
6064.564207113912 -585.5838215391377
-6497.544862024128 5350.427609691493
-6810.3740683644955 -4182.932739076572
1309.1118632926573 -9747.306355391025
2465.949502286385 -6494.669441078613
-6456.192182528066 6843.431868744719
1425.3036934429547 5060.143602438302
-5757.5282412725155 804.844736226607
-2292.2261942550404 7939.592815430242
7192.6405198850225 1436.8664798277314
6729.942028018479 8925.08971770263
3741.6822525212992 -671.2123529326
5318.736715877814 7082.199018699714
-7846.724276708732 -9877.254647837193
156.7794537033442 9360.263950375062
9359.918463296191 3698.294406419738
3420.2104767858673 -5853.618075609615
-8943.10068704501 -6638.804170304404
-349.8707053111666 -7594.31267703139
9305.828216839876 -2001.541756815357
7683.946387168835 3481.305393385821
-1836.531100604786 -8334.4291769699
9383.09291147556 3193.7494291402
-2675.7248520904886 -299.2204823976972
-7071.301567918634 -4429.06357220376
-8637.304003887855 8215.15904497751
2616.9979190096365 6356.4064353215435
7883.9617221819935 4686.147123182693
-628.6146517594825 -3615.270360004776
1739.7219451768578 1386.099873443156
-3401.8075248037057 5979.50366206258
-5562.432697008759 -9493.650364022706
4548.420752721935 7720.737588827244
-2028.882015793949 91.14103034341133
-6992.1833357923415 4244.834726362014
-9479.982611487514 3274.7323834180315
6922.833290784085 181.78194930171776
7816.833068215368 -181.14381989875983
2480.1780339717843 2900.5767189019207
8450.513630604484 -1423.3660351976068
-7807.196100539553 5425.305059387452
3973.7131343506426 2262.953930889693
-3294.644260473274 -3299.283771318389
-4596.0501493220045 -8209.779369174934
-1682.7577083293654 9327.525038305841
6556.217658164722 6432.294597113967
-3368.34247959388 -7045.907573065764
-8382.664829860509 -1791.6537572179022
274.0322906878155 -7297.470631867302
-530.0414694562787 4132.250229614876
-9716.443503062548 -3676.30964875038
496.8552822314032 8352.063818440212
566.563500353348 -8783.083128926344
2943.6860608691477 -2291.9767709969174
-1289.271413647586 3016.7970417301112
5391.190747643661 8866.412361883726
-3505.814949647858 -8859.371214324174
9485.348476624167 2940.556515409462
-6416.176068910151 -6493.34349867647
-7203.279788526075 4389.102749157511
202.1951766493694 2574.582301607761
-4472.153106190147 4985.653103258432
-5047.415353471223 -2073.7601425496496
6760.235917573198 782.728602192672
-7473.000454818637 -3204.2648136701146
6030.113469484257 246.93611719862383
2681.94779396169 -6725.237326244351
4244.7912222155865 -4878.867669667375
-3347.940321506424 -639.7900865398569
-5700.863352058991 2073.271419134484
81.74663110360962 -3422.428697467417
6224.308526210125 2820.539009912847
2590.2579859191083 -4394.901971458325
4298.558380619708 -6828.724611168693
-6754.3552753895965 3140.0199448467574
4272.573138846301 -2693.9026290797055
-1491.697007835126 -9810.429371180127
7709.470658531885 -7376.459690161528
-5385.0805958310975 4035.971782802306
7412.236277384825 2604.4416042670273
9908.801115887261 7315.920908141965
-6990.97046822776 -9596.806504295844
4282.727801527804 1971.541529642318
-1010.5483275960323 4252.906553181498
-7314.380363794308 3271.1641965517283
8832.52304460729 7275.420969098464
7554.472699089973 9664.704864509054
-1660.226397927021 8916.01700579784
-8931.834440391827 7929.81801842538
8884.504853211787 2976.5794284105305
-7720.099313622944 -118.5922562242722
7010.939186535172 8099.876648900827
-3529.796017884055 -3141.510464127832
-9335.36959842009 561.5209069372104
-5527.4508960710045 1268.7901779277345
4308.160232274789 6355.084999499024
8258.845874567807 662.8966265360559
5273.810849948652 -190.24628978275905
5732.176508123468 -873.8450672923427
1927.5485007315692 -641.2000234316038
2459.323670484715 3217.9402767672236
566.3185020165201 -2418.9307479650042
985.7929874662896 5254.307813442456
-7556.695391579762 -7733.417374722402
-588.8161606827725 5421.465715170665
4913.461756515662 -1988.7462447123116
-9937.078363429282 6023.889113419575
-8585.712570726891 -6275.364751462206
6391.521530058955 -3887.6752479057795
3844.457517967632 438.514289228553
1620.7097535508547 2803.325418427734
-2124.4041544092006 5933.070799292798
-3779.1205355172506 -3206.6296574360285
6830.126691773123 -2048.756079267284
-7065.475803709063 3887.0262657123367
2980.7840396559423 -3849.1726784101756
7867.439592249932 -8199.987919504938
6475.038165268463 4447.746957436417
4069.644843955766 -7935.552154084495
1560.3366589652687 32.86276064913909
65.12953813766399 554.9473994201708
-2616.2792095768573 -6901.445426174082
-50.31074190045183 -3029.345048226808
6362.030560564577 -7809.7529407831435
-6038.729881539429 -6450.29640493699
6966.577263473038 -5898.049244954502
8837.39187746993 6358.99576254722
9738.803059942678 4363.7801548965435
5809.389980245236 -1306.3905316874225
-4548.881327894485 4623.340190605377
-9256.642719192152 -4563.4717324431385
2549.7577113055486 -3398.2393066406266
-4277.169787033355 9670.825296426254
7364.144813806019 8809.074029445394
-5721.577078319507 -1597.1925956418327
5039.929183814518 -8167.4684610689255
3504.7642413471003 -7053.947237761906
1750.4984437138519 -9234.632040244007
5465.246548311339 -8667.324857797219
