2314
-1798.7023103343236 -197.6753963327701
4209.717586691602 -5309.721071362077
-1229.1839720105254 6986.339262049027
-8299.446944633255 -2868.412900546966
-6443.536554125076 -4381.898882060688
4070.53976133005 -5131.576438673553
6360.696112082522 2905.754704865445
-9696.687791498634 3168.937562062518
-1357.7067861342148 9031.076889894939
-4829.326410649104 -6488.729142818237
9418.508978600454 -9873.855919259033
5797.732751978014 3425.0096401009305
6485.293450448535 -6084.728857037451
1177.2791037757233 6051.436469718414
8238.424826052877 6782.595408315112
-8964.62602200922 692.7223721622449
1022.9212230595313 3701.467582602587
1407.1647275300147 6108.485061827538
-1792.3727441813062 -4237.412607225495
863.9643866556926 9431.413344354485
4076.412048802942 -6036.402630570881
3539.665486222955 5311.946754943898
-1853.063346520381 -7526.352617792134
-7063.406126416689 -7734.7273470175915
3672.483925206665 -237.79894121894358
3947.9309481652635 -3817.804494905341
7851.8775640037275 -8217.846510500156
-384.12216904994784 4578.698153808611
667.0441603881063 7823.101786193081
3851.746612220666 -602.6852251335404
-5712.693874096879 -3298.599469520307
1676.2167709051719 -8963.299466573615
-4375.976401331419 8629.399999003599
-5504.989547570138 1774.0726665777293
-9111.268414610999 -3592.9364893619468
-492.7248453439188 2858.481448365448
2902.461720088124 -1495.069790811609
9550.998323780615 -3708.8646870401453
-576.5518953402116 6158.174585837509
2521.8064633360136 9672.312224382564
3904.970637126604 6767.294985040586
7958.5305503312375 482.63994557609476
8864.608054124947 6701.744994156041
2470.9516212638046 4779.834126383972
-3559.301364137744 8028.60279870564
-4607.821980578928 -5469.746095915553
-9268.639397707571 5739.152801672228
1370.1272278753058 7657.90843648979
2155.9217319083946 4722.039103295059
-2430.377661650554 5381.848606165533
-4651.823190655633 9032.425724157118
9738.642480853588 -7473.859222045758
-1014.6129823967713 9932.389358972207
3599.30107568769 8224.906247559906
-1523.5064682092561 -6271.4620696693
-4143.846948901204 -3191.796398884737
-9422.465368334148 5608.644722838377
2571.461137267601 1642.7875069777056
-7228.2084672271285 1479.8541119613783
-8260.906376714605 8315.084100307911
9646.718700526268 -3763.1889408365705
1595.7436994186974 -2218.011394850432
3519.242936627079 -6061.164594870319
6540.200491891566 -5021.622843421687
-2794.4433842601593 3051.0482594989007
-1511.5695449797877 -6141.493096926635
-6898.95583266162 -1794.8567208447967
3074.2583268562557 5961.756982632063
4630.531914077323 8861.266340670725
7312.470273603438 -3668.554376100159
3648.5663802507443 -5196.741191271363
-1826.8101996823652 -2021.2563624134436
-9486.029263030736 8575.298008620488
-26.585608057423087 -5928.023861546292
-7667.55525792983 5768.742269877026
-7426.380940655386 5644.896150810297
9255.524139441688 5493.781457661402
-7925.613760084449 1855.789739937727
-1256.270819204401 5421.2649294304065
1040.0269910571205 -307.447554267801
-6653.727202045224 -1544.1324203118238
6233.2091006896735 507.1604770602371
8819.22913648477 1402.5291769329215
-1573.3679037325983 1876.2440776135772
-3701.411377544321 9913.887290057988
-8935.183929114068 5022.741881425272
4764.169719083642 -1442.7912803450945
2381.112384840635 -9603.090000520591
8174.869375022277 -9984.90521619051
-967.932841095495 -2996.772347912346
-4574.711921063803 3235.030801101955
-1606.6992321973212 -5326.966951135221
668.2764790723013 -3231.3807003068714
-8631.895903458662 2720.997195961234
6567.49469777221 -9407.874243821901
-2108.0248291539892 3286.827094863427
3688.6018072694496 -2624.255665076381
3273.358016323691 3151.8735537852663
-4492.776511593375 2469.7692906661923
5092.870032808887 -6066.4042930863425
406.38245622993236 801.6440569072092
7590.343996961452 7299.117143534477
-444.40324794737717 8428.641159054954
-6698.967649070289 -797.6077780405194
-7291.603104246631 -3333.302207994473
159.36195067895824 5137.779721733981
-7275.470671483146 7516.729353665989
-3629.350616513545 7016.101326364213
-5982.341628562426 535.5106984609192
-4941.769446744875 1507.546911947804
-9851.102756879129 -6651.000842226473
6025.471916681237 -440.9296099133571
-8568.959710494333 -9318.235069187851
2929.182184198453 -2717.8091303185
4677.896228698519 -9923.044271364619
-9257.042326817562 -479.5847111430012
4127.649313693462 6407.025379611834
-9403.963213800336 9143.757111630941
5088.714085408768 -8173.776711581866
-3094.7383995948985 -2518.876263543646
-9998.922822264778 2991.6247408093313
5174.787528671699 4289.617956365377
-9624.35640218166 3180.269737946668
-2079.8043212089206 -726.9157098961696
-2531.3448610655587 3355.7542337846353
-9119.282772398848 -8599.492187308246
-432.2431572503119 3288.3954499243264
2015.2842431115805 -2861.8384821421896
4410.834774788727 -8491.114234521732
-8264.825020746272 -5802.32977040898
1528.2740148480007 1176.1169937047525
-5591.958817656137 -6484.552273790314
-8806.181100856167 -2134.352461734008
-1624.865506844726 -1082.7562841092804
-5811.257910066798 -5163.9338126105795
-5444.406926006198 -8715.188114211993
-271.4269946315362 -8493.721249988299
2168.6619427631995 -7969.9940382366185
7671.155111986052 -8322.464919679664
-5813.228808850985 9294.8724280612
-4480.663308311848 -540.2079105301291
4839.4134781453195 9534.607791551745
-9248.861274596667 -7087.215271455538
6819.799567378079 7003.519766363192
-5345.240037259807 -1912.0346458658323
-3196.7012872571086 4152.413946812954
5115.323734825457 9458.249707423874
4468.707571190185 7059.112382909461
2694.795932428462 6648.286572366847
2420.41736452451 1752.0851583265849
-3133.964960538211 1928.7572670495301
2241.5803170908894 9650.470099953662
-2593.532181405578 -1886.019337571889
-4634.58822889292 3332.0169668309136
-273.58180898039245 2302.892925620954
-3466.2107769718605 -2546.2055137715715
-7698.362566753667 7329.242159251604
-7680.650239280573 -6111.231887895425
9399.132455359388 -162.37112674760283
7519.3099317882225 -4995.364602539398
2929.9015525248487 1577.7944419930718
-1813.7344515880204 4499.599761610851
-6468.267224006024 -1189.6507834580534
1643.2670749151548 -8676.969229116245
2879.7414329961066 3642.9087848834406
1037.4846132822477 -1052.7512874330005
6741.864006124677 666.3903735150361
-5181.17900567143 -380.05134368369
1441.0454509511492 2436.999939123025
-13.144691263747518 1215.0649283641578
5155.398599016909 8150.2248378260265
2031.52681050534 -7086.849889933697
-117.86048096567174 -8721.072752988577
-5799.984007223648 5180.6340100028665
-89.36409199792979 -6001.588162764265
4054.288551992171 -619.3985128038858
8294.43795531058 -1102.8720201722645
6240.81938725426 -7163.989059843816
-5918.30973740528 1772.4420621672234
6976.034115754435 6279.561463930893
9957.852588338032 3236.7028109474177
-2041.961964303454 -7637.3102761610135
-7525.802554094145 -8590.40224581638
-4752.763395650874 6259.466408360746
5180.0723263210075 3148.584437047113
2115.4819563729616 -7610.563395600066
-1253.5450320759755 7069.958757457356
3945.405872276202 4896.7383881390815
-8437.148579055238 8038.908513825674
-2031.3543453076672 -6238.89463066142
-690.8669385859484 9857.671799760992
963.6747844149904 -6720.355053243079
2648.419995071463 -9443.284316081386
3991.0160386312073 5146.569428209899
-1543.330738192266 2994.615245176843
-5174.391957786608 -5528.670576334113
-8100.85432283278 -7601.890325112959
5953.162424593533 -6186.114250148392
-5816.518141291507 2024.5815024387248
8829.354653269453 -2320.8586031355426
-6036.420567839115 -1695.005864517825
3557.7349620001005 7900.821615906294
9138.119699744391 7626.100539417912
7224.274433170536 -1041.6075692804006
181.9928249206223 -1663.484278736023
3833.4946011570173 -8491.13163241801
-3831.5209849685243 3612.0322010962936
4123.154697846379 -7721.3417860235495
-9715.4478259872 3491.3344586472012
-5508.494149914877 -1051.1333048760225
2911.207574202477 7694.050036480785
-9146.845163129678 -219.24340793511874
7235.237576987271 4758.855007929533
-4553.393346825481 -533.6351842792337
4878.424907111912 7590.143586743845
2448.589114512066 -4947.477570355952
7174.641685029139 -9322.469235333232
-8292.708147247466 8774.844967164707
1494.880539300313 53.26318114874084
8988.686432057566 -1748.4922355875424
1414.771854440296 3478.3775491935394
-4162.874986535882 8724.927195026467
-5461.321771729397 -4600.76804212979
2483.441123489736 6902.73012527559
-7561.023305289025 -1108.1808945441753
-6809.185972528254 1437.692864209479
-6561.3122953755255 -4887.949800649622
-4989.3113993376855 -8800.40386520587
-9139.875634065118 -304.01985168363535
8128.065131362164 9230.238809794631
-3118.226158737245 -4895.281959594781
8807.522155234801 7636.121033830659
5290.16124492032 -1915.4318950259649
-5591.654462639326 -3338.40363759736
5182.961327430574 -7786.299702383189
4019.185180535642 9798.575271631376
2074.1692230426015 6932.455862391173
-2030.316236133378 -3972.8662374235028
2871.6670059854314 -3494.8412668313904
-5191.444730366848 144.67656408653238
-3157.9495957982663 5037.092212243555
5294.622519714796 2629.570984005153
-4052.8792181103254 -3028.92345525966
9529.351323537529 -8401.54039351261
4830.965661569346 6413.872719877883
-4433.542153463679 -8845.26602624737
-6743.900339286777 -6806.596774159677
-4333.814956803343 -7211.0586035113665
1931.6479238734137 8723.586830943757
-181.1130267840108 9480.164365303448
6446.104318809961 -9445.663607446828
-4755.416084104518 -4239.288477626648
-6588.281710967545 910.072899103754
-4717.814079167389 -8755.279237703004
7947.095164361421 1570.8778107889975
1414.1096029191158 9984.572673898503
-7730.8698427754625 -4873.802604476583
8129.050189926977 -6492.7127982732145
-8565.075407479848 931.775898675347
-8092.302800038322 -8503.648656913507
-5831.13573420367 -6973.701224770141
2823.214651100814 -9177.278234766554
4229.576284370314 6814.990895096707
80.3403202223326 992.0118698561128
915.9990730394693 1503.2025752860136
1273.9840336404068 2063.164970580885
6081.349594042391 6063.79869431308
9230.245832542798 9707.191564684388
9418.286376785269 -2052.054909374574
-0.20554549501321162 -8687.168177763862
-6201.893122754623 5799.66551434899
905.5863337716455 -3090.7160462835545
8091.35139943859 -9889.669767100404
-1496.0648528006423 9164.420117152615
-3833.2923505499066 -949.9874716717932
-7100.029835603877 7830.198458339364
7659.64767243676 638.4338213829615
-2934.4466339316623 5745.250987061754
8621.762179136651 -3031.001396867916
7639.761665986782 5867.917743184329
-1693.7168794662884 -8624.803250400304
7149.065218033102 -8198.726471685168
2114.8187185849474 5229.446980079341
-3333.632831841036 -2115.0223826940673
-9875.143827442871 7490.2151672412365
2635.102400852771 9167.053523893392
5637.120702911439 7164.039422645143
-8083.379255299162 -3568.0031680209877
-1173.5895985766674 6524.868077957548
5076.11596080366 -3050.124722590602
6849.049460935657 1233.899940627065
-495.61224023048453 7724.382702943203
3654.6490532550797 2428.893919858041
1179.76213147628 4756.078500864625
269.3826591035904 5402.700705484147
-3293.4837795086232 -799.6694871959717
9462.519905537993 -333.4492821477361
-4276.801033825279 9287.757338839332
-2522.505994170623 5994.4064548037
-2143.7429138879897 5488.252605198673
9903.307194800804 -2529.5195356252952
8101.414206258571 -4362.053995922796
-1218.3867383883971 -6387.211042459188
-152.7177910725968 -3388.2485988550234
-6310.654922931356 9321.402929892185
5712.7117568074555 9612.414083823041
-9193.71942405255 -6299.166946608357
2951.4215041765347 -2739.729687969115
871.4892125629904 7731.76656328396
-7615.518764738092 -7593.7999848062755
-547.8895288892581 4318.161218585479
7653.245192906499 -9046.46009109331
1092.4613849322814 9411.475275993751
-4957.6236747070925 -6036.994658095864
-7318.999761124823 -1285.4016795317639
-6795.380579487202 7927.950193293462
-9232.803555082137 893.8260716127443
-3173.9737474578496 6345.574227314943
-7420.101184693138 -4721.991867477624
8602.354985489797 572.9706505067406
-8856.683825505928 9699.77229147925
9854.405071404188 3445.185753507212
1156.265386277786 2434.517162719807
-8307.922071871104 -4754.254794581354
-5805.1425757639045 -8881.357777452276
5843.983824550476 -1641.617263707316
9318.346156788124 -8920.738609833714
-2898.5539649638904 -5708.0145992148655
8302.373308501621 5683.44169619268
7782.791009424578 -5240.940331518565
3493.387062854952 -7884.22928212418
-1294.1661002694873 7101.286384864165
672.5409206559725 7418.8562680970645
-9136.491351417275 -6405.960965254553
9336.910113997106 1682.1253955290413
-2670.3809111428354 -5975.007246258116
-1549.6093723635877 7940.088313413213
5878.722096539979 1430.2584613881736
-3013.816784985561 1642.0011572050917
9386.180580381824 -8015.260717872674
-4522.707656763651 6480.6459684503825
3281.4569894723445 -8218.30488686198
-2688.998828686884 7918.7347947435155
-2840.248290944165 -4400.21192539687
-3352.183329374312 927.2128455777747
1114.1219174698326 -4255.852434898384
3614.9081735100845 4250.530637016003
6432.238040460448 -7338.708805593673
-3181.403074243499 -60.27515967150612
5008.986202377373 3266.0094596102426
-1760.018597280643 3944.9362284974577
2158.1318290945183 -2218.397165075914
-3777.681276144569 1234.7738676850677
-6536.686105884069 1383.151450805024
8528.308585450523 7210.707826427781
-2109.3496798730157 -6953.237508613804
-660.0358162667872 6110.468571822321
6592.28351753236 746.0387431484432
1593.2775003945171 6645.196543151287
-337.7846058250816 9500.279009392154
9184.428640427672 5290.87646564808
1562.812745519399 6767.211902578692
-7646.195545425835 -1544.6249921329127
-9977.59356591144 8286.339500951959
-6051.357565659794 -3831.8330354067994
2911.419169582032 -3282.746968911978
4284.628224796335 1990.6334372263518
2936.510320603418 5280.563616946936
7971.319392672402 -3479.412033370073
949.2379827194236 9097.364536406756
7335.7939486859395 -4834.534265932076
5247.787173807354 8036.4365544212815
-6026.545412455178 4784.397678144311
-3542.6768735613905 -3383.3202436464944
2474.449735948232 -1649.8253472602628
5406.586923153696 -1124.4654179119225
-1481.2961355477746 1957.8734597940493
-5124.6447500334025 -897.5567506423286
7302.084507453161 4307.720971634286
-4830.5654220898095 2949.681081820452
-2349.2407682245366 -4784.470028198156
-1813.1132412326579 -2328.832059225736
2200.329385753461 -3245.161590183361
-5028.789808933476 5103.146442476809
-5339.141285519673 8310.661687293199
7704.239998861256 -3511.0896362358517
1458.4489094560086 5125.538781338353
-1326.4486276317675 4363.024290401132
-3061.4604526828025 8844.348460627974
-4043.807420655942 3448.7805720912947
-1164.3545618606076 8115.1417901028435
-1607.4008719067206 -114.09500746047706
3858.7755458259853 7479.031619742462
-9118.431289176813 6093.809933205162
2011.3055534346586 3582.9392067259687
-4890.7816894937705 7188.975191223686
2658.6127458665524 9174.804782880983
531.8650487389968 4113.312005411202
-4623.691902328082 7391.632747640557
5764.809729315995 8493.663263481176
-5743.5670258917025 1526.5270177452585
-8513.966653443997 4740.84704151066
-4381.476301209033 8761.66120934155
2545.8444630140293 6009.961699097401
-4033.0305760229667 -9720.104758128318
-819.4514431969837 -7618.070951997081
9555.628254139323 -5281.453209711124
5060.245320034317 -8010.454454768957
-6934.802508006459 -2895.4050438411596
-6642.117848249978 8799.590859614782
8668.35500644935 1211.3822628408725
-8891.2642941891 -5624.182535226916
-3847.7668553593894 -297.3416872600628
6836.510642805188 5185.937068541618
-212.68799404533274 -6519.4106252298225
-3245.711554733548 1878.996321076973
6276.34851063622 -669.851539889105
805.5827957100973 -7552.193920382429
-3613.511153120594 3253.064033258812
1392.7916875637748 -2695.611074041635
-5237.750365263283 5810.303488045507
4847.368517070867 1034.6724719043632
-63.42306093685511 -4657.155835645945
-1471.9377925204099 -7038.049908325339
9701.725044866365 -4883.743617988934
-5109.384855522568 6636.905126462945
5771.232120338302 1235.4189300256203
-2045.6718523843547 6985.274349073108
6058.797402710086 -398.53792555842483
-2702.0582846591697 3082.5181122504146
-7080.603133123047 2233.8040199349216
-9950.689229251477 4388.132072209864
1342.5034298546816 -4044.0449938721913
-7709.616017309427 8760.527256709069
2356.8167185768525 9744.509597672291
7881.021753103429 -8313.318400288572
3800.4246938606466 966.5606854890793
-5087.769859206553 -2100.9534382306374
-6870.131674284852 -4718.471550206385
7831.410803259852 -1084.520519087575
5086.0951914078305 -9840.81191374694
-3260.7401201757466 -6973.756200667012
-9195.171481466848 7766.463615843237
-5560.017925374701 7865.414029541847
-5646.588557859027 -598.6743737495308
-3466.4826552817485 -57.7148743789694
7695.705829294242 702.9261769384593
170.50476845341655 -9628.310471601897
-4268.8297146997065 -5457.129898951654
-6952.255226461019 -8469.612994627787
-676.2362805333978 -3196.6776679090917
-4196.051832739911 5479.981946448253
-3869.143632527148 -826.5933042312099
-1817.404083402931 -8264.891287456789
6561.857686630898 2646.162078967749
-7839.241402001627 9318.893958826677
-4659.191165113363 -4425.925931823181
-6300.239070963083 -3963.9973445852147
-2083.2900096649773 -9057.992414813212
-1144.390988119314 -3493.1637593554797
-4640.111228451799 -1057.8716949524842
-305.8780128615181 9744.754451651177
-8597.749122981451 -7013.8101584418355
-9212.254018221904 -3078.545668576591
-9076.225934574753 9966.344662279276
8028.067297737522 -9546.06865767893
457.1504902637771 8876.418686912391
-1929.9484579482914 -3340.269425737876
8177.006075195568 -4168.634026619833
-1068.909053349831 5965.466847114016
-6640.340531351592 8073.40868645137
99.95793377938026 -2983.114060020671
3443.9128426127845 -5270.861128031645
3967.7977618433397 4027.010531561824
592.8968715830943 -2117.349427377908
9475.328954942524 -9687.795465181414
-948.4657339083951 3955.5477559949104
3577.4428724110057 -4795.739791325593
9613.69583581667 2435.44611108975
-3541.5637072185446 -3610.0930569367783
-1842.3225921699186 -3329.6134037513166
-7611.871135611866 -4782.593809142361
-8521.856930205118 -252.66017389981425
9691.160184103239 8623.196544251765
5537.216770247167 -2601.2213341368606
-9491.213212804725 -1930.186591815439
8776.930784194126 9432.064702750362
-6135.468395120344 3249.6086816318566
6279.778889923933 -8647.818537835774
4002.0664449429423 -3702.936292681451
-666.3528179619861 8649.133065282651
-9954.251237813687 -9134.22286421146
-648.0755543009727 7647.093603101719
2741.2552228430923 9664.48459419459
-4880.865015434115 -1136.8062277648933
9365.787324994653 -6090.244024276486
7976.958437421621 1499.593071987685
8854.363250920575 8641.289565977917
835.0356225992691 -9006.717691796468
-4229.268942608158 -1040.989503736775
-6214.506596070229 5473.831490399894
-6041.518510715165 3979.4543582551796
1619.649314633465 1530.0883403145963
-1460.0501096675162 -2327.7910934270403
6689.8877430955545 4862.605895358436
8387.558136747037 -1274.5452999877398
-5670.764633077261 -2800.634617985058
274.2462840442622 -4797.061239543834
7435.687529772 -2721.862381983411
-9383.299307899153 3992.99064741198
1847.8762112638105 -9250.390632550463
-8942.899953564654 9913.47010746134
4783.194341518003 1531.181677125067
-9913.858827763357 4824.822343867667
-5120.9706332654805 -4557.870860093367
4492.132310613999 -6783.306323187592
-5727.715641307651 5876.588982941765
1627.980012046104 7471.8415323678855
-9328.102155361927 -9178.367173618079
-3680.085782491702 3374.358308359162
-9476.39144963788 -9296.549721724212
-5301.156382910537 4417.504412606289
3135.735881340792 -2654.539596691816
-8682.75079766496 -7920.269272842713
-9970.712559300846 5747.945453442353
5621.568858808239 -1524.2481920003866
3795.2209652886013 2449.5806140502245
9182.046831313528 7652.8064952344685
6386.240549111124 6907.021350364474
6039.052612499578 -7709.461192119246
-1959.984251587266 5629.48120210683
5106.922600802976 3676.191213838576
4925.2626576763905 2731.025715911588
5783.37798870728 -5434.896424759794
6121.643506640874 -4885.9217797882075
5744.638516015368 6899.783938968321
8688.979399536955 5673.422058838734
-6636.647174951746 -650.9059419642563
3350.8023788519404 -6289.234220316508
6268.517520377973 3242.384416679748
-7288.197780565846 8175.7078550100305
2273.5805827913355 -288.3157684054331
-1051.7524375795801 -3600.263976471385
-769.0478938729575 5718.344925098083
8555.014753006508 8665.663090444232
-3671.811364617226 2128.7990571626306
-1997.642395019905 7255.6884524753405
-9076.866230292446 -6882.598408338285
6050.1078448138305 -2452.9440917971315
-7777.659201242129 -7087.422749071986
-4013.480814040513 8275.059430522837
5939.129155990142 -6734.199540901729
4203.490632346959 -1741.0746548869938
2524.656855458883 -6988.804332067056
289.4514449020535 -2313.107957736327
5647.4258295898435 9696.848847322763
8215.706985927827 3482.571053588934
7303.6663694335 2507.178583748524
-1788.4099059796536 325.4769795544016
-8726.925141597749 -4440.983029487504
-5431.72405992584 -8425.626578188072
7591.4199905688765 1142.3197016403083
-4119.331385737135 -2357.118201429713
7293.551806537216 3589.7091806779645
-8868.713848708552 -6697.433314036589
-1112.614603176109 -3802.6611730057857
-2460.393807481658 9939.501161970362
5851.466749032779 5982.839482739051
4244.86555106406 3966.0945572467317
7905.747943770752 -5945.596728094868
-340.159853728941 8390.746748313326
-2112.757925691182 2978.3263710890587
9727.654887903522 973.6696162883836
769.2495769079906 -3229.37017777837
-666.779311029426 -551.9918976540357
1694.888239708267 4001.6388014353524
9765.405582167765 -8038.837429613177
-4147.318840827316 9990.704929541316
1395.5966927211157 9192.003257316159
4603.997885213163 -9818.484350532042
2632.832226637189 3525.447245559646
-520.8383799976145 -6473.264764840045
-6264.78686722531 216.64697566518407
-1508.912274374772 -7926.015937354274
-2798.159694427133 5652.8251736831335
7672.322505641736 -9066.536146705279
5239.051105607299 -1378.4354710403986
-5176.589436550709 1420.8000997326471
9189.25782611502 -8079.8436082670105
2167.527909777031 -593.0308600553271
5830.2309560507165 -6308.6299282676155
9938.36222340924 770.4413857105992
1097.1897956194116 546.817780222842
-6114.749400632036 6334.978245464958
-6950.396108170418 -2160.162618918009
-3738.39022585168 -210.23003870516186
-7200.869353710952 6375.621071278994
-7930.26583425174 3826.9153064616985
-5365.340673501209 -602.9082975462679
167.065689031906 -7905.503306193881
-5275.053164823696 -1139.1960441674073
2296.060674759825 -2448.1901304384855
1548.8725840729003 5817.939297581339
-7818.1673275232315 -8573.432038176787
597.8684462032143 6141.233423913411
1548.7520068644244 -8787.804613559349
-9085.386797203279 -110.53105155736557
239.2436547134148 -8993.397446897357
1676.6015752401017 -9723.065083461966
3575.0307684968593 -7017.886611110333
3302.7484551268644 -3483.9560496417635
1683.122724486746 -5110.4997667525695
9455.697195646564 3727.078227538028
-7284.137441895702 -4762.639515132394
3832.0556158508716 -7340.188751505048
-5273.608348386718 -4848.647840214111
-1222.7073933483553 2147.5422274827306
9417.908895402823 3906.089761008134
1531.5771483788067 8014.853254448542
-4932.8517840650065 -6264.228232078394
8307.360416919168 -6413.814973294517
-4370.489339855079 -1232.0937342710695
6419.040834795895 -1006.8905557975777
8365.338461390584 -7212.222952326289
329.57922852413867 9153.94746104084
-6716.1688000827 -8970.433778744129
8748.465161631131 -6399.812537316009
-5716.848673081516 2303.3456698892223
6809.959334558436 5249.904447340996
-5927.717023423651 9505.41680749266
9880.083758847784 -220.80484244799845
2792.2564318078385 -1077.2310365366702
-6314.65689097868 -7581.59553965726
3711.360205318082 -8269.30116796551
-774.2921370937547 4800.7101381928205
8451.016596455644 -5304.070371483472
328.9111670388411 -9083.592047337077
8906.008955582012 1335.8296087351737
-3277.349084349681 8277.023199942076
-6645.206955074333 -352.3712591703861
-3854.1897512226233 -1930.840245912722
212.64986621692333 -1990.195994654382
5289.347531900923 -3621.2309197341992
-5537.5297490926605 6971.086187227356
1252.0385244552763 -2507.6855324307435
9004.989861491114 -8619.173040680427
2715.780963730278 9832.077757673676
-3997.6686625195134 -5322.260657846152
3189.7026346902167 5258.642596534764
1745.7363812473322 -4857.689495078716
7441.854125521131 3274.3673596906847
-7339.6013756797 2531.467552397411
6631.781120504904 -6912.558363684176
-232.64993524979218 2752.3541241606617
-2323.1749866932814 -1453.0954109091872
-5745.62633998448 8095.362322824847
-1970.4889095738708 -6365.22207284185
-2235.0477672530133 -8965.160770483613
8312.928916508921 -497.7422419673785
7596.296250517367 -9280.824312533889
-7844.468860127918 -2037.3184355253552
-795.4835982331933 3010.2591241700266
-4913.682058674862 904.7684883119236
-3752.950480176749 -2704.4379605507565
-7504.10426886477 265.4244851266012
-8150.53222522841 6284.408542188978
438.4374126606999 9002.163442081132
3865.836325365657 8613.249331393694
2444.096582353035 9931.001194183991
-8391.181994967192 8323.061117927067
530.9689287992423 -3653.5632393895594
-8142.249661080083 -9864.746719365849
9250.20910499445 -3984.0602822508317
7909.954557987214 -5059.240069837987
-2132.537235048202 -1557.878255780206
7022.567860559342 -3969.7281680124943
7678.288560406803 -5788.430452135595
8799.216587305771 3331.8403805301186
8974.782098307951 4800.084388107776
-92.11289626148391 285.37276737703723
-4674.852763015516 -8620.133136481407
8973.37650091729 5971.816959276781
1597.489350322081 1974.9541779624906
-430.26389835002374 -6271.890818170998
-3446.368790972074 7737.007519063831
8945.157196070002 6717.255989103844
858.2969698464185 -8835.672706721987
-4556.223878053238 -9213.82026153074
-3006.4766405056735 1762.7485310920147
-1454.095711815773 -4567.740209343813
8837.70535325171 7947.860155458831
2030.2284454985493 -5187.232024999713
-4436.7993845597975 7913.764829791944
2968.5461438 -7530.313404397124
7025.9584207858825 -3255.6197270027496
7095.64498877454 -4194.324362864761
5965.166266904287 2219.0657311272716
-5446.043875010449 -664.7676040867445
-3899.5644780020157 -2434.8609736713115
9094.64779430024 -651.6179237047472
4608.585467042518 -4164.380465016395
-1476.1458231246543 -3137.501689774751
-7518.39025755703 7641.336771916929
-5485.230955347893 -9398.846223245051
6911.9461253681475 1642.3019139399566
5863.361718588671 -2772.8293010124407
6120.695605831326 5504.032838233668
-9152.493359340695 2170.3236815785767
-1061.0253669868325 3950.305885544374
-8443.656457957555 1128.4353740988572
8972.11043238625 -9905.420117107238
-4111.271063572563 -316.1268257831598
-3679.075987495821 6408.128883737412
1376.6538080970495 -3534.2443320769808
8603.874284723337 -7516.303177268735
9071.548589236667 3901.4362360952036
7418.368848352056 -1820.7358575212647
-4561.5800064955 -160.8647396313063
6399.078573468374 2777.311014412515
-4465.206098477239 -6813.146578342617
2675.6244419369195 3470.723679137942
1708.4811331516885 7200.993591761315
4801.5376741036835 -212.70671492505062
-1369.8031320646642 -4828.602891654301
-2879.082158534734 4490.516663437778
-2315.888620232625 4987.774313160951
-6941.239369195538 -3954.7911089903164
1571.4318181115013 1435.7999843187572
-2034.5627198109532 -7087.795053918824
3439.1507390433326 -1940.5795866929611
5915.360129976123 -4262.787078726282
3928.1222290314836 4039.202121912089
-5745.617839766053 9924.668920581877
-5758.330319002469 -4225.169635632724
-5289.975952663246 8138.212181140538
3667.9422960253632 -2276.848271113985
-9476.859437738533 -54.80329925503247
5946.291124657544 2531.429968752971
-4670.819390664367 4123.418645027901
449.94231019172184 -3381.22432947555
-8588.280750467315 8074.0353007466765
-8635.702162003461 4096.976484352361
2470.474277113237 8335.424411420001
872.2153415889406 -714.747678568503
9190.550017354479 -3631.483050728548
-9185.356167183152 6061.728071316435
4669.182946758867 4584.914457738667
-8622.95961456397 907.7059693334231
-8849.2030905588 -985.1086729598283
5059.004204012797 5739.096478853267
-459.3003164526235 -2936.8503391217328
9516.615149347046 -3517.349885673578
8812.293963625503 1475.991015290656
3823.9776715710595 3842.912587898354
-6307.798611727487 -5055.658403234666
9282.514085870753 3819.106485469956
-4097.770783233818 -6307.152019465867
8113.577913867899 7269.427347476922
-3243.3621048404284 -7043.953630748862
1201.9894677195716 183.51951857392305
7057.712230878897 -7581.60878563062
9515.128099633235 -687.8236204788482
4002.1515315110737 5495.697938617039
-7095.7552975398385 -8583.400475421297
-5794.661662859661 -7238.647258590178
-5298.307528033335 -1362.1741274248307
6970.070622346149 -3128.58777668572
859.8028994561264 -2649.7909230300684
2570.88164438519 -5981.501445951419
8334.163713112168 -6648.8631691642095
-3405.4143709171212 -4754.8180018167695
8996.09467042872 2352.428678847684
-6727.758219336172 9873.31749856962
-7433.866166099489 1477.1591894857702
8257.241719769449 2856.5898394602573
-5107.604820028182 4828.9157910570775
4448.7637484930965 -1960.7083251242539
6354.6755122047125 -5811.209074383323
3229.3730002023294 105.16286510750069
9257.228317910965 4508.69253694193
7880.064654053214 9425.867516261722
-7219.848061437111 3107.8227654063703
5955.598345357403 6069.498457924681
-608.6330332385278 -8657.520407604485
3047.4814755567295 1905.2616913276688
7578.191183022074 -1992.4069629762034
1631.5071897161142 3041.2765243395897
-7660.442482023406 4841.705169270803
-4408.724133783295 8758.218163240399
7086.938223974204 6245.3808695183125
3528.6613253886753 -2347.7055201178728
-1565.91416167661 -2313.689375862309
-7883.285223599885 -3123.1513887130814
-1187.2824762060172 -9747.341140100854
4520.034361093791 -3827.357250587286
933.3153732747523 2429.482345507695
8302.150522429787 -5197.324916874891
2817.229275827809 4411.333557673797
-7740.982575905573 -3441.851222528707
2458.321890324156 5127.433090641354
-7737.770035531484 -4321.9939604054325
-2870.5974782112316 -2355.9040678676693
-7534.888582955447 4825.21195617774
3930.7488435890846 -5277.647856742431
-9880.643728062845 5188.762425318431
5385.03318148998 -6952.991467481397
9769.43783911339 8331.157913084691
-3284.993180471587 2006.6607252936028
5736.52563733124 9576.889844342368
9897.32766077392 892.4564237585328
573.1850560751354 3538.234715425253
-6332.055825616476 6996.688010721442
-8435.33355979848 3800.470642820901
-1638.5173872325267 6330.578624108521
-2627.8793123738933 839.3751118198343
9799.11575043555 -1456.105809208775
-7442.392456500306 4919.670636892803
-2603.5786306913433 -1882.6828888279115
9000.296384348814 -5976.144734499995
8244.769182096297 -4988.2281170500355
-9892.204971583931 786.6356288601528
-8873.187597731618 9697.199675613014
6246.060612412197 6960.966500521452
-7741.321489854163 -153.4579489949956
-2044.1104366599338 9117.473492894122
8008.500017367947 8968.982811165359
7293.515702205423 -4920.167547825187
8922.947744378223 -9130.222632091856
7027.361179872882 7024.437420416962
4100.462358414441 -1937.7176058371988
2442.539100331296 4223.49395451937
-4718.088738252324 7121.0714239041445
1149.2164827439083 -3913.5594070464895
-4013.5669659691885 9453.315807990264
2560.4930112160964 -5544.6156295063665
2602.254127311482 2078.882688105934
-9400.026572567576 -6963.9733357131045
1549.3033819537486 9747.88013643636
718.7466890986107 1396.3241050270753
-537.5233081353654 -2912.3216682372167
-4553.985628990551 1140.919614189148
-8198.5674067322 7459.690826407743
1467.1422721777635 -7329.8425463581425
-625.1652507989529 -6180.497500052924
-4382.557188197497 2358.2769085265973
1973.9920993804008 6112.20708311164
-2800.4779878177515 2036.1573977250137
3642.8675369558205 9598.088030449795
9676.564241596916 -4660.222872397015
-4931.531685137545 8992.071229388235
-3936.5541460093364 8786.32134994831
-4842.344556212128 4413.651256783172
9232.12054928995 9365.658397947926
-3926.5529902847948 6882.27950061407
-9132.776373935194 -5014.312813693491
3835.9147894741454 -6543.524069929603
952.4018269784901 9285.838342378825
49.80802354805928 5103.217318311039
3437.385580918257 -1866.2108590158086
9403.07109363996 3997.4275358485484
-6869.641092079544 -8453.759324770994
2287.45106203071 -8810.318568734681
3879.720165742874 1825.3821554638507
-7775.578373036283 443.5149184123384
8753.843020548062 -3621.55082620786
3736.6820331622366 9532.011685489582
9196.997248985648 -8011.438738368879
7887.523445174156 6396.62394843587
-7965.901578829486 6230.818176189254
9917.379918662493 -5690.541164853648
-9283.489995664659 -8721.606883604238
6238.922915084773 -2456.448677629066
345.63096227723327 5519.164658045165
6509.074383086525 -2956.0842248741646
4780.552634830039 9204.196549385466
578.3609958326215 4205.462782324163
-1469.4201998163862 1775.1613524258264
-174.94603304428347 -9897.866608010328
6152.964605347635 -9431.415378128844
-2286.431354561576 7374.8992255516605
-2479.2870362437206 -6729.436136961118
-4626.363890412324 -7525.45233108416
8594.864675666493 9796.404909469235
4578.787062890024 -2931.5430705756644
4230.180395459185 -6804.608317816261
-7290.284281325279 9158.845052809087
2062.6966106731743 3731.693039976837
-7879.868244773956 6823.265808037366
-5327.86211511153 5468.187569791582
-220.27333846317924 476.3866097359787
981.7180555431496 480.7700894094651
2150.9284342993033 3165.39386346808
7252.377443188419 -7743.515705250039
-5036.8675519359795 2649.619913999908
3048.051323227539 6879.60855335182
7880.143457987131 -6121.702275457954
-1806.9178421235847 -1714.3996363682472
-9986.42115885351 5968.6023262590425
3012.4250488743382 2163.590195122275
3817.0351814003807 3899.4481811697788
6039.833476876978 2013.8920988953978
-7897.1748883579985 1874.7602846657373
-9101.272008285327 -9582.217873010528
5755.151466055713 -7326.745667595869
-2795.002545045293 8752.582052548478
8170.588610830022 -4709.990990511488
9110.505876193438 9385.852488790551
6538.798371458419 -8211.586084823708
9500.609119661076 5808.298120887299
-216.5819637023469 3519.360970485386
7878.519721654204 -1784.241810334388
-1684.896958113788 6727.807024361133
-4386.112698562199 4726.438130898123
1705.7290211253057 8055.143494176162
3502.4946152068787 -8279.677051985955
-3025.2013559581737 -8440.931311254766
-6521.500467973451 713.4914327121041
2386.1190614451534 -9389.04718279884
8840.183784587247 -6269.168610135219
9484.854815399754 -9606.041145347132
-4505.2955615555065 4316.440166314978
9562.092581019551 9713.470774366873
-9503.130077908863 7121.769510706676
9816.077157578155 4444.654960002086
-6448.503547918054 5437.366819520377
9186.320449481478 -819.7325957475132
-7831.566168201218 3084.8293633556677
-5831.193761892939 8505.095336300856
1803.8765348912239 -5238.610893719892
-9122.445826940266 -5188.287170242854
8591.110115997912 -2769.693362222838
-8800.168560714734 5685.494001995503
4158.375679373985 -7323.947492369472
-1900.6721338839316 625.1295940773562
-448.9407720369272 5094.018979218277
7953.657717089187 -5771.843276190829
-1580.044668629018 760.3022494064498
6269.562708887312 -9040.69789602822
-1593.1245420118485 -5372.13716727922
-2798.763712510601 5232.718760470805
-5946.5916368823455 -4078.8398583615053
-2995.7886789035656 9777.474211791327
-5421.834008717572 -1747.8599123636413
-3110.7046340128927 -4881.06628156231
5512.389960975892 -7743.770307106945
1698.0545216514602 -6503.039620183202
-5546.68848508121 -7952.22307042492
-2596.609230588573 1655.1349770932466
8089.197435945458 720.1604379004439
-7354.215821194203 8673.487302278903
-9830.452762265222 -5333.439041997756
-2652.200160197309 -2619.5058043600784
8238.428470376984 1673.1890802775233
4906.494902800181 868.4040945899233
-9281.51879212561 3537.518529879617
-6454.610026683241 -750.7925511227568
5327.641130326781 -9610.114442530245
-2885.2952746968776 -3973.1278862910767
-5169.824768185396 -9052.437291096932
-4039.4211935237226 -1675.2726053912447
6768.140239592201 606.2316134969533
4441.041375749908 695.1723701582687
-9911.079968285858 7574.530651488683
3248.519577877987 -1647.8311093759185
3479.018064227723 -3816.8470169180655
1905.7040170958626 -7594.757361305465
7733.819663127237 6050.743342256808
-366.37292144564526 -2962.98206210609
-2362.432801941972 5964.630537572204
1247.837200095537 -3445.4179208599835
7597.318469047619 2135.2012947596704
-1179.4206517736839 8858.256615774604
-330.79939846607886 1908.5187978027898
9553.93807449441 -8890.362290447929
-7365.2088942448345 -3927.4462504380162
5640.9100836105845 -6755.95493826888
-3570.0046566571 5568.193140996858
2848.4215463041874 5460.805327830103
-2501.6762989760437 1716.957220594435
-8861.672636946849 -3061.928477752822
-2465.0093242164958 -6996.848128321906
-7150.533643300725 4757.164439343851
607.8080212687291 -4001.0478697957487
1795.872014524697 4384.704225862421
-8214.64136755708 -6803.3000028789265
-9906.72652277196 -3950.9242366307817
-5827.525228962467 6313.483665624033
8608.052572354049 -5038.9351033094035
-9352.417303429807 58.8362579536406
-8370.14661062292 -2433.2353987943397
-8384.007777235733 -1592.8125983555929
6701.070596770216 -9115.846065931823
737.7584073477956 3092.4698074026965
6493.4752823099225 -2536.984192459291
-3141.7450409155445 -7656.930154474843
1204.270768431812 4621.147225699087
-7735.85078272029 6801.095093343189
-2849.1033260307377 -6651.895308983065
4906.984604291158 -879.2942099650827
75.93504544391544 -369.0082112756536
-4618.883316694815 -6083.95536888086
130.50276407386264 8945.091224694675
8212.274032756908 -4469.921988705858
-413.4540926902664 3265.425421488668
1407.5545795660164 -7478.555205970576
-5964.521058417493 9193.595484866506
8237.190523399287 -182.8156734447566
-6837.349956742351 -4342.451694509095
-9137.050856319602 -7844.993620612251
8144.140539749587 130.19108664831765
-3302.426628670456 -4260.461706347305
-705.5636664799094 3426.061458489168
-4725.809574908802 -1037.2328205659305
9800.546390588654 4873.530213466262
-4075.854848947871 -2410.3139659404096
9210.165590480952 -7976.687355765482
4706.263354841023 4985.914589716613
-6201.47868505023 -7957.669100611663
-7199.942311771745 -6235.132005519157
20.566057279556844 -4444.741767695279
-2030.062604134182 -8342.186022116393
1962.2103747366746 -2065.6468745699376
5727.0096667531325 -8539.055298347532
4036.3290015440944 7901.479974384274
-2540.4143716663993 -7410.631687693498
6126.2922586438235 8794.482616865738
9073.048136474892 -9931.282141525493
9961.820637016659 3963.370703891802
-4425.746231752259 5720.830452137052
-7281.024328979443 -5499.947670058203
4555.187421037774 -4149.231034609111
-3331.8554382687535 4868.6236039643045
4675.108334713685 9918.197025487058
-7849.096139931717 9991.526624499777
-5990.034113183738 -4523.060784448389
5248.669902425498 5960.140391803852
7532.385507169834 6092.307532507395
1213.0921980592539 5776.672299452639
-6994.932037053351 -9003.422234946296
60.15831076633549 -8602.507084615409
-9785.034135332082 7918.77208662542
-8312.97530515916 -6163.665217900607
9745.136194759412 3825.6819777847268
-5547.3882934072135 4199.055447676652
4375.703850072592 -7763.143353876174
3370.033016209354 259.9598904873983
-1275.1047928106454 327.05600110725754
1890.9642280013122 5552.936958978338
-9114.367766117619 4205.446020076224
4719.083441382572 938.9697740526135
3582.7190659892767 -3438.3888771035417
-1828.2536070468923 2224.8370600125454
1770.1684833907602 -2705.7872442356265
9316.097566329117 1646.1285343639374
8607.759890010751 4788.935607273719
5437.841504961587 5890.951469111731
2400.4479312494386 -6811.883189047609
1357.9317401490116 8829.017605095982
3353.7663711570694 9295.25403228137
-6305.529794845077 -6775.950644957178
892.911394210747 -8316.641693310024
8374.137912019774 2445.749985557213
9812.718250910562 4126.905763992421
529.5102392616463 560.852134086721
-3329.7330792952807 5652.914075472803
4375.635197239057 7171.041171723504
6601.399598586595 -9692.532194293239
-5258.701780338147 -8021.165864227171
5136.952870992962 1159.7747870025432
-8362.587693319203 3300.772286603433
9614.035599111805 -4883.358327050262
-5422.983274238298 4610.572480709074
422.2322903561362 7796.0156015487955
-5681.611192908566 3683.1583365021597
-6405.880579230685 1009.0365364703266
-3715.18960641009 23.772396360727726
3144.0343051630134 9325.819368329583
2121.561466019166 8004.659330184342
4078.5537216967623 -3249.034845289012
-6317.258062533874 -4504.912881420196
5146.675929544977 9710.58308373854
7197.5557511874285 -9241.253557555043
-5832.7676775013515 8353.38915928311
-5552.277335068401 -5994.132305553272
8165.583141767842 -5405.774714269111
2494.7130594422943 4225.659021937436
5571.1843685846925 -7620.875894555897
3827.5357293609777 -3212.0421890875114
-1627.8579151725753 -6673.172963652665
-5241.165807880181 2791.271330290572
-1607.5903611605172 -797.5557216229154
-8520.917043844674 7247.659875094643
3751.798505302646 -8395.272702068198
-9614.292583211165 -66.80576746081715
-911.4728247764633 -1200.7989054637073
2135.97482803978 96.00818332945164
6268.537626097181 9805.195371244146
-2670.4552385409143 -5797.7580982291865
1075.365442876242 6645.582124848974
-4191.407173761868 -5486.542923594749
5768.86301413822 7093.814165034008
-8729.548844080084 5527.380264351617
-2579.386337876659 -7696.354708349147
8219.747438338083 -4822.877548723259
-2421.59470244115 -3617.313614547522
-755.9506787586997 8172.289781831139
-9918.334944843145 -1728.263956351897
7179.054324096942 9978.697192672302
-9255.719663486076 217.60322632065072
-1063.6058881891713 -8328.33548870451
5140.7741819875555 1677.9299583982684
5599.161039709783 -1738.8355592323333
-1123.675129064697 2672.2869035736057
-3152.712859002205 6075.370950560346
8490.653296984921 -3605.3865060137277
-3143.0604897790836 8402.434473744477
540.3362529220631 -2672.157706437788
-6474.867899659423 -7171.404684504203
1423.6321357789693 -1847.6658364828745
3202.777693681928 8574.029866465105
-8843.564504613512 -3584.4636798997435
9076.442348406526 7616.098136514513
577.5106831987814 231.0422418329108
-7078.911244018999 -497.0524646970589
-6644.313645872482 -8798.965461513604
7153.134771721216 6498.711527037765
-8308.778565593262 -7693.149043260983
6945.171050935165 3064.815624836894
-2251.9131562681505 -1311.7847994837757
620.7323717639265 -8329.808396528533
-8376.564680736748 32.43861525165448
629.5314131173363 5536.476975693233
-8944.932158374719 -5279.309006228028
7110.597510485706 -1837.4387395048088
-1912.769962744871 7929.218276047115
-8617.188832514128 -663.880039535823
-6440.387054499641 -1440.8414098064823
7659.325569915836 7828.061294625932
-8446.052328546542 -6830.598750154546
7864.430194509088 -7920.9152983040585
-7172.863824406115 -987.295143886251
6638.419915231705 1925.841652592484
-1220.6317735505 2826.0766116419672
1448.0737027029718 -3222.5349881590873
5650.230941982223 -2797.806415947779
-3822.622232153599 8641.50915835454
-7594.6792566718705 -7830.566248422774
5655.155971749173 2011.6383905033745
5170.426421333181 6033.85429688118
-6716.693165192287 6867.666326522929
6089.860871801433 6587.252085509968
-5738.62694787548 5901.842481722497
-4869.9335975898975 -8538.79511772665
2860.2006619350614 -7426.441638926804
9619.136403550427 -5292.213706811884
-6220.518484370205 2707.9242171459446
-1792.5578745929724 5613.426478801639
4830.99777239453 -908.04286434389
-6545.932886299901 5303.163307466824
-8978.579541844614 -4114.609670360996
-9611.697927974086 6868.320732472515
8565.548832848232 7651.407450035866
-2835.0340720946533 5551.427618107444
1442.9035672703576 -3574.1206462934924
-1673.1355800780348 6947.970080237334
2817.6176539361622 9481.959441576455
1207.2222485434359 3235.352156687588
8973.609035796995 -9689.813669530105
1649.453479300335 -9884.77135393406
-5625.962563993765 5822.510807179249
6491.175798594988 456.1392562156816
-6963.911379472258 3901.955118170219
7153.891636743061 -5450.8297824202145
-6380.84463158042 -2842.113560117523
-8800.694159977313 -8559.856593893546
3456.522286142028 1110.1750393691054
6857.766484921816 -9022.387306809862
-9782.319414152511 -1986.219523369774
-696.1422822696004 2016.7335905882446
8970.444948886383 -8851.4004029609
-3151.3002541078513 -1355.1493168549423
7119.06695075941 -1362.3177480544364
238.03650329507764 -6654.575005952311
-9973.432561261418 -9279.787781201943
-1110.2568199456236 3692.716399488836
6086.556245342768 -106.08333255502112
4173.885964263851 -2529.59900937358
-8408.181060322806 9454.870023512482
-8266.971464488304 -9966.90201485991
2954.0008740902176 -7299.082955338254
2359.9878486150683 -2719.4434573201142
-3339.2650360716434 -7571.759712276749
4094.7906204345854 -2209.9662220354867
-4186.402230228763 -1661.1373897569101
6972.0953888389995 8453.178411983317
6172.315288590453 -1409.8323903356304
6244.895768568425 9389.514789292352
-5662.346650918266 -9044.199679883486
9929.833780062745 5959.400013817436
-3962.5191721082965 -1069.4160848691918
2163.995823574778 8375.118512116529
3437.5080814446446 8600.380638492748
5132.589732313718 2709.5431885750895
6980.245077796262 3211.0973658151124
9221.432908797415 1027.5933744112717
-537.2560554776464 4109.3253391729595
3567.714953730805 -7083.520196361753
7895.737301852489 9090.37514558946
-2672.975504124882 -4133.472467368398
2143.7990085771453 -7822.2399257284715
-4255.83001384563 -2244.864854078721
-1571.805563896498 -7528.546049821323
4509.846141176948 1112.2190856594043
-9518.881765306653 -6059.466496887675
904.7325048461043 -4103.738899553225
1472.0456199201726 2899.098967153732
-9122.854573204557 5185.880063151866
-4216.042572571554 5392.644252515693
7469.892480456318 6492.598840175648
1299.2234669121135 -7164.667792318977
-2093.4956739381123 -9673.706794291033
-9938.023867570671 976.9077830352762
-5833.43378739476 -2804.4396364377144
8015.81480690587 -5358.732482754116
5024.38099712174 -5598.951026567305
-7027.265517570007 8666.983985327057
6294.746715812611 -5219.445285467424
-5948.813049703176 4093.361652891481
424.15135377811566 990.4876117474269
5528.224864783691 -2126.111508498582
6585.218741851855 959.0764494382438
-6617.294068945643 -5737.781096796825
8076.7800760369755 2822.4726679729247
3763.561609584489 6504.118509418633
5101.464114901835 955.693361556192
-800.820945603542 8582.068026311044
-2112.758441426443 8636.11795629877
-9429.045047828735 -1502.486070395642
-2361.1180617178816 -2571.9535916736595
706.1395465178084 6939.037508246543
-9050.181477597362 8552.594811686471
8902.089935871685 8172.978701292701
7074.446219900929 7307.995424629593
4776.1057813991865 3606.356708611096
-3144.5965926677654 -1968.8543463383603
4542.043214301742 -7289.810663250487
7119.9306906081 4142.030570845127
-6853.068160999085 854.6033824629321
5003.92356496076 5488.426677208927
-8342.145306211867 -904.5843106048887
-7068.178872591895 -6490.923308510617
-9128.617385073743 7065.126486484511
-3124.9758385176847 -6340.695649372407
-675.1182401774495 -3140.42435052734
8031.042422527986 -5906.183059324745
6721.051278938754 -6825.234198581924
-8789.877789532013 9777.235541106198
2234.0662901487067 -7063.344987742548
1985.6250316320366 1993.6570387409465
-8752.24784659217 6280.000408075606
-941.0351001702711 4652.34954037496
3783.2286383344654 9970.608947146993
-1690.5621068335167 837.4560692522227
3205.503381799572 4228.63905524875
-9356.183190994421 5725.360172066496
4755.525197929179 -5601.122336268427
-2969.893359326912 5294.154866482249
36.23469346114507 27.19026827792368
994.3944284232584 -5824.564359124897
-4211.814033767189 5640.639408707755
1379.2512036007593 -9450.584465391032
-6877.660745824208 9892.027471780315
6306.683455128548 1160.1461095066352
-3165.3385837920323 2717.921319793957
3058.1581911869325 5328.408364140649
-6490.803584925037 3772.479673727008
7978.752955298725 3265.6171105439116
-8176.696708799942 9637.699764172408
5532.02230394947 -8957.135693830505
-1199.2101371858625 2173.9714780308313
6276.698142237186 2245.0122064868465
-8284.299564641986 5863.111134651459
9805.872018349248 -5359.480415790809
-3068.4533575055566 8109.334479173278
-9416.162069489896 -876.5268458961855
4167.8036621524425 -6798.102868519647
-7864.684869731369 7735.07879985492
7517.523493387529 8006.4214056243145
-1813.7157373283653 -2252.3630369600787
-7003.047719778342 -4559.786301350881
8125.219551877653 9594.822366963679
6490.060157492928 400.13925413051584
-1451.9827331460274 -2142.1396600070784
-4342.062081929767 -7950.073400475657
2669.4606261963563 -3432.0235650452278
4715.031912438337 -3762.9640891307163
5028.586966959119 2761.2731435765545
-8068.7732394875675 -7702.4842028922285
-9815.14204648271 5522.9802256366165
-3699.178862236492 -379.4436474671329
996.564725880864 -8316.212384108214
2026.4607882123128 1082.717435221357
-5407.574307572316 3881.7705832874835
-2701.8641552384806 2825.102774328412
-7708.125468774471 -8120.8139409929945
-2695.625816614326 -7164.971284850479
3499.061862792654 3824.2039102467643
494.7972140923266 -5592.987795239672
2990.1235786696197 -9426.583148388474
-8179.765682855235 -5203.804327642807
-3967.1950652242986 3241.7548082654685
-2991.377567785452 4240.589381448257
-3577.9387806583827 -8177.783741362988
7891.949591027005 6016.816747406559
8784.776823758606 1018.597143746254
381.5330664891153 -5692.692595234328
8401.291239795773 8360.18995242467
-6104.046004776546 3395.177834354363
9310.940724248529 -781.7903116576999
-6121.99888610245 9066.313496517549
4613.357451256748 3519.469761081931
-2505.996347497452 -8913.547256166028
-8353.198901726906 9753.624421009103
6690.974139099442 4234.351933407292
-880.6663338209437 3296.079115571596
2494.004002029922 -5389.612702698574
-6711.8354344035015 8119.435056062564
9758.38880555125 -2196.7583684770143
-4072.9573418398113 3642.128820653248
2547.9967826037646 5985.595774243322
-1908.9081575219398 1763.708470253374
6893.411384190331 -7876.975227070102
583.0210271481337 3061.9633591864585
9890.43098293616 -8781.405365651768
-5455.834116194471 5677.905715563458
1931.5185667199057 878.9136687980554
-6261.63276803072 -4409.606488981263
2319.8393189076105 -3524.3041710597863
3866.195199453703 2782.9491812583256
7597.5528466621 -209.83836211659582
3641.58837101288 4231.12819439872
-3372.949187075389 -5734.11343917291
-2617.5140066374333 -8310.443848042196
6795.87279876048 4858.987031942326
-488.42522254063624 -66.45764578110357
1673.0582040867503 -4037.1772757547888
7632.801053104162 9410.966533573941
2026.7210460051847 6997.662626841302
-7256.17439051904 -3814.1060459600685
9319.672701444168 1994.0549864379645
2664.1347170957015 1606.185440913303
-6368.057387174198 -3138.0869290017617
-2096.947137325873 -5696.875935019741
6416.083765970623 6025.6202559793965
-2038.5744274815543 -2068.1278559171787
-7426.828165634852 -1281.2711153731107
-9544.713759905771 -512.6363117525216
-3955.546695710883 -5529.884437770774
5469.335466041755 -4919.007955817132
-1554.3879732827845 -2823.2664080551694
3192.6064561635176 -7260.73344775437
1227.6677712281617 7646.385749926158
4158.21573535379 -4913.635781492003
-1569.457073645428 5607.222463594448
8303.626876625545 8698.301802836111
9302.373838955373 -6081.052175241439
1587.391478772457 -8532.772088738431
7889.665649502174 -9915.997254085214
-2957.142223660503 -5509.879685743353
160.42217284777325 -6854.726629858489
918.8798535548995 796.946055878323
-1695.5754989804282 7670.1528112324995
-6047.932694365225 9659.133754682545
6561.843630740954 -9240.936953089895
-7165.320372321588 2269.983063041067
3263.422387094237 2879.8365133090283
7586.77180789159 -7735.582101239602
-277.5156371325684 8817.624314356792
-3189.2563456256885 -7153.729062828001
-1798.9443987486811 -8856.714437247681
4700.97807272972 1217.072615575984
-1620.5745297691428 5341.49487798462
1200.7701530832237 -9448.907240153856
-5409.503788123307 3103.084567402404
-156.69713409772703 9937.164776536105
4537.3072912271455 -1725.5807228862795
-3417.068828364245 3508.61235505705
-5705.855010462046 8569.87885406821
-2682.4075307118364 -8591.630326686083
-5901.309320218351 -4608.1832036237565
1822.6674078045235 7287.167700888112
-5225.321815082997 3965.629136800455
7461.17159539372 -291.54865355931724
-4418.42599629102 -3514.1410079152483
7304.6697021824875 -1865.5408623062076
869.8175031382707 -7917.4565701208285
4193.843366675808 -1906.3101848987344
-4872.805498725696 -844.7167544080858
4787.178913730901 -5319.246337365537
3833.944648155197 7985.8053533176135
-4209.235491309507 8715.393373542116
-8998.76205993089 4528.067936195483
-1668.27893731521 5688.2341254949115
-6650.314240334498 9888.227589933267
5832.325344995026 4046.613928427065
5791.5802987971165 4245.095198671603
-4238.590398829101 6424.612678479312
-6787.407072329217 -1175.0469309451582
6284.155613563367 5097.19326074848
9505.689141373565 -4967.077165323135
5100.936613609176 -8760.860469913108
-3607.953531976833 -4043.670791351111
9660.381669329494 -3504.736299941298
-8229.193831240578 -7806.205825677182
5451.37839975343 -5080.870813018321
171.49963064495932 -8672.914609472888
-7776.74048011423 -6486.670544498407
6340.041747177625 -1658.991797778608
6752.939477616437 405.12703832193256
7071.200897658142 2909.92812257036
5172.314772380274 1117.0531344904448
-3892.5026152968485 8707.776807153976
-2111.237603713954 -4557.155126038039
2256.502877122606 9761.69017210645
-4223.8972372305425 -9885.129435731831
-8164.448723789142 -642.3062951631546
7582.927544889197 5749.990426166094
3134.9020393283517 8120.149167459102
5399.725458899718 486.56425864889025
2797.42452780064 9624.937273575615
7545.764536257528 -2723.887477298239
1844.9130859340748 4269.650014654169
-3618.775481949734 6968.912535700823
2538.154985045114 -4887.66084614952
-7680.393346879515 5133.589176125612
6339.925626164475 3003.6464772888285
4709.973530354253 6976.548353959806
-2042.8940380658141 -7424.566151920857
-4721.893193864259 -8222.117865719405
-9229.85409272257 -4487.706564670688
460.20149471753575 -4063.8564681711496
-5084.866036358891 3020.623704796544
5232.245150478315 2015.1886440850012
-9134.233345846631 -4476.786037472071
2932.7644491759456 112.05197071832299
-1430.465197631067 4345.5797389047675
-6903.850954527581 7415.604863923065
5024.4798351585705 -2476.4363514833794
2458.2965572523826 2001.5309738491123
-8360.094240541384 9850.00030426844
3065.854758929354 -2290.0657900844726
6806.459762915489 -4108.479671418643
5814.862191614551 -1622.3324242491217
-1191.9682808763682 -6055.139263704028
7764.13085561739 1748.2659492274252
-460.0571789740716 8765.319710023618
7213.233909095423 -3941.8640220764755
-9545.061261554814 -8611.727148461863
-8195.504497252397 5598.442275518713
8740.5269040434 -4522.030918573183
-8197.07513807711 -4522.090421573082
3938.2231280044307 1376.0774381663632
-6772.458477574479 362.54409707814557
-6952.681797154955 1385.7570605365272
3652.096515907244 -2855.9476502375555
5612.793100286601 -7184.69662348824
-2737.2918705249203 -2710.4777335920317
-620.9526203818605 8918.686649689116
-4845.53171671799 -8949.284115967932
1798.1425341274698 -7891.391076064924
1868.6112474337824 -7237.909078256893
-6986.719172539382 -1319.0416538172176
-183.64633376301208 -5867.532395203405
-8104.7169655105945 -222.16223987267585
-494.9326821879622 -9263.979750903158
-1708.1454277597531 9429.62804332824
-4623.048842033173 5834.072441305232
1856.4590512438845 7254.807860308687
4589.930095007792 -4790.060476136157
-9344.346617531915 -9240.437851763772
9215.008089774667 -3125.144896354146
1210.7702990967337 -9832.536442748782
1093.8650601682093 -9696.210620299746
5711.858025470861 7322.8159931836235
2994.989098321208 -8714.233404407363
-8151.170628423155 -550.4853289541297
9726.191824237168 -9475.963005067682
-3963.207376650539 -1589.4356258853186
-1494.1294691973762 6797.283742828189
1769.5762580272167 -3398.314532052873
-835.0860619260911 8793.78494857459
-8582.511956537634 1725.7006073643643
-8354.31156116583 3656.2601579103666
1992.375719368094 4432.700158436372
-9215.937841455105 -5174.09989780375
3235.0961081419355 -4825.760058293958
6504.960435741585 -3050.140345164851
9837.52444697752 9608.13112310441
-8668.520321817501 1417.2817858224298
-1306.7313787686544 -4496.357028247502
6502.111601234556 -7485.306634213643
6778.288447029405 -1664.7680428657404
-6989.830146117047 1242.399667422591
-4405.361768675722 -2383.8100275706765
4524.028731477863 -8490.712152366708
4067.6030880640556 -8488.118925050201
5416.335091248817 1724.222521323829
-6631.48650983251 3385.527015956013
-975.1380573363986 -6271.991738012295
-5657.447471159012 -9332.234136573177
8787.227271036736 -9439.333662049825
1052.926169189548 -6195.485059934492
8036.208505924507 -5265.43921286266
-7590.241568948433 -8974.0780506388
3011.9418015828596 9484.684331330314
7934.145129766872 3292.4950253517036
-1958.2043134823816 -3106.7988231119316
-6585.198024489719 3012.7636790667784
-8141.728041623606 -1163.8767365388048
7546.78661455174 -9.886671676655169
9669.789567502903 -624.2274184494327
1598.8056591351015 8544.724101088035
6868.7563397116755 523.4750494693344
-9262.354760748645 869.8078422990857
7155.859296833041 -2777.301496977693
7845.2951660454455 3419.632056238195
379.03654662410736 -8046.3571527491395
8496.372124915517 -4509.896140010854
3530.11584046357 4536.056532398185
-779.5275905518156 2140.948987284619
2111.6592571449 8507.85283070623
-9743.877785052078 -2778.171882602296
-1518.9475547745315 1882.857102932836
8710.019292582132 6502.992625457318
-1201.5609419782104 -2858.17019283056
8367.296769863733 5774.372936788324
-9150.387102384939 -7013.349328386232
-1644.4377576898278 4265.274785462365
1284.5124786504457 8688.370411345044
4447.5091934845 9850.134508403204
-7293.48804897727 785.5912874586957
-6006.082787358917 9244.070740421303
8567.20480577019 1440.428013039258
-1689.1065219293705 3755.248929086385
-3034.06614145628 -2064.9178050296605
-5197.754937241421 -850.6464821056252
3222.8387825641476 -6407.154395804098
5179.885657256575 -3205.246137208029
-4511.272129537149 -8166.877360822997
5852.238943990646 -7504.786282347453
-2325.3939743405463 7120.852441651172
-8117.4008065832795 -719.702496023463
9628.236915357676 9246.485842028938
6876.4710670992245 -9088.111791421807
-4245.371971506568 -9326.544802311668
7738.922453152962 -6021.477440154784
171.87608873769204 -9384.143891736128
-4549.978770618628 -1812.4693266768818
-986.6674980754178 -5940.153601647862
-9161.538269270692 6828.247379485416
8631.58390613069 9118.038788246075
7790.513429880735 -7632.162327650955
-7770.732102759246 -8093.044909848861
-4586.546050168954 -4245.427309084242
6836.283359124711 -5436.617470213594
5379.688167606844 -7758.337549078751
7572.483203547843 -933.7355477413039
-8990.223771235942 1408.0362230957744
-3220.53723273358 7206.525609296768
609.6303435617319 4540.744614806708
-8125.40190013441 5348.0247221078935
9159.174502320864 8656.940842703341
7675.013017289537 -8451.397354957406
-343.2194895169723 3181.6692717960505
6458.685636530616 2160.979445968651
-1744.1590813735802 -7339.016003844949
2174.439378212812 5209.026910113824
5786.856692672009 -3121.807741537492
-6017.905834639008 -1364.2622562610104
-7659.541521100066 8354.305593014557
8698.576884188959 2944.9796304948304
-8706.193675822906 6452.049966660357
-8254.66260129495 9809.913132736106
4494.843979550205 7166.0909129492575
1836.930900911122 896.7308735853148
-8724.081045031653 -1829.6189985554802
-4079.830070902879 4453.154894196736
550.3087676220839 9806.844629299048
-2232.2276855069067 -8863.086869248655
-2547.7796835452546 4437.883102296961
6149.976940631341 5110.19625256271
-6187.130289883978 8948.46135554662
-3347.8941706139567 1601.8753285024904
-4777.725031287283 8171.83300637643
4975.609301856135 -2059.953605657519
6508.425566861581 626.2238579258028
8954.644241515056 1483.2429912341504
-7827.475471722975 -7811.908059380868
-8460.22585515103 -5070.5513405264055
8651.033700664302 8190.849125051078
7644.907024186581 -2842.1923292289475
-8767.72098689231 -73.77811179058699
-5976.877001878278 -3941.266726918673
-9962.595450419094 7638.705242166045
-6768.4282283866205 8733.872408732332
6682.497691315624 -1158.161256484842
-9734.850484832865 3998.186503523717
6070.741791496543 8148.332224904232
3583.202649060937 2292.175303872853
6220.472350900682 2794.3267559489686
-8976.97201155089 8913.060591304627
3117.056801729941 6651.381862544622
5488.480073125165 -2100.4792183581512
7283.547141910582 -5241.9603682083225
5321.517356634295 5955.356020499823
-5902.926736100445 266.1107687364911
9909.05949643569 -1526.7615970606712
834.9969979828329 -3814.8886466651975
-7652.946598794201 -6979.510102546668
16.8569422759374 5421.541540664417
-2121.821397088708 9574.599554369386
815.1855266445455 -5651.9941903312
9339.154883337847 1346.9890119347765
-1859.7106929259626 -2499.5706461281507
8998.14391710574 5209.30932377347
2461.1367432960924 3989.9266593459743
9932.271234555345 -3462.680293612788
2506.5121232952133 9829.147552609593
9489.820157084032 -286.7887950882305
-2302.3657633154235 4611.211899884956
-7598.807365326034 -7422.01298101991
7495.467804048749 -4157.375652478796
1747.2439466357155 -9198.685962539737
802.9828858510227 -280.15724001577655
2263.1514316493176 6437.029680223255
-9855.34019225794 3252.4526741934806
2350.4910277182935 3858.2789752032513
2552.550739670849 9374.186174005172
-1310.264114157675 5817.026590544381
-8079.738990686802 -5953.701977184868
489.920824111412 -7451.516809842087
-3956.777248295549 -7653.899396396122
-818.2552537054489 7641.751342363841
5645.688513441975 9146.732699971082
-6245.079208347615 -4176.206811872538
2401.881746303221 -767.4724046841657
1960.106174718101 9854.592053197091
-1709.2195604944154 1557.6155213626025
3240.2817076027295 -3592.8363016385492
9581.055014210455 2843.692431473506
-9474.014498519819 4106.86219547088
5324.685248599511 6826.147631654956
-5076.6797749598445 -9169.807818400895
2444.838188312111 -2803.9534549377577
9843.208756554086 1914.1332496401028
-2664.395046157466 4648.727473556255
-735.1188140697868 6102.757585161298
7348.230774463373 1438.0647740931545
8596.123628496101 -8141.294819463196
4620.503827367902 -9551.273487379132
5987.342128248112 3092.8589352406743
-586.9983064314893 -9962.966148611224
6976.027327617408 -9583.652201287669
-9552.084846465637 754.3184256358654
-4017.256906926623 -8305.213283607738
5703.2175707122715 -4445.051367372796
-5550.718632717184 -6014.566075912677
8696.965539374549 1204.4775476309933
-2695.8303195425096 7863.749035873439
2503.5492962996505 -4658.350968726539
6960.241994447351 4696.588323962234
6575.7509709421465 -8988.720267594528
-2806.487689024433 7595.079115336226
9903.49004203712 -1526.6868798375035
-1977.8687992543546 7580.982730434611
-1877.82377104007 2706.6245508559623
7098.727406588059 -2073.857021723047
-8109.393633811716 -5735.560184602588
3148.970637745928 1675.3936077068538
-809.6035282099765 1001.5070646158165
2633.7271730138 -9960.91554442927
-4844.054988887492 8681.443903896274
2081.704708788033 -7357.840320146803
-374.0248676740757 9585.96569888217
5434.018481833986 4542.518777903533
4814.725223158248 -14.017623875206482
8261.639482353967 -517.8526041322293
-6667.110662764621 -302.17612788346923
-1138.7790382045114 4010.3108343480453
245.44024100084425 9936.148683428102
4.320868169845198 -7081.131057845316
-8064.494511184419 -711.6390037962719
-5490.413861362431 -7144.444226604576
-749.5130953511489 -8126.351929953921
-7173.0247262793755 8031.859340154275
-7261.347507400529 6613.028269580755
-8532.35599237986 9617.890426096888
3741.460889288581 2025.085979865451
-2617.35711210098 -1282.5473800935288
-3311.0890503621686 -2924.659444416422
-4711.898588725001 1742.2602311730516
5152.228320552285 5345.494161887262
-7545.877809889929 6555.072100907306
-2959.745709742132 -2847.933823977244
8619.1157753376 -2072.7344776150394
-7217.090363748098 -7767.782615245409
7460.857768703641 1657.1632971654108
4427.156144909439 4227.840994852782
-9549.925911189643 -1878.785608777871
-6722.104459127875 7437.2831491449615
-6068.112486141037 -1919.1040482913513
-951.7064785996827 -3832.6700369495147
5924.996359778395 6244.003452004154
-5558.979065913261 -2493.6109197103606
-9602.016198009087 -8620.242988074839
5663.973644188325 -546.9343711887723
-6323.309398291941 -4287.045234467532
-8408.978423024842 8072.621001692685
-9843.892730000489 -9126.837011860029
-7889.595362699842 9717.080376678947
2634.787671557391 2850.734271702344
-339.5989836691624 7333.03503120755
6359.299600793682 4212.2127617533315
-2966.064328629396 3494.469499311028
-4739.225181209681 8253.472089596282
-759.1726846679121 -2963.773911724492
-6114.858481997012 -3180.2893735535263
-2451.604451942977 5026.995159971399
-836.8417962253425 -8802.784451101488
9778.192922419825 -2690.994426340647
-7564.099823865819 -6217.421606393205
-7481.350469130026 -3055.129117349624
-5954.123626100481 7160.836652256283
8120.451117176701 -3349.6805978382763
323.49080298176705 -3225.210823301286
2173.5038427096806 8654.840353194872
5943.091230601973 3543.5193189980073
-4378.632121518235 3420.522742162164
-6607.622176369228 -6411.060251418663
9751.07927827691 1262.6846549178426
5693.48100883591 -6345.049058945449
2003.300378560969 154.1430894971545
8533.54076989564 2854.593937487487
-4120.218585502926 -7141.729022987415
-6392.840433001205 -5943.6535672856135
-817.861286966543 7024.257417248726
-3757.3717326174183 1521.5152967698068
1397.9914003234662 -7008.7157791903155
-2721.6509579533213 -4669.5756123242945
3257.5281800499924 5786.599382746694
-8324.571168713646 7685.9213651168575
-684.3971280924688 165.75081691197556
-5503.073855500394 1358.4654621771424
7871.500224961714 531.5352973602967
-1346.2201740422024 -3662.1238867828442
1620.5276333975453 1181.4873865601785
-1788.0241464096634 -2817.4254651788224
-2861.362440745903 -3427.980971068536
6075.039296039657 -9392.04665939105
-8366.699731286413 -3849.398111307154
5500.466379759189 -9468.725771325546
-8649.10483731494 3795.664989460316
1178.250815892061 -3908.7098481089133
-2387.100294799793 -1982.8360581891793
-2505.8198021707385 -2913.447610659621
3660.207892768516 -4190.9471948378105
9120.119061559439 -9172.838065071788
8316.92042770208 408.17747553948175
2218.019041378284 4570.49065755341
-9057.997016724781 1202.3934337752598
-6686.071512825553 8512.1930528425
-3780.788487024347 -7356.025363826866
-2707.1857656256725 -4270.404313090932
7042.748006880589 8262.686568503708
-4015.477040937725 -2474.6562378664885
-911.8893304475641 5736.159481734863
-5544.239898419964 -4705.035533384112
-8385.344287124786 9463.482553186637
3392.4767922899646 3342.7814592421964
-4371.595881046042 -1798.7723075947906
-7148.397421149411 -9003.598127383757
-7259.326814176115 -2940.6143483765845
5180.580556353736 6920.776320865891
-4109.874652729098 -4482.019151925034
-6952.297298018908 3708.61728760227
6552.877779170125 6113.4159189591755
2295.765091203197 -3375.266238322958
-7852.670327517437 2056.868204397988
8726.103071915048 6807.630483214398
2047.4083127533686 6285.358620445701
2939.590229539306 -3717.5008446074735
949.9613818193775 9309.374668110944
-1994.2790017168809 -184.4957827827766
4299.051455038316 8709.225449027239
-8999.575502194437 -3059.9460516311483
-7948.055426908159 9245.584773752034
1347.7938858864636 6411.5309077195125
-5721.385389755711 -712.0493243864566
-3579.5629235971282 4897.724157543724
4918.616093416327 6628.045087835937
-2002.3001789642494 -8111.996496779874
8476.20538018569 -5266.551579359316
1950.5293346288672 3605.0419885830524
-1483.3672476576685 9110.047839071172
-2083.715266186956 128.68882083835342
6533.543407581783 2680.1593961883373
5746.3345224411205 -8007.635868304786
5089.471351823311 -1053.532113567997
-8846.190592587138 -4811.869061686997
88.43197221584342 -7799.796080477501
4258.4014606508845 6817.389408122643
3621.6517728847048 -4854.732073944392
1619.6550121986056 -2450.091872464839
1034.512017458066 6048.276848901414
4869.696027053213 1604.691990759582
-6305.196699440998 -112.18984174732759
-2799.0967331487445 -9858.024465441047
-7600.574766525759 -9035.601886730276
2733.5417935297774 -243.60307233643834
-4561.296616139832 8046.082312056475
-6817.084549879806 -5812.794082015669
-9955.491870423524 7362.65582778315
1265.1242238986597 4412.122983594587
6280.413333704048 3624.9811659817133
-9074.95500799542 -32.73443196063636
8389.147447328305 4734.053729637784
739.6855990002623 -7363.679428569183
-9805.36953020772 -8042.235706361138
-1255.40569218163 2577.942337616081
8362.916015639858 -5908.398434725932
4450.532247573054 6511.121890979364
158.39060709790647 1482.8034871204436
6962.155819373882 -2245.943797935195
-9211.382239662365 -6214.237601396391
-3120.0162173943236 -1287.158969191065
-486.7624382504546 -6070.240621509844
-5938.550236112048 -2157.9284858248493
3399.368569036822 -9981.611830239994
-6663.615121362201 -4849.7658529228
-7062.007476128951 6743.309967233214
5916.790539206921 -7001.456989723602
-5307.170942186322 -1616.7337342930514
5510.30735254536 2242.65881608414
2735.2386360690543 -3427.4541315237857
-4958.693446081755 7692.514882897056
-7174.272585599992 -2238.5988693642785
-7596.932893403925 -8583.755090301602
-8865.343841677326 -2345.8300927818373
-8190.965248879414 7589.99976050984
-7248.214168800116 -7100.839915015274
-8919.320327002708 -1603.7864428094763
-5683.673908834848 -6082.381507259091
4604.018499710455 -3101.335192582653
-193.81740662546872 6997.402165606734
6706.379067733764 -126.54062615927432
-1142.869961680406 8640.23271268585
-9150.468636938256 -8749.156709357201
2939.6709348877466 -9360.278608909342
6304.8303984398935 -4876.471503458488
-3696.6303058918456 480.60149834835283
5870.554991921397 -3796.9914873641537
-4194.518189625429 -1612.077182271314
5711.151546372466 5156.111332053166
-3427.266114191576 -281.7950503116681
1542.6293300608377 6429.820559042437
8902.134824969442 9372.863833216932
4157.87779449556 6973.180620981424
5888.73521517195 3527.4815127130114
-8319.787530785294 5690.8817172674335
975.2819367591383 -6791.220797408019
5952.990235173231 5513.895064239838
-49.257409849202304 -5885.556329536818
6117.657762022049 -7351.677213003724
2881.7107071941355 7559.217694131508
-6297.867260226649 -9135.604014177652
8042.733628198144 8543.968671479593
435.95253304734615 2613.341684278137
-7881.372011166576 -1317.284196732804
2528.1447311775373 -6689.377505945042
8783.894265270017 -5914.115960402352
-6711.674748461601 299.8247559754036
1221.3551470931034 1286.3320809013094
9741.031710279865 -6187.732302231152
3224.188806836157 7907.982882608878
8277.86237675463 3663.170269031014
8232.553470199655 -984.8307766971157
-588.4987754957983 -7523.995431192363
-4011.9753742167295 4944.083230207763
2340.2451667899077 3902.4458324630377
2446.1113110530587 -8093.99510322248
6301.189358666681 2606.102070160232
169.13787276243238 2765.2632895184906
7584.74334038666 -8296.002124566552
3628.8102740960985 2133.1621795770225
8602.699028713818 2910.560588166767
6679.8257449685225 -2717.6046577179004
-1453.4162197191217 4804.6418100566825
-2077.097860093322 -5625.262236977757
3942.581268138898 5440.888629193581
3757.6488476827217 8108.103466476088
1803.8211837967738 -3047.442590205782
-1367.2803479376544 -7872.680162613342
8100.376466270405 1843.6484781202544
-2667.2706564223627 -2593.731150471792
9911.835852776348 -6655.984501096633
5098.442279169398 -3702.6863444975806
896.8498774789423 -4498.106773930524
7958.769765220572 -8942.78810078996
6608.583889435031 2614.057652565896
-2139.8502376394827 -2602.991065189409
8704.53731741514 -7855.377284288874
5010.916546646726 -4033.3302960343544
-4756.276350875874 459.2569403156176
-6684.720356229818 -2326.498124589074
-1966.2662738027147 6502.379768490104
3853.5971727514625 -7653.301206181031
7384.7438656027225 4970.684541634424
6072.619947163987 4498.608488030213
-352.95546202531295 7587.116477283438
-3318.5502130330733 4796.62786309138
-6446.779272933001 8755.20534895272
-7794.039492199836 1347.8872248710613
7655.624639170048 -9825.54792215218
-7263.524502923311 1012.1837005504531
3044.324103133149 -2076.7709739485917
-8389.474072939227 7696.898219528553
3050.2375208139038 5066.448755296049
8604.534752831114 -8049.087246952762
4782.702436195961 -6978.96021388693
-7334.681433686003 4162.823536435946
-3879.753556735839 5713.028240067992
-5705.683603910638 -7717.967553889213
6167.870222649639 -8014.16461926702
7404.4935124638105 4219.575288992033
7213.676924246327 -6229.842215191228
5801.900906162369 4948.827385988152
-8137.780300222521 201.59036849891345
-9599.10860354902 -1185.4868043893257
-9708.537184457715 -8827.070282275727
-135.95549606823624 -1328.2809468309333
9474.788263389135 -2266.120332119921
-435.14348940865784 5214.898879880042
8729.011553972916 -8698.344137742308
-8396.688551128114 -7779.864116199206
-5906.101685371061 -1178.2217919078412
2061.459698516004 -3587.7883866841785
-2181.7942306143605 6819.106234063627
768.1712087718897 4281.307431649175
8621.80478632432 3704.968957388519
-6450.741619017404 -7587.54793816207
-6577.0283801142805 -3242.9859498184624
-2728.8018819136296 -7245.893920255667
1864.4639180538761 7864.178271688383
3943.711552194489 -259.4452888585438
-8758.466131756946 429.97571632698236
1728.4879695372128 -7703.935982319468
-8670.443406846742 -1246.9319882285527
7908.380172746161 -9512.961934711242
6128.487622678451 -9245.13291785564
1703.4194691404118 3951.687314580933
2685.8903866628243 -4900.292306713552
3277.0342210987055 -2774.9844711323403
5929.809885204986 4553.899414933225
9357.889751430139 -4309.805643338081
2837.2994813320875 8855.750306350306
5609.793402436553 5125.693831868439
-716.0667688638005 -7580.551846390777
-8785.856906631367 -2319.1951992555196
8564.17539237007 -5128.559715608229
-7913.572305807351 7600.481162566521
1842.0099783431451 -4281.2291101340925
5730.3209806329905 1133.70020317122
-2314.2524909550975 -1625.4255722044236
-7060.0625744758745 -3202.1673873783648
-9639.507998907284 3316.743614985
9392.856986104103 -5465.215885395769
-5303.760013677499 -4668.4561850338205
-6366.454224451719 5282.9576328777475
-880.85007231073 5594.74017292327
-2971.1546406930456 -3897.6328785008654
7828.033382379257 5768.583019796724
-4015.778847553286 228.51129262163522
-1882.3465505151307 8343.777550624192
7041.501273197824 6293.898813277654
-505.04913034404126 5131.344088337895
-8564.139896926783 -3555.6004457858935
-2496.1541317882375 -5889.943732480605
7271.844160245026 9190.874689191434
-2931.2030317469253 3760.931279407041
4685.251940463648 -425.1800911831597
7686.828797749527 3571.0168560402726
2189.7275976283727 -3409.957482903096
-4057.7273473518226 9564.512680827742
-9136.048582453435 -4209.336736207856
9587.990892338581 -5479.962030185521
7117.336295656354 -6370.969057272576
-8168.604772429598 -6041.362595528779
-5520.813554094273 9305.401258719237
-5516.905121775278 1037.904710959945
188.2833349809589 9774.527990926406
4270.540416513466 6163.382369405177
3316.9225685333186 -5957.413460267957
-2111.4380238471613 429.1674977446055
7745.425077465257 4001.1335985321275
-1746.7591298250063 5925.456631263409
-4489.789857656346 -9216.910873959165
-3054.937521735179 501.5184248968544
3880.5210848308634 -2010.9905009587937
-4028.141014661528 9748.382945805075
2975.9414528159086 6120.192673052452
5751.5520138546235 4766.311249287741
9818.868837904181 -3831.5453779450118
-4390.736973920782 -9292.115028188256
-576.861200847572 -5449.321912711837
8102.8692710812975 -1861.651175973955
3852.0300107640523 -3560.47052335263
-864.3709428293732 -3069.393493186334
6135.903603541747 -9969.981255451332
-7915.976168754762 713.0633686292385
-2478.2217583786532 394.8515721822823
-3936.5042555788878 -1185.7167368220507
-6265.854056214786 -1680.1874686487863
-4025.701623609608 2199.2114611604666
-1241.603967419167 -3126.306160618795
-4885.804425100675 67.49581322428276
3115.223817818245 6455.57183184446
-85.70920240621308 -5414.782962389979
7676.437160059115 -2324.497408260695
748.7879126503012 -7352.87146776237
-6220.385033347839 -9336.995422158563
2789.020613716728 5617.276088772776
-4268.912556584585 9260.967437125404
-3483.3794278960077 671.6567605441851
-7256.250776836823 9050.904652955676
8780.223886874552 667.3579790277836
3938.2481511844453 9268.764895070773
2174.6413014653062 3388.3907388103853
2243.118401801594 -9591.223725181066
-6959.0361243801 5569.223782794035
861.4604383417591 1676.098145803995
-3469.413694678078 -7727.201909303654
9428.80168042576 -4562.676389624156
945.6808670383325 8000.584791151243
6068.805077768815 9431.163756245169
2963.1730102119363 2338.032959988761
6260.518273927475 -8260.075563218943
368.80559753059424 -10.468729845550115
9762.894538243709 8385.664977796125
-427.5839932511408 2732.7934273329756
-7200.658374436955 8903.21507958066
-8554.93657122929 9123.352984203535
4287.08854288084 -8644.50007205752
913.2003755918413 -3294.362749159781
2103.195409318585 4994.913338318876
3264.591155416785 -8962.12394743316
8211.05209749654 -3862.2502360661474
3265.225221382567 6013.871446213672
9928.25767160835 807.0005217757825
-8044.003855738931 765.4449539889392
8698.787569858687 -3687.913631127002
-9607.544652773071 -144.8439675294867
-2560.59959081959 3172.391538151167
-389.5240438940982 5519.669926145025
-7137.7397436678075 -1345.2644636722125
1745.1955329707343 -6600.071630804671
132.78301391304922 3683.2152054815597
-1499.8669325647243 6495.066339697787
3803.7455896113333 -4006.892425795352
-9942.080163582163 6002.789156460089
1173.7329908523006 4138.832684524345
-9956.403862353904 2259.715383427536
2050.021447364288 9329.230568939296
295.9747020767427 -5829.03408892238
-7646.966278721521 5051.7130701520255
-7027.911153591833 -8680.937045563292
-1918.4682216700576 -1939.8938716411985
6904.287849549251 -632.0176756632482
-9135.256710579419 -1460.6974628474818
149.05849197509815 -3571.011376903097
6659.645750750366 2123.1143506089793
-8688.799912980594 -4269.343681568152
5108.675022454097 -8070.004503345946
8496.494199144214 -1763.7329198307598
-1344.8624034022669 4894.5921588378405
6640.553065037635 7777.555057723272
7720.658845017893 -6588.649135406872
-8518.938618185988 -9175.453961849302
-8918.988494509305 -9330.289294052154
1585.149371000276 -6812.97101301654
-966.288733334899 -3951.3355683585387
8613.175007268335 -3256.0326843859584
1032.79808286353 -4448.2214776949
394.7196186471301 -9277.049082409067
9173.239212959743 1502.0283660698333
-8587.863630015228 4102.556715721708
-5760.553422728593 -4420.912084920455
931.5130819888018 -1613.7146369291895
-8010.598802702709 9770.002697044714
-9709.539756566763 -6702.496681794876
3927.9374542441583 917.4424679752337
-2253.3589854431366 -8129.386302090685
9029.75178921895 6288.025786521961
-8189.483031349363 5964.459905465987
704.739968606762 9946.47853066471
2130.2965049575887 -1600.2624901798317
6755.296005541721 2709.678653455574
766.6111326511145 -6277.015900990356
-842.7584521469435 2067.91035104796
-3911.021629505467 6025.488848634273
-4796.925635332399 -7301.055983434348
6545.631081212614 9296.247307507154
-8121.727404590367 -6936.171422037864
2202.8410026897654 -6536.129810974627
1298.4074655681634 9061.572386186115
-1780.6217468877967 7583.134787986452
6616.85307934161 1833.166737289639
-3683.7078469605867 -9452.35180911686
-4980.076336971504 -6456.316296527384
-2178.279435871109 9260.86883883243
7258.279895977223 2334.470922520455
-4985.023780947462 4373.529885999225
-8379.505024643538 -4374.266304196721
6263.6795729444675 4496.2657601092815
4336.693145920299 -436.90897199337996
-5157.749733240576 -8777.958052389318
-1892.7932667078067 1639.961972758625
1339.5835873205233 -656.2320123834797
5783.230924196003 -6609.077939557837
5208.2934789821975 -671.7599676614755
-2816.517022920073 539.4577370358475
-7722.590295284379 -7591.6345365409015
3612.9082288015325 -903.1815238336058
1944.9660572389057 -7418.625337481273
6856.499815959662 -2353.045378745899
286.4417303143691 -5648.464718420805
-2746.658638675559 -1584.193645466441
-6540.454995459468 -9768.36308682687
-1086.9997366211555 -7288.507835866214
-444.6331823792134 7818.323356784938
-781.5589440634722 -64.77664150750934
-3559.538689386035 2682.106050280763
4466.649765727316 3601.0615464825387
-1846.0647586097266 -9636.30656956672
-6169.79549788893 -7334.097797089021
3068.167605938126 8444.034156514477
-219.95629727844062 1959.3634147161029
3291.3113634589736 7956.27148263908
4691.725772080998 1616.531903125222
6684.252312464381 2333.576331046641
-9435.49794607203 -7845.1999682931855
384.23945618683865 -8362.396735424623
-8385.447714811558 -800.684644530309
-2128.0657252083565 9988.111483366803
-2039.2298908566263 9849.832711931711
388.145738550631 -5084.942359903151
2703.5114395031906 -8704.945308952852
7901.060307166619 8780.2582844016
-5596.246884446466 1518.8203732136608
-5155.690918711777 -5533.504016551058
-7697.86331801179 1805.7789311806646
1490.7263780461035 207.72816563590095
2574.410146887216 -8757.525218612476
3096.218308863423 1734.8360009578228
501.80686578855966 4523.050601213741
5842.652169160805 3837.131701442846
-4358.071618036046 6107.047277103444
1128.2454254088225 -2009.3696275247466
-5082.260062160799 -3859.9280594234897
7898.434350177558 7879.861936893496
1999.3091873292487 -3463.6184819820246
6479.7570137525945 -9559.209184352187
434.95137810095366 9235.709037355846
-3226.201677878602 -3521.813059503782
2695.484062131436 -7115.053123426407
-1312.2091004873964 -8038.42367034328
7627.309343911747 9058.571661622682
-6677.018927776657 -1220.3291772001994
-5232.908607100868 4619.99075190753
-288.57743546205165 -7966.022139374509
-4447.1874130183005 2939.2616123248154
-6213.637639842033 9878.048496764626
-1326.9650924058496 -6579.081673385583
3790.9455704606044 -8540.38110960029
9628.213112741185 -3841.076373291854
-525.5268469537041 -1301.3171914325212
-6965.049246714774 -3475.957949782791
-8805.00937435102 -1564.7031106728264
286.1074143962069 -6897.782521472551
9441.510599128684 2906.7261855004617
4886.707514084563 1640.8104231521356
5308.711281616299 8564.295118520677
-6882.373254937884 7522.84069464976
-1898.5268907128175 -4083.8900838000773
8636.065348634449 -222.34595821457333
-2483.8434291611275 -3617.415493174696
6203.846833062973 -9250.276652467981
4740.052137891009 -3922.507700425748
-8058.383373364999 7285.562799604293
9329.959913141734 -9021.953570923022
-4660.959201754984 -8337.975199789076
6875.399447551099 -6876.714947623892
-8291.862329032601 -6532.470924143951
6221.466837780832 -6719.165826276823
-7151.091361598272 7261.049539949894
-5579.1023424277955 -8052.11719571139
8403.468769497187 -4928.026958047937
2604.4262290192764 -2396.9953285493366
-9293.104728258279 7667.216596541017
6603.053009700128 -1198.7725615650888
-8099.940635318961 4000.282383713007
2425.3734537797463 5005.541998181381
3651.7342297871655 4370.199234372141
-1412.351865269402 -26.17847364383124
-2955.710822437758 -443.41221482151195
4813.825757833785 1070.8975185588806
-6990.663413773826 -4439.633714986977
9767.263471776118 8051.328426820226
-7843.297378686909 1567.8967863027938
9245.416649982322 -4340.825111191089
-3077.8519399961924 7369.644938674621
-9336.693833161422 -4183.128043598478
8666.274562478528 5702.719728223605
-328.9018456499107 7226.080463759856
-2310.8958400237498 -5150.066767948422
-9604.33521176125 2879.168283811321
5081.833311184962 7316.300712670622
-7934.471737483297 -719.2334181514543
1919.3055643548232 -8482.81213764518
-8326.886364622353 5104.614131789709
3503.770074339631 5150.589524375171
-5152.223809102665 1561.6949784196568
-5797.462507211708 1289.3076674289186
5257.596452274991 1931.4518685978583
1879.1522594225044 1217.0726584541171
-3372.5355857764835 -6491.362480656957
9999.76286390228 -8354.056084809254
855.5119812552311 1644.1443646071057
-9796.627007860117 -1809.4084959862685
729.4775473396076 -7391.049703057708
-1543.291027169178 -8161.641512657802
-3610.875239272901 9686.074086547284
3871.458854901779 642.2713393764916
-9049.640420637174 -4803.7624647992125
-9156.324753615403 4977.45439507089
-7398.769394027142 -9911.297565845325
-7617.840582292932 -8560.313939067391
-2000.475682983989 2279.5310644373567
-4675.313868272322 7828.10731128386
4946.195259510054 -4904.6936750205505
6597.943995665526 -357.61278159756694
1078.4081407731592 7981.11775666026
3759.116229172505 -2862.0799761091994
9720.498481162555 3057.420730523945
-7235.963493690177 1220.9155729890172
4050.684715220559 -6838.87138814897
1238.9106818835844 6328.525067414703
6385.9042995778655 9682.11117301746
6489.601790985947 -1072.5746096652783
-9343.32968976131 -8192.974984369228
-5935.474898120965 1377.5623548297335
3038.38090364239 2708.202054778234
4894.221277020915 -7353.9539077395675
8225.042801674757 2766.09898780428
-3137.287633542778 9719.455427776404
-3024.099418713582 -4910.417405705863
122.77209001432857 -3448.8943322515643
-5664.998631016636 4399.120409037185
4549.278329263436 993.1094217635873
7318.240948956325 -3236.2794376904967
2431.8419795229293 4401.33554976431
5881.98980949354 -5266.754488035914
-160.0621965626542 3464.6619640996814
1631.9093855838692 -9916.494556962025
6050.803257193096 9298.194620412338
-4999.890854324898 4692.324839389275
-7987.615036559237 4953.404587732784
3513.3266664796793 -1009.4542996407945
-3979.33395933014 9236.422663288275
1294.3446802368017 -3017.276087203244
7622.713844343201 -7910.9972505016485
-6916.6194648901055 7008.047287548867
-786.1557158614178 -5225.041309650247
-5164.266377535984 8212.789002378297
-1120.6914014055656 6728.143509848331
-2653.515238851758 4131.395547202463
7737.952653653687 156.34534001587963
9372.595013361388 -3175.921754658051
377.32801319057035 3358.726594596428
-7632.735891482725 7694.569875076551
7926.75983049523 4202.7427038757
-9789.047605655069 4412.4876724891765
9896.913036971218 -3680.266292793608
4217.993758265287 7290.51165538012
-6878.570139235715 -7683.318429597812
6217.266327689 3017.393730927526
-6031.761606312749 -9335.104760574975
649.9098847023506 8823.570221879807
3445.1677467264126 -4085.325176308459
396.6121308558504 5956.939031686357
3906.5347954024182 -4501.719840921519
-9558.470682626483 -2227.840577707785
774.3983649168567 -9378.182865364086
-1500.584388423522 4787.583357137375
-6979.791952725161 3609.9343323096746
-7622.909632067318 6739.739556549044
-7890.393321566016 -444.5045921602068
109.8841029613559 -33.94902167572036
-9304.821868985435 6239.6946982030495
808.2496252513138 -2627.7440746962056
-451.04254941305044 -6973.663901625413
1669.247820683966 -2208.2086002799642
-5941.43708106458 -3202.6976820996133
-247.84798676809078 -8279.842747072375
67.82555656803743 984.5111166235274
