2133
-2833.3134428180547 -3587.5126326975205
9516.68763911046 9582.129158599688
8723.984197083857 6666.986642375854
192.13874120627952 -8308.766645977492
-2257.0779288103186 7080.576851165122
858.3323335778605 -6244.165363774765
6368.187744157427 564.1256619192445
-8246.28585093156 -7796.55064369039
205.14295475674226 3465.326318115216
-9811.394099955973 -7371.815233289251
-1373.4333351104106 6794.580932835212
1271.1942608501486 8303.921772151189
-3841.47646844649 3307.3778489331235
-3807.5590508157475 3213.9680671848655
253.57531283961544 6869.553570038872
4403.523931459989 -1310.414063389111
6716.604373461989 -3979.8831975827125
-7711.029103866354 -8949.41715046113
-4369.470225861136 9759.58544565873
2833.1514088467193 -3433.0642386317086
-2163.7559956422956 -9669.929525034231
8297.353123868637 9611.201154357932
-5146.8803352213645 5116.627608949562
1069.1772596879782 -9952.759193308864
-6416.526760891798 7787.670572967734
-3384.4717711467265 6701.577916755548
1226.3929450140113 -2594.472740648004
6865.007868658358 -4810.522397177428
-4466.611008594359 3476.4998006466776
2365.0445270961845 418.6285911058294
870.3331873954467 4773.066278580425
-2796.367555125652 6769.0840309045925
1507.2018087917513 249.15188119962477
1955.0729009448314 -7751.104146034888
-9860.838077532453 -8517.329008918281
-3196.3440453353223 -3149.3287219380672
1849.5690511093726 7817.825164862519
-481.26285855062633 9885.037999909051
1557.4832634726317 7742.924817641866
1099.2073612984113 -3757.1824750363776
-3550.6659197850167 3027.781376920211
-4325.120348783662 -2661.5443737368687
-6023.599397122128 -4241.999637760845
646.846799134175 -1086.9365736398759
706.8020360819246 -7358.214065999051
8068.39615624633 -5073.809437442678
-2347.271010437097 5828.144236048729
8912.60521892611 -5558.760049587446
-6349.329966068691 4963.66480894087
8142.257652548225 -3289.7874023985496
9954.427466057074 -8671.668692291216
392.27253215760174 -1410.7494255371093
6407.7419104855 1629.0933294770857
3594.34682852478 -2032.7712949298557
2395.3778058838907 -3606.776677119039
-8981.936828221542 -2934.566812344792
-5771.445854333761 5891.7487618110445
972.2335964213835 -9732.870424564144
4702.635271506253 -4863.454249005464
-2195.216707144703 2561.6280193936273
272.0295277756395 8732.94787575362
7859.016824821309 6738.208602173585
-3380.729170615664 6233.017355172182
-311.3734066402503 -9858.924397057483
4352.293384120761 -877.1023827967219
-896.6462237646538 5097.270365250064
3145.9395323480458 -8309.047547297068
6511.720445406943 1055.2682619339594
-5149.228819705813 9761.67933961076
-3453.1946151496086 1022.7573523217052
-6075.709815540891 -6356.339919741024
8105.549466180419 -9932.117145621643
6996.6950085022945 -5371.9018525513175
-3298.38127052666 9449.020156292681
-7534.651832655856 7987.771803139207
426.3801560069023 -3636.080098929073
-4280.858208532781 -335.48532590437026
5832.076475862566 -3640.145623772175
5925.993844742739 -1303.3876010419062
-9304.18343596223 3122.1692333977335
-3726.267638578127 -7074.209599881664
6892.535090518133 8659.430205329802
-8863.340665456451 1636.74828430681
8499.600029176108 -4170.86541099702
-9152.889186543018 5520.469347791144
7775.27668273987 -5301.260129873839
-2416.625739308877 -8284.165975718857
-5202.204377306738 -5587.463454736819
4342.334633844028 -327.6800437326183
5321.3000023147415 -6964.312734551985
-6952.7198550074145 -7810.117594328436
5799.471336627992 -727.4810825390632
-2451.7036563025194 5230.364294578558
4547.177982840061 -7993.053709549576
2604.7415180095013 9958.083331093301
-6344.989292738785 -3711.3117065948663
-9103.696864713198 -9044.482626205252
-2458.8966652695963 7689.708802989193
-3308.8234616920918 5673.294481654259
-9080.825694509047 -9118.892787969631
-2993.0583511391596 1911.9656526730487
-8518.752955282562 -7168.544298850079
8931.733858147305 -7503.662500899446
-9261.959498400738 6203.367528478542
5230.348853865451 -708.5971212325312
229.56037559881588 -5674.137636510781
9441.941356102252 2322.20758486474
-287.0568285900281 5545.867006392791
6383.017821544763 3998.254296478106
-1045.8629725933224 1812.9819405619219
4301.448557314123 3306.3429329434566
5394.543754874703 4027.4202992867376
-9115.740200158305 -9675.985632441272
6233.267692879681 -5018.189870297958
-3096.0079128429707 -2480.941235214258
5360.149522633215 -346.67904578010894
-1504.5484734002275 1038.8151774807138
3094.30679765292 2153.378054875111
-8113.296554181997 -7443.7134283341065
9827.409948155826 -1182.0148473926947
2865.189937039924 228.3627431130517
3440.4820189219317 7722.478522697376
7341.892174865741 5934.734210569763
-5242.482802882866 -3669.6994730830875
-916.5211198224533 5204.354669825991
-4681.23645822545 -8963.831448850726
6014.419679994568 6099.594793081367
7401.03056166822 -4960.195341393474
7448.075215559937 3816.510860048462
-2518.072627762951 4287.154783183036
1187.7972280526355 -1127.0697049000719
-8760.543635313814 -4858.179976678995
-8353.88034995255 8494.34189725776
697.9307093096686 2000.206320879668
-2037.8702099595848 -6829.145302369623
2275.7012245172755 8239.665965388067
-5445.828509620181 3346.7762276071044
8259.726095445745 -310.2967685171061
-4372.9737158217395 4817.63826514066
-6373.4708377889165 -3757.9200189371195
-140.21734497101897 5647.77627659925
-4851.3576684725 4266.455277187244
1832.6126428785865 2284.8635831817865
-9629.854640854614 173.96337913024036
-7292.277776535571 8036.062387837603
-9695.546935660075 3771.913574134287
-5738.242322102887 3183.7539186826525
1602.0324276790907 8978.589707790601
-2426.007322214692 -7242.922447516416
-8544.740308508779 9017.897364530363
-9493.34840523425 -4661.19920067472
1652.1621517443964 3389.3858010323656
-3429.253120328919 -5724.689524652756
6960.3164953270425 4709.9673990249485
-8147.14973997463 1270.8148026795825
-2583.2877146939427 -5050.578103734342
-3614.757085708553 -8414.89526916658
4118.915859101882 -7367.435910050522
-8326.081633161424 9917.52630249169
3757.4043620530047 5256.732150314194
-2944.0444701178485 -3451.919057598009
8398.466096314842 -5525.963282850666
4139.791010000026 4419.858821700431
-6078.3994020878745 -4486.413044632373
788.9713208493413 9585.294523358145
3034.88257769373 6869.695407065501
-6058.01750541239 -197.99691931947928
-3063.726395424711 1457.848663792207
4017.791002469068 -947.7451304501319
3458.419471328265 6240.999500811615
-7261.234981484057 9373.410963019975
-1071.0226901253736 -6245.468025609464
909.6657760330327 5624.93077696279
5998.06441956418 6009.020141378956
-6976.5561819387 3680.844490876023
-9671.051848606821 8925.692393369587
-8478.408122434845 -1975.1342603845815
-4682.3778729455935 -6239.712433528706
-4881.14813634575 -9161.407673305415
5901.455253391152 896.770728130301
-7190.911330167609 -8588.465989779048
36.61618712487325 943.1643643692132
8001.192036113662 -7935.01155369732
9568.529696516194 8237.520156381797
-4309.116374283683 4770.051989310423
-9010.874862926805 2672.854136244485
9656.347337420906 -8746.644218039935
969.1941235752802 -2824.3676452006002
-3627.368798203407 -1377.6192573334883
1573.6869869409002 -9776.816604942882
-2328.2092085017703 2405.494430206687
5712.31995961609 5461.201597693253
-4867.20762252006 -609.8635520630123
-5352.608360355424 3783.2707638155825
5767.210373683749 3755.84810093992
-3724.7627851143416 -2839.863395615738
773.7912787012883 1737.1408449868177
5417.287549391147 -1942.7809318413365
6966.9858397733915 -7585.534428662486
-4498.780470445738 3454.657704649584
3941.5871354248393 5219.829831962385
-5217.771556238029 -1715.0548689025072
9117.632346287435 -1643.108135858467
-351.0271439605822 9528.996104480164
7516.773968658166 6573.648556336586
-7421.716374829648 9262.281225748495
-6546.660164783447 1589.0989103734591
2947.250884852765 -7381.5750761028685
7280.342828940076 -6036.438873313763
-4819.160087748666 4938.466421162906
-8087.265153177674 1315.5995057040218
-9392.279009555275 1299.743110406267
1057.2218132358976 -5473.2081794235455
6916.51471357483 -8830.844034369378
3909.9888163639425 -9061.144934393944
-7750.790981623856 -8898.657355104542
9540.730917375175 -8464.0688702902
-261.9888745383887 -796.9245637739514
-1736.608081266142 -2281.8937636356877
-7313.554352789446 -3489.0220916198714
-2998.9352842087837 -7489.471862925087
-9384.963516555857 -7519.56248282755
-9015.470817138868 -9084.241824268964
2036.436835003342 4459.367179366758
5080.935306337524 -5394.708906641763
1094.4106397918076 -5678.7412843832
-5368.826977517975 7259.431529896232
-7904.408336394057 -642.2526345863753
-2118.5006102118114 -1396.971732821963
8482.488525886423 9081.68538372995
-72.97631026983436 7547.819116200048
-9059.277806954093 -5232.489700468807
1541.691341972868 7840.446913090775
3103.023122855873 -5643.5305150321865
-4648.581496331625 3228.4633615697276
-7292.953297949998 -8219.955761801337
6514.091065536635 -6605.058313128995
-8916.410624061666 6805.70630462905
-4597.862067052565 -3224.4181598784417
4496.323294934991 9184.903080186217
5740.450416426194 -8139.510691066449
7123.70396766999 9183.969923185032
-6765.567784065535 4696.069817990185
-2631.7712893556863 -4495.566053494711
6930.000882616783 7040.787510921658
6697.752991706784 -8850.03851626189
-1620.6044455850679 -3008.2031329755573
-6631.880106020231 -2027.0171905442849
2143.6718236107936 -8112.2534273319325
-7854.138302684863 1434.8038369098813
5244.8054547349 -8093.666541042102
5544.295399980612 8538.805085801836
2887.3397130482717 -7986.526876319697
-7894.1680936012035 -6052.900170310438
3101.5654283583535 9784.219386286833
-7092.115792278846 -8033.191816384637
-6082.76364814412 -2896.136095911186
-1260.7382474244114 -4607.111135374489
3258.861324137315 -5129.087545338815
-2711.5145780214298 6120.246212294553
3960.6431997969776 -8438.06648701005
-7795.013393795254 6988.614376530048
4131.169057234703 -1118.4678757580987
-5961.315498108903 9499.497868611033
-3445.0128731376453 709.0079952254982
6832.956877959798 -2154.7618058149574
-99.77167166562504 5166.526263028973
-6459.424395465616 -3883.953930833928
9208.477100328124 -6128.099901107815
-1548.3216971857037 -7398.376476073167
3475.1145846487307 -2697.6080681207695
-4532.594897288284 2779.7916832121646
-5914.606914393225 -9315.802988458454
-2677.655148838312 885.3044921928649
-546.467093933421 935.5636120687104
2753.471676338788 -1122.180808836334
-1580.837644618894 1929.789073350572
-3867.214452400127 1178.780524197522
7787.454296034339 -7292.394989475002
7225.399675846427 -6277.2574005612205
7856.341190669624 1256.75224481853
7504.347744509527 -3330.551421563615
3856.2250640590137 -4910.17901717178
3847.9177297149145 1548.7582286418128
934.6301647673408 9089.722215001882
-9535.150395149105 5661.304212617364
5650.271120530571 955.4225798623065
-4462.73727816969 9233.526596251868
7898.049785395655 -4931.121260704441
-9659.282364214452 -5873.464323411148
3768.5220592992246 -3282.638986842956
-4504.664998699565 -3175.991032254444
-7947.602913586918 -9656.334871237665
1521.4415805129847 2975.135898387285
-5067.315849725733 -2140.034816069665
-982.2686420798291 5944.383926563878
-3135.889608544706 6049.36967565715
7549.467129288594 7620.654919846478
4721.479815911016 -4307.501578140455
1728.78088086565 -3835.829122044758
7005.668950332361 -705.3050197705761
-2011.344968277549 -7579.777434725676
-9772.014156903715 -847.2310704202482
6196.707402586439 -5595.319080278391
-3449.3496507850805 -7011.5644440490705
6524.426624290751 7566.962856557981
-1656.8095625035876 488.91032399583673
3882.040516231358 7461.924528097192
2521.568670146811 833.3934035425445
-251.2740057129995 1012.9244447734545
368.8976465879259 -1352.5390410466316
4372.408852355113 -7275.9009750159785
6993.62479457786 -6184.343151669385
-8917.07807661136 3000.6555752064687
8663.102089655513 -804.1289136577852
8856.832983881377 7161.781251460325
-4042.5127929056744 9517.360857412186
-708.2262774098363 5781.545620686347
6020.9564115013 -5392.445827785926
9792.643449430827 -331.0508411559131
8144.231266773608 -9418.935587038975
-3958.4163453564906 6099.060061012115
3494.4655740209637 -6262.385743791536
3718.153333930348 -3167.0403206213123
-7984.43739609022 3653.859134840168
-8044.329662441931 3014.9922844769735
7354.021014659193 -5682.627623609095
9164.207469344878 -2788.39236909572
-5877.551413777047 -4860.656612251592
-4379.725648593047 8656.85715211945
894.9071467722242 -2704.18424784082
6617.73158497196 -5804.613091894293
7035.282171194573 5085.5783012406555
4994.033869258914 -5535.445083886188
-8208.092612986877 6856.096770634933
2490.4113677559308 -7466.916963962651
-9951.29567618419 5537.161278954085
-4325.853846157448 514.4246214751129
705.1232602928721 4935.205618208092
4045.6204407250734 8598.82325589893
864.2097634259808 -5320.471492003218
-4527.653964760325 498.81632754959355
-8159.852672510455 -5925.059526592471
-2763.272034933306 9478.70234091497
1453.6617718933667 3103.624876051461
-246.17816942560603 -60.69350612782728
-8834.298748715515 7432.3034241022
4409.906811094455 -9044.883876255188
6306.838591641126 -6480.944063605188
6992.196691750978 -9788.318752498186
2991.8718476823524 9777.443790031983
3824.5680862396894 -533.0750434105976
6266.138188851974 243.85541100186128
-1006.3013265723166 5960.809343219071
612.067614464815 -1692.7225392926885
-2055.4506271796517 8123.57208187598
6151.567933667879 -201.0157869596369
-4756.351151615927 -1516.4631647343958
-8288.179611503883 -2897.0997956134934
2453.1790364522385 1851.281071837875
-620.8586466415618 8935.695223982744
-4171.618923285718 2657.7209506732233
4247.558348420605 4058.9314557853304
-7054.659171387642 -8250.539555885662
7775.807169169697 -8576.118852254936
-7614.26457800924 -4.467350335176889
3498.4739715891337 -5887.0989752019495
-8750.330958165581 3735.4358863973775
-205.96171374329242 -70.46345216332156
-8462.765798529043 5399.154154859902
-4005.385795164276 7602.813892780025
-1666.0073704065308 -8444.361057691474
5329.202520144512 4309.452134988165
255.0759579689784 -9803.010539127097
1024.3139247440158 -2418.9889478992964
5747.157506278467 9241.376912869287
-9657.157419890758 2651.2752424617465
7617.066622265833 -961.4803805333122
-4575.896327684832 -5087.545746051889
2550.3503566928703 3087.304332086327
-505.0112679482336 -3612.9464865694354
2402.6185343204397 3225.9290074880646
2354.207522270317 -5014.436204035417
-308.9508528313927 8230.728668630534
-11.369679848965461 -4191.6097757986145
-9017.065046972812 -1939.3830616109308
-237.23152060141547 -5136.276941408291
-1227.2732030226834 -90.13221908955529
4829.468228765067 7311.337059352132
4958.510871793844 -3217.2656153823746
9241.914132939892 -5294.412584633905
-2826.568437003496 -5520.80986160862
-1295.920022703629 -1300.8530488939778
-7002.925822815014 -1318.1432555858191
-9021.205253992872 2282.315845403882
6466.36746707065 259.95757163501185
-5320.387474056014 3871.0147361646686
-3674.9099297107814 -6043.07011289945
-4495.2799289063505 4419.849909305447
6095.603236408097 3304.099328736498
-5071.861491627549 -6775.0728007594225
-7674.045572816839 -7096.395566288876
7945.50993233527 -5805.633387643205
-739.9655724417062 -1850.4572859364598
-6321.209477814971 1102.7512995927282
-4301.996958536043 -7992.910602423477
5476.198723652615 7709.032349456527
2958.7196047179914 -1354.8800027337893
5600.809342243172 6605.682596840514
-8374.540107974111 -5481.350172535342
-6316.796649986611 9280.179240238467
9150.720756340583 8923.18566014697
7820.619644638195 9108.180139162283
415.4491438786754 8093.868402018405
-7462.907772257004 8861.028813644632
-1017.4304341447187 -401.94214209314305
8776.069553392026 4798.514151490563
-1945.8028455731192 7070.803217687033
7679.071874668851 531.0916519876428
-2963.5146008663905 -731.581688631064
2110.945958565264 -4425.953918712402
2135.5490439964124 -8033.839324190686
7724.321404457816 -4120.633983393722
-2447.5269679908743 -3598.204913480634
8812.90772930225 6619.376131198445
-2385.076430169888 3767.6128798248355
-6714.706010870513 -8890.541746299567
-422.5831092204171 -8320.757638600422
-4202.056444914992 -6004.529465403725
1841.8351836751863 -4399.619018531147
8418.119329395126 -8305.245888074764
-7005.692273387127 5878.358475002118
4144.491919365759 8567.90564046802
-6675.897011129037 9346.212247799449
-9804.777230462183 3411.7621312028805
2384.7183477743674 -6627.245280924126
5180.344690999453 7602.34389487571
-6323.126162068064 9792.873032970427
-2892.7092248530453 3579.7580853203144
677.6567310047321 -3673.8956044241113
7625.45648945 -9644.624343802247
-2790.41192178024 -6107.712636250375
1997.7089902470307 -8665.150299379608
9537.921033581304 -341.10094521012616
3993.7906969231954 -1011.1579196028961
7604.005500944346 -2294.5598065477516
232.59409847199277 766.5955507377876
8447.083486287618 -8133.9664607388395
9457.319356016818 -8864.22475130522
6136.42432242446 8612.173692184439
8809.547343952876 5745.2906441647665
-569.7787186751975 1763.3436192963745
-8624.689640761684 -4553.931163255278
897.2132860453839 -4635.997070364455
-2891.7474243023335 -9731.94039185608
-618.4691768789635 6241.229319071679
-7307.979489914971 6440.013858560687
-8539.21818377138 -6441.926493138408
-5013.953179857227 3151.863876196763
-3058.0602692175353 9103.478331394312
-2594.0776513922174 -2.1799141398259962
8459.117700582752 9110.383171961577
8921.585500596928 901.5675080756973
-4118.153447357556 -3930.5784229479923
-8686.411165417596 -4186.752009678678
-7487.989473972123 7306.402642076107
1909.7280730827952 7581.1681984598035
-8057.887136546245 -3982.4559015079067
-3768.6375598945433 -1860.5220811061636
1967.0931762833625 7.20857690172852
-2189.2300774126425 5516.3331857987705
-4913.568106772217 3548.6751481242354
897.9308075878635 -8844.660885514295
3902.8200635462235 8589.260200860124
-4142.855647924594 -4343.643994642992
-5881.79970458375 2946.8825981395403
-3239.0637299792834 -9719.973664751933
7847.511868552392 5195.946377195429
6020.721849381731 -8576.336185915776
5615.015564311789 -1383.7986564071161
-8149.254885222727 -4235.570782022624
6667.587697022398 -120.97892891780612
943.8273350924865 -5121.0038512523
-5866.075333718361 2071.3117359328353
944.4971823028754 -112.80695085109619
-5921.887510467194 6208.060412516565
5137.10630182159 9030.38499396418
-4359.4463037202695 -9439.699450053336
-4776.435189799335 4083.6469669483977
-6771.214489801962 2926.058551015056
7147.358908864942 5114.056872555009
1115.232948380586 -2602.372177126209
-372.45217645909725 7335.714830548855
-4181.508954318525 -5770.706424257348
5398.4710054873685 8675.386089804306
2289.2551093956936 -914.5788091924896
-8892.079680131686 -7849.062819592962
-3808.46002885894 -3750.4134954525825
3408.5669582778937 -6721.981795083835
6464.382007397075 9301.229554800211
-4015.5316823009452 -541.2687022559985
9868.722867593428 2317.0746317453522
-4913.494939810364 -4330.704605551976
-7631.2711674763905 -5169.648705707404
9607.629695644977 8752.011975531423
-9033.69054322207 4581.631327841007
5810.847400245677 -8769.89468578642
4002.151841719291 -6479.127414427521
6529.869977527142 4802.299264089937
7956.102670040771 -5428.949846239481
-5.5772636469791905 -6462.723369229432
4424.260567163517 -660.4691061280246
-5610.784923628973 -2723.5655374832304
2219.6918030753677 -9735.875362275461
-9162.38977310754 6866.650726602151
-3561.816330713543 4606.540537913223
9708.069635262225 4583.036728524916
-1149.9870759724345 2256.7426204189724
-7026.528346765202 5464.951110979573
2123.210497210892 -5512.509819894964
-1189.559263149502 -1723.1818493558585
4153.353685232847 -3400.8751225367305
3707.850005073278 -1581.4218965361997
-1830.5620554516145 -6179.548921648461
-7939.30393348411 9348.886824145397
9304.918901732814 -3117.668157782583
3557.5681701987105 3947.448682906117
8967.538255891879 -8643.586745755798
4626.980026275036 2731.159201905999
4611.087639338741 -6847.839461664873
-8210.156038520588 1952.0139862885808
4406.785269548001 -8508.82216622613
1972.4143512439387 -8656.988291387996
-6168.515119087965 -9771.437451349875
-2333.9455223855457 -1358.424308631189
-5665.547483322975 8566.827334694197
-6722.7958074620055 6008.289462248062
3013.991510083686 -6991.299191533673
-6907.029648240972 2072.022293575903
-3370.2833609298223 3820.9037958007557
994.7805397622742 2570.8079027240274
3295.8191083495312 -8668.223205103159
-2615.416801164368 -7578.881716960744
845.1853571851716 -9938.585414893678
-254.90199017814484 -7463.543918119702
-7876.22535413203 -8016.250672410328
9837.657991500844 -4170.535301000238
-5630.819976597421 -5854.203770788542
2748.2181301471664 8570.0476965224
2346.8399227692407 -9579.92925896785
-9175.87362598765 -4364.739061758778
3061.891545089031 -7658.047028393018
-998.7009197848602 1175.023999366762
-6365.811095848096 -215.43433291443034
-2896.5445248133647 -169.01385422011663
3318.542543650534 -1350.491700177081
9402.120380333326 7884.1476660025
5671.770934819511 -197.4222590928348
2058.108676726848 8570.1358759028
7512.672895034146 -8840.622344501347
-4977.736657443786 1289.3071009471441
-2409.416874055277 -6873.4918721936065
-3444.7717212487296 -9447.874651752825
9772.678686640691 6529.803994555918
-4266.921396078505 7238.5572968909255
3079.757664539653 1711.8734193668788
-8862.33409346655 2113.4972221854896
4044.728143606024 -2343.0306710674477
2387.5563414691333 9528.52105154426
-4362.4143012080085 802.0045612067624
5247.479722436759 7853.549833568675
-8604.820655992866 -5381.689344974783
-9238.765189432279 2420.278295310791
3413.610851714664 -6900.488172488559
-5814.969305446236 6622.516515523057
-1494.373892828742 -6033.330059412123
-9544.73436276843 -2693.13639108963
-1905.0920933075122 -9297.353107557023
9506.79713504477 -8299.58343328674
-5686.307744715722 6453.393909247272
6964.759137989266 -5139.495696465761
7289.67688615296 -2615.3223741713937
-6434.961581418593 -1005.2925543143174
-3247.2923639776855 -1741.480894164948
115.54285013671324 -1012.2833905405605
4861.276858629717 8794.4100904997
-6107.576333377454 2084.857413600037
6543.381189019674 5806.158130709338
7072.450436459309 -6079.611081562363
-1334.173433797987 -6844.0267803279785
8134.763311474224 -2058.027772722832
9990.60608302473 9243.217906905538
3122.2680377801425 -9229.02277462245
146.489502056138 45.999012610882346
-4765.045591522403 -7848.411004605383
-2261.486750361827 -5340.4268301419625
-1565.5329906637198 -5120.06350077018
5237.578129744383 9826.32162458745
-6428.72343280464 -2532.2248789052246
-8563.098365037247 127.81874196369426
-5997.15986943804 -9716.488510534282
1031.5941288294252 1310.3155233828365
-8246.843030467124 4526.6476790113265
-4727.827329070262 5640.726910972582
4971.176929803332 2630.017701604327
-2337.6631747077136 241.00279386874172
2777.52987177027 8547.441464224077
-5684.109417891259 -7975.463098256052
4546.0911902300395 6872.731726842838
9857.195648310495 -3840.945617718765
-2751.0812558034177 849.2522370187198
6644.094986684853 -1093.8024550534883
6700.136725503093 -8932.485344301178
-2388.235416762547 238.80746410105348
-3633.6360878752075 -988.4215164215566
1180.4893445606594 -3187.3100167706634
-9131.672677315004 -7396.696593061607
439.8868627974334 1670.4241741917922
-9619.681661450839 -5493.214018690209
-1783.367841698062 -6519.44237208143
-3158.806784338757 8193.583121874675
4652.2730817336505 5166.321184678372
-6777.357094114384 1632.6234063128231
-5437.744477034112 -546.2379888723844
3057.4931158030176 3956.9726240898362
8116.8026160515 -2830.0107402589056
9012.8204097895 -3427.090751615491
278.83569535652896 3047.99904790499
6499.71103389635 -3084.9533255104425
-8046.357855637081 -6654.66877027368
-8856.486486984619 414.518122053767
-1050.460764335201 9759.590329993938
7395.461539427535 4235.520018197492
-6381.697075608712 4924.642431132352
-351.40235576944724 4948.794040606057
8438.672223258633 6197.083816816426
6927.9259857275465 1548.9138239546428
825.7624265041522 6493.358329581206
7556.786788177913 5085.506075608961
4093.7565466154283 -6386.319517593451
-8841.549649389011 -3333.159907644279
-9231.224297376499 -7210.3029023748295
-8066.0211692368275 6707.484548721055
-8656.642658104965 1118.6199428014643
-635.5779943940943 -9969.982966004793
4083.502837438926 -2902.6848410237017
-9682.550120643871 3794.053029283961
-356.21069456398254 -6354.356440234162
-4.440211299692237 -1785.8533274816218
8015.570856727667 8809.109580483811
8245.01721833524 3641.3828105856956
-5272.179260733103 -5243.336574002031
2451.732756550764 1821.7818297532394
8239.705827438378 -7259.713633471125
8582.297786967829 4007.8989963751537
-8891.490537585558 9358.761241123171
-2114.560244095269 4088.299889838623
-6213.948412808312 -2231.1787644073065
-1648.8114548223384 -8987.141835006687
-8208.710999934123 -3587.357049574771
7232.071299658084 -8469.882794953017
4526.303536285412 7381.438043143506
-6237.307812974826 -8383.772512240987
7147.428901565829 6710.67241056342
-328.9208182230195 -7036.738608794429
-4327.219960666442 9703.230089493925
9157.212332277923 -492.01666817600017
9902.001457384842 5802.611593353624
9721.180531911883 -1779.5671577829871
-1256.4378951988201 9589.048731716113
555.4459772332648 -1765.034964412107
8189.47255656416 7147.1883566869255
6172.720104805227 2894.673754664347
3446.818972181014 -9645.215014698902
-477.00311186398903 -9606.60511665793
3630.0455275065033 5567.622720931184
-8939.687114039447 -9562.220282708175
9937.449530015903 -2273.3325084315493
-1948.1677950765943 6715.203990546594
6379.8800249543365 6089.229848668421
-8121.100995686794 7941.563960707841
5899.16390003547 3586.7044736635307
-9838.28735583727 -6123.722340393411
4108.317339222767 8237.230219078676
-4753.670095873379 -3069.882780283244
7905.128107065288 -7907.605899770138
924.716929786151 4854.750231797454
6855.227186982727 -9127.10929174722
-4784.388342621786 5491.171962521488
-8489.700700779105 -4251.176421975182
-1384.0131828254252 667.4762572387408
-5278.388915048026 7646.116486920266
-5560.066839456046 -6925.29425643506
-471.4260089900308 -5988.710411795119
-9306.181445398439 -2687.2043593976878
346.57840887076054 8142.628026699316
1393.6022658250404 4286.906590355282
2947.8784329828577 -8003.439463439785
9312.224912414866 -3252.270729790632
3123.8291960385122 4803.840295134341
-8147.9858365413 -6992.378080990278
-6063.6807407820315 1880.905334809413
-2930.90831318428 5727.716678725901
-2889.2412492929843 -9302.426486755106
7833.779684516452 3159.4226805468625
-4607.470970288156 -5436.985005312967
8693.057427973385 -8662.968799970173
-416.68025026582654 -1782.2837188581816
-7791.866182481613 -2543.5994926280146
-3506.6795023762625 -5830.05780103042
9372.235977998334 7037.995644353548
-7810.2450293570255 -6209.027021368298
2170.756131580276 -9539.172673188825
8691.784963502512 -7015.81591190868
-4572.088388407096 8067.116521916523
-8343.661425336206 8668.812521075291
9791.122654364051 7275.801320614726
1618.951973712803 9370.031787367792
8036.32949414659 6.271311045757102
-8001.761380130103 -9117.25036763715
2834.5135959794625 -5797.994133934881
3342.140509781806 -3722.6891296028143
-4298.293667288344 9357.069632219445
5188.63620378686 8441.079440562411
4061.810623210551 -7313.2989837267705
-5566.876454756371 -7099.355520703961
6183.587659916537 9946.509561998108
-7760.782960170367 -1154.8071671863927
-7789.80667693477 -7106.920331272251
-9700.767906610934 -2927.64847457788
-6418.32531089829 3992.0617201959612
1645.1692278201826 5003.5985904294575
-7142.121456200423 8218.10842671631
-8769.47565221203 967.1207809492953
-8718.75237222959 1654.3007251289819
-2852.19474188632 2621.771247116927
-7623.98968473584 -2913.018124583861
4616.1432077715 -2303.4298442966538
6462.309430720077 7905.2102427931495
1767.9373902261723 9145.959780986923
-6829.16326484495 3352.3086381451176
8782.990025915584 -8628.171159620291
-3124.4241631343048 -9459.714453853876
-9936.871233171567 9339.071463904605
-6580.706109019406 -8373.835657929663
-7090.164365461271 8212.25921014433
-4411.564775913966 8162.56353563604
5561.946572778343 -2433.2374484163856
-498.87499131200457 -1126.873270378892
-7530.002766686481 -8721.552621946532
-5595.996320930881 1966.6992197675554
5328.3445174396475 1871.8607177995036
4330.6532586329995 8592.42461763657
4655.70502622558 6407.585699792988
1656.4037338711696 151.21398748885986
-1390.7057555630618 -84.75966369845446
9791.343115359268 -1082.6788440988166
-6762.719217519905 -8070.627606117356
-4914.616029473386 8787.047039153527
-8481.206307847242 1861.277450949181
-3523.7338313266073 959.8608519240752
-2689.7395947718005 9740.55679425233
-4506.584454984315 7970.528900341633
-5288.618603151785 286.01283922123
8937.601961145308 8729.10006855752
3383.5762752141345 316.248693813277
-8111.623277548899 -2911.0989162749347
-4001.727308227565 -7813.858186014513
9648.295262949763 6950.9515043917345
5261.932198273491 9236.119848896305
-6185.033607826495 -1973.4853186586852
4859.251115479017 3166.9617018742338
-120.99978983305664 8117.762512532961
1175.4907470969083 -2196.3724229257587
-8422.043388464086 -9860.17683922444
803.4353040515361 8887.39728228101
-9306.57249794847 -4904.242083286445
2610.001206829693 -4663.6229556534945
-9939.580664386029 -4170.6985974426725
2532.0488690034053 -6159.768301942894
-7734.770595274973 -9381.534160763427
-5709.507465718389 -4294.248868878319
6840.0476634234765 536.4126597708255
-143.68393124847535 -7454.328980461433
-5280.4604981413395 -5.744439424124721
9771.653728864461 5703.934158730841
-9693.30113973343 -4006.2488441515325
-4676.390267652207 3236.3564129254482
-1297.7014874653414 -1643.8846871342557
-7911.968461538643 -2183.545061359604
-1515.7182780378116 556.4797663725349
7504.978564704605 9111.965058654372
-1119.5134558797236 -1218.2145329556279
-6082.835528921771 4978.367528481758
4260.1144975009265 -4556.804283739098
-7102.828499686695 7241.509151426173
8576.388779005603 2612.3838075703225
-3291.217113530136 -107.79545520180727
-2275.1182526672255 714.3426950804806
8392.292642191114 -9808.531385899985
-1260.9801195772743 -1702.3635826746395
-6766.800347979373 6485.820373544841
1326.3060720266076 -183.70348958854447
1268.2090724153477 -9542.1213709669
9455.830390907024 95.85071761112522
3002.0126434103386 -3911.7487693731555
-1460.328417828152 6519.250877644619
-1347.1690851225922 2780.496145183286
-2792.176462138027 2956.745824980815
-4985.750912224953 5901.721483452118
1758.3140011798187 -6922.971769039301
-6584.60109937444 4417.171083913638
6071.2040806604655 -5084.729935709224
-2718.9265230719784 2347.9132020057514
-9892.791241574389 3436.933958235315
8437.894793115443 -1543.449276846999
-3931.317005615826 -6675.468620462358
-2417.817359148584 -3133.368520333619
-7117.222522182369 327.79131258227426
6219.705304377423 -9752.76521278699
6873.570502481558 -3744.038607842417
4907.021182918012 6744.984429422479
-677.9562277992409 54.27137996532292
-4231.336944941701 -7978.485658724483
69.77246176089284 5394.844063759701
6033.928797112954 -1444.790051325912
404.25502339007653 -6174.353734117321
-6268.409410013447 -4208.187237091066
8170.8221649642 1759.3268817495482
-3299.640923785816 -3220.7343749194715
-6611.895812515143 -552.906261365546
1717.4678729748357 -402.04064356986964
3601.07046195379 571.047163942505
-8182.718221763703 5198.31342960477
4787.670242410773 -7798.325809391748
6766.355083961676 -2816.5835843322993
5842.159261211593 -3394.5081523421595
4180.904732829522 -6374.777725262456
-7509.796580275408 8751.104727825983
-3082.8084107590284 6178.587469722643
9947.900865648131 -3649.7794718274326
6134.831676275244 7558.212186436427
-7281.116476615921 2883.461530988432
8827.596202358724 -5130.670843589955
4630.6949099438425 -1700.926758730253
-6364.214806776021 3333.7665950300925
2543.6731561806064 -3064.0728973780915
9398.79362973908 -7371.20569103388
-6877.4025441958165 7710.490221562988
-2823.9795584511303 -3643.0627613190136
-6356.6113568924275 -2279.287797540903
-1641.2037580672913 -5909.269958191224
-4985.8192821262355 -2841.9308453547073
9015.55213293797 -5012.83524261046
-1977.8768616508132 -9217.721824633329
3756.9587629804755 -7857.643814238182
-7725.706642669034 9201.481343291114
1177.3220847261837 -2342.252631251349
-8616.866470708283 -8186.019615756497
7323.036359890095 -185.0531845502719
7653.860262943119 2505.877223143014
-6341.571227491158 -4192.930472439384
4863.326369299923 -937.7348422753967
1643.871026287643 6150.244838633083
8676.836673986913 7737.898922821456
-2689.4509697416643 -9800.272122091563
831.4662245780619 -4453.466038431231
6110.829142649347 -3879.1701430058674
-4578.553226871023 4566.434625225866
842.6746685904145 -6784.324510497948
-6546.774575407501 -5077.188773121279
-6408.885637882407 9682.565542852317
-4705.169604643549 -3903.7701082318854
-3600.7173159926297 -5314.49425735111
-273.79230891634325 9819.335653507685
4776.08481378254 37.25434091144598
-6995.775744237857 2062.486981016249
3167.0801581929536 -6149.9952487152605
-8311.93283165832 6472.199351860687
-7840.303760764029 -3816.3800719345327
8927.797915007031 -2885.4256729646413
-6536.572231963227 5022.098009751127
5500.84653808853 -5510.841037218745
600.1963289884097 -165.2534185309596
4088.276696717616 5516.976463845398
-9240.414163316445 9529.311659093248
8114.66274518659 5569.748632161452
-3581.8023139909783 -8219.903963088542
-5067.5286713940395 8595.598067620926
-5908.104958076315 -8485.12042800569
7213.860888272629 9.81734083817355
1984.2506596658332 7770.233818920766
6119.840114070683 6257.561790784139
8314.023642279913 175.61501299263182
-4851.231473172426 4818.610482635637
-2250.9539894768823 9002.380409230173
-5476.790484457192 -1087.3877814883053
4643.40510902387 6014.67792408571
2556.1651473280162 -7723.47003696562
-1330.633585900623 -2715.0782317689236
2644.779105346337 1124.2583202376572
954.9862525600201 3687.356741379206
2371.599189001512 -7238.3089278011
-3017.0833849688597 9958.996811218902
4650.534828186506 3318.777306497548
-3724.579688764855 -982.0055482194075
9936.679739795429 673.4034012985667
8285.15645515237 -5344.706477164545
-6773.808386347624 2880.20406805717
-1069.1801243954833 2766.183010801793
9904.456974653112 -2719.299238623603
2861.2566031567694 8964.169970409574
457.80045871766924 -9040.567465061746
-7198.799311054194 -1279.652663191313
5646.029622578011 -675.9560535667024
9226.312981270105 -4902.763183017162
-9059.866580965767 6325.552685249764
-8865.25852114689 -1303.148801579513
-8138.50691245531 7198.325323295896
1826.932713054035 4618.513869431923
-9684.020010125685 -7412.4503095514665
-7625.017930982954 2022.7418890601002
-3901.636321483197 -8454.707615587007
9857.322074338968 -6676.704376653408
-2550.52617105427 114.48907594965567
-2545.9155210115478 2080.264068207487
-119.40846945040539 2083.5250576016388
9143.007301812468 -8657.154656379358
-6563.418635214913 -1017.6875534406227
-6994.714331469058 7491.265772833307
-4848.698006426226 7504.083461853035
4045.2980286466573 -1446.9549571773168
5655.870199871897 -5724.628619058816
9947.66439918569 -9480.376448702273
-3267.6235682893594 259.9568799057488
-8660.362834298592 365.1234295013437
-9937.311594866098 70.82031929755613
-8103.6543457527005 269.80808406392316
-3495.992707667948 5077.433467917037
3020.946252628657 3976.592019712505
-70.12663995552066 -6566.002610417428
-7148.7270126104895 3259.7170944996233
-9992.652820599755 -4982.477483978931
9989.099219567022 160.50984479540057
-5761.875337750431 -5247.082874328304
8617.665833640312 -1054.0957843148408
-8826.619915221436 3915.5477370235967
-6432.349279912602 671.2023293251659
3919.153353425643 5739.997019258182
-8588.703525718018 2779.3215267930373
-4118.863252777707 9027.041161847625
-3191.0624780476574 6344.562073837755
-845.2554814964278 1429.1467762855718
2101.701156178193 -5630.29333986832
48.38124965933639 2708.058652177042
-7461.314774173938 5971.051900848281
5934.851614435995 -2503.6537570006813
-453.54098597757365 -6663.262592175208
2957.8948477835 -3041.952646029129
-9906.760158420971 -8980.457779904462
5077.8475157025005 -768.1697073975065
-8530.33910439797 -9573.922274326771
-8477.522266929234 9653.383867120876
7702.550680871231 -3709.9000577101315
-8083.939681515038 3492.013045097983
-3662.310331368366 6468.444172646879
6191.798150508424 6299.713901960029
2472.0349735057243 1573.8593581693676
-150.28185435068008 9959.271946476252
-9314.557397087898 -3240.1891278993626
-5795.786700562245 -3868.786461000913
-5083.563191843403 -5601.9055526841585
-4027.5766051260953 3037.719758494386
1346.1172573571384 3440.8851624057534
886.6826461149485 6384.900031378165
9998.819894671331 -1065.37055896522
1971.2915499082937 -9286.913375666816
7037.685654190838 3453.974556288098
-5294.094025993501 3578.1183758866173
1627.80868570263 1149.6941397405262
-1495.134986475201 -8295.16227181937
-1240.8136345029816 4655.371961158204
6773.803373156614 -4382.676603600513
-7433.79292693153 5273.367216650213
-3738.0568083773815 7238.654525481408
-6550.047709122216 7661.382312921982
-9489.530952391968 -6433.712411102657
6704.119478396671 1666.7213097966523
1904.4406281513366 -1232.59866338961
364.90360239058464 -3993.8810833384687
-7832.281920635202 -3098.1415047687187
-4350.300469860751 -8835.202512055514
-7902.59526544105 -2031.2984445804113
4619.033321276016 2189.18832533818
7916.3560907273895 -8914.612042815517
6590.6471231992655 -4026.4626534538775
-6170.68301662828 347.25226896219283
-2645.797961364664 2191.3984574064616
8200.294668779057 -8722.039554740812
3379.5893350567003 -7801.20638620075
-5774.197595911501 -1229.9992052148664
6981.378632301552 -3963.394940799112
-4939.365701784877 -8972.451970853106
-2203.5442871651558 4085.5446917218414
8059.871996054833 -1737.6956674984176
-9048.56231938987 -3022.174002422149
3132.847352048866 -243.78930935126118
-7059.015253701784 5045.44250596828
-3838.1769544888302 -1606.7958663497247
-7492.34614741969 -3114.250037431463
20.17856504898191 -2124.529112891598
5708.482621047979 -4449.188808312881
-7068.076101368634 -5422.065358504995
-8126.994385659232 417.76295604915504
6746.393602291322 3357.991049902488
301.9560167330292 -7026.769093472716
6159.00504850204 -5374.205614588816
6325.420037648748 5545.613930777972
3990.9953828540492 8593.668173901133
9733.750624367189 -6555.177937080945
-2651.915273013359 -8138.497491220078
-1385.916581699803 -6980.147060416617
-5189.960781926233 -8641.717323894343
7269.812826233956 -9179.638262460752
-4239.848395517159 1148.166373932003
-1830.0610895444188 -7650.842652400304
-454.33342659663504 8722.819404666374
-5230.294234565649 2818.355745725572
4367.233831598467 9139.98844439894
4563.50020601562 -3127.3218737696525
3627.485384045276 7731.586800616409
-124.49843010390578 -580.8103549123025
925.8715123248367 -4907.17000960192
7663.104402222652 5503.528487257743
3968.9216507841247 -8322.740008859917
-997.3239594835031 -6401.515310722559
2372.12586604633 3560.7632450759884
3946.7290633082866 -6278.4604257895135
4661.664434739532 5800.973965723366
8086.130697501067 -526.2139805209135
5741.244701162437 -4693.262544947461
-6579.501145462783 1393.408598650989
-2328.6655091072635 -8754.41111128537
8034.462981140623 7942.701813013304
3815.1137323707626 7755.476594710039
6597.006009409877 9998.366075645248
9237.497019980088 1090.2562328406202
-3154.379323040189 -5109.372617861801
-1299.3882747404314 1316.7414893387413
-4013.428650521778 6837.482330671322
-2318.855244706492 -2705.5941499451255
5337.049887585712 2046.1707072667705
1542.0039176415012 -7092.922754172999
-8445.42913740454 -1195.2539582956288
-6677.222622589401 -7620.714802539014
-1556.5227593706531 -4437.590923652426
-8429.51112994356 2998.1714344383963
4597.9472574849515 3298.031561467771
-3785.797867709917 4675.170685676279
9035.439678242332 -7597.897893687018
-7305.966954136462 7519.95092390983
9494.039696087832 8848.0852503907
-7612.819695349357 962.375959878993
-3788.3080621829213 9604.982920726387
-9169.391577638053 -9053.462700016677
-2225.1460472048248 3043.6554628771883
-5677.9587071749775 5334.188852821877
5018.617735479722 -3484.745005293088
187.96966853456615 1893.1901107099984
3979.892939990743 -9669.112076234867
-3660.603165377045 -1890.1475676762548
9549.765076089447 -4952.578939377004
-8306.916938389635 -2447.6393001404094
7740.680428834676 7265.115458916996
618.074001150826 -6374.277670443247
6378.63751284627 -1931.437504074991
1774.3438270512615 8296.983338576574
1550.0974576792687 7793.164859902012
-5457.607495424046 -9267.277225813337
-9722.142839139038 975.204974339882
4699.696905379789 -1220.8728383256475
-1330.3427464985689 -3855.6950706716143
5081.914324514917 -5171.775269001211
9177.833820986532 6542.882096275356
-3326.2032126278536 6852.133681557592
627.8478444977791 9907.96519230786
906.7895599060721 -4749.5244323873685
318.06063762503254 8126.537697039999
4897.31978190522 6644.36681343121
8762.66029161153 876.3435091583124
-2058.1787043607 6863.700518674057
-5455.84082708515 1289.8733333202035
-208.4378771920401 7112.698843681646
9261.434846380918 6230.034011977634
9062.378010163076 9662.003737000283
703.8028146742254 -1058.2158202822666
-6408.552737216316 2403.857039914714
6151.143409913269 7644.79672943844
3635.273482121267 5220.192624333606
7094.644529750029 -9942.004054734924
-6489.935415117161 -4648.242238197257
1692.239259269838 897.5942129608193
7607.747639622972 -6180.348406948582
1917.3664062532698 7066.033077711963
2677.866604883042 438.9517281440185
8629.193459146863 3550.021445995775
-152.3375012550896 1077.3899945697212
-313.0121258217696 -8028.360342814587
7059.6503223230175 -2449.6958299566177
3750.848776126346 -6712.746097458191
5438.048273997447 7906.3878325902515
5555.542448294376 -3695.2145178091732
-8447.554229766196 -7152.962749092698
-2786.2893376063894 -5509.364284709479
-8370.883063402438 2635.3662321026495
-5500.734603762418 -5036.628253989239
-6532.561833628231 8089.260420313243
-2918.6970030486937 -4377.961071000244
-2849.126912126543 -883.8953568359575
7323.401728655026 -967.2307464963014
6599.048355124643 4735.108780877619
-6467.285739297044 4998.112074199897
-9410.554168856535 9646.436369727428
-9562.230983285159 -2340.6858438160752
-5915.703398209393 -5855.378755341705
-7806.541295808058 -2467.45051613336
-1469.7340040357867 6537.038293065158
-8643.803198201318 4055.877615295889
-6744.425422586844 -9783.523378935039
-8958.226136967789 -9975.501156892162
9171.212845125632 -8849.854364999168
6872.967118910252 5717.646142681509
689.9489567441597 5785.719561824886
343.4868774320803 7571.242417811227
2108.857747531574 -5761.681789679645
5869.384008094099 3926.230668281529
-9341.87361509904 -889.4056440341046
-9931.435138628729 8683.263938870983
0.9296924016962294 -3588.6227583418613
-6296.40778593908 -7379.772475987312
5176.197721860321 1776.6180533291026
-5757.513006760951 1679.8391211373655
2808.1231243876136 2559.6414214033666
-9863.22511453531 -8289.634662895694
-1136.7046563314125 4346.012250677835
6685.548656110343 9943.264624927982
-9681.620319438507 9061.588893514505
-2251.1469927747594 -5082.64896114196
6808.2785782902065 1080.625167926899
7593.233660339996 8609.857031745621
3656.764755904991 7604.066538218009
2796.809969842243 -2789.449975004286
8648.581502008867 66.45843117534423
5410.777840662311 275.84334756376666
1484.0631766876504 -5556.826916532221
-4531.228987359932 -8074.380813011446
7064.339217384655 -9932.061912317584
3455.0417320477063 2296.267899802131
-8412.77689599866 -1066.0597426380264
1486.9569215759038 -7360.778854989722
3890.9287758324117 440.04054417948464
5736.828580513924 3255.0456350152654
3564.7687215495644 -9843.05836536245
2012.6421655854137 -121.05727675591334
2053.038034604133 -4573.591069655853
1436.761667853305 -8815.722108268543
-6689.691107192706 5469.943705684351
3806.2370011099993 -2253.4538528024095
6523.393991880577 9171.576986328575
-7512.144730677399 1110.9661688946053
-5002.730952827381 9812.737612884299
6595.624771861178 -9467.330403743552
2509.2765557419243 -7224.5653649361575
-6282.103349476069 -5490.762568851106
1267.963198424677 -406.7349603638668
-394.12651356867354 -5598.885617184197
-5930.064567357209 9718.048910965197
4.770889325935059 8236.21811054667
-2669.8563630895533 9983.169693325504
4203.450665632103 4220.833454069412
-8631.951838898014 982.9763429109626
-102.15392193464322 -4470.328610999339
-335.85971860845166 9450.897851378937
4608.065161529799 623.7493980871586
-241.67270952247418 6207.1821022478125
158.55292705228203 6645.528513561592
-4956.276195293332 -9639.528187930786
-6374.739083254599 7366.531104387213
8916.417859781133 -7814.301115548823
-9326.726506601382 1713.4375205274446
573.8156950515895 9464.063444500931
5352.887409069854 -5925.553915237308
5211.199583902118 5059.147242692896
4191.674099274376 -6611.5439028480805
-9551.835683140353 -2883.509959683821
-8185.428697072461 4445.422521952196
-4476.376571699334 7512.238570027534
-9656.400601214544 1877.0082316680327
130.12190500197175 -960.2398914161695
5473.3162879126085 -5007.563289190386
-4284.795122844092 7311.393028273873
8387.658336240802 9915.238085916939
3659.6393211160885 -534.2079385295292
-5421.644821103673 -5597.641679565155
1949.304023063627 8509.593769314662
8144.6214882000095 -9722.122387945936
4789.606502236538 -514.566418831886
3298.3766385701238 -1410.6232584869813
8068.307183676752 1646.5985710202258
-6431.238722872717 3395.759112448468
7654.664818267633 9431.902380502484
-6405.742697554957 1521.1288773833057
-2770.148650745572 -5727.357398517228
8410.254400031296 7660.094181630702
-2324.3850528647818 -873.2228092216501
-9215.58205811802 6895.660732793207
1005.1964807579752 8123.750304523197
8421.774532649684 9991.645610045129
8402.543950960197 -5183.336883447282
-244.06808802398518 -9252.659076314721
4142.889197633758 -5723.216585365319
9562.400464010629 9252.917711775484
-5000.199920526118 -3371.346514630093
3774.5127155078335 -9940.141389016248
-1799.170121532965 2612.350097870589
6651.959824314872 -9918.513857430027
75.93764291339357 -4627.280664305009
2846.5019262398637 -2535.5797435622662
-7750.125654317028 6913.702673875865
1928.942948702068 9722.60146201987
2561.7564573036707 -7480.857140373205
-6414.01733635768 7101.282024825174
-6147.904580487593 -8070.257789953128
7965.10093036883 5439.176032323698
5339.563419770728 -7820.8709271291955
-2459.851942034539 1722.734763771672
-1483.1756634723715 -6269.7349573889305
-5610.138041432498 -4922.700614661322
2326.778481618532 -1083.2857362726536
9926.044980360097 -3884.3307042199403
-9162.395976511709 9681.566386367631
-7122.314789640621 8365.386434945118
-9282.986678127794 220.0987880528155
5731.81964574196 -3078.1531486598433
5513.17109255889 -629.4682334563513
-148.52001584781283 -8474.900654911358
-918.2560540613395 -2539.4729167138694
5135.589982461974 3934.000738586976
1455.601975904974 2805.3399281689235
1355.212175116103 -7227.840201510227
7035.70327691314 -5833.15589237414
5195.071823512893 2945.890353086479
7188.736340439253 7220.900654854988
9548.828611728779 1285.1786183058175
-2830.877138201735 -4556.1505616775075
9761.078895951141 5234.438242577082
740.0133497363495 -1182.8418440728728
5278.619416392703 -2779.371124533878
4949.942160571822 -2637.425490118985
-5431.972313422204 -6247.929712835247
-7771.163254891966 758.3737680402282
6176.142799899233 -4647.913099231724
-2700.887098757854 -9849.390260432137
9454.568203638908 1107.3868785792856
2354.6035677995515 3761.5271238891946
4738.842734483929 9911.86301311956
-4457.871259255275 4010.6044878200755
4667.465007066532 9412.288586256684
-5012.49003889845 601.9484910634001
5845.4781037945795 -6786.84571937336
3439.8953468550226 -8604.932952014515
-6798.1404892013925 7073.683150773875
7065.270513465948 864.3150261566007
-1840.506672518265 5630.835612488201
6002.074270215053 4565.587762003421
6131.027945921172 2607.896249319492
3998.866816594351 7267.13303491339
-1126.5463219068224 -480.9777565484692
9786.021533101557 -7735.389182672976
2878.773587763166 555.911234599178
-6209.542621749298 -111.16831804542562
-3752.3338017262795 4643.520951869081
384.44670444108306 4327.879460824397
3387.564506443474 9577.567891451345
-1933.4305188500703 -376.40841803292096
-603.8784941076483 7707.3017320114595
-2195.0805028240757 -1934.3184739358521
-5864.448579313009 -2197.162187020338
3229.6963359891597 7195.035355028511
9772.8689014363 3547.1121790561174
-4555.656451989871 5241.018668618084
4955.587494233756 -4481.6951986495515
-68.5657239235934 -944.0932928041602
-6188.040679764077 579.3554295605027
-6638.4703689540365 3472.8215864266494
-1390.6250310968335 -9733.021823137502
4070.2700795898654 6501.857519436053
1174.0773355450583 8073.367475895586
1550.987220281957 892.3422194520354
69.86270881152632 4439.558906775585
-2482.841021624454 9327.473231318621
-1947.0126326906902 -2169.7958823758245
-6078.9376688538105 7880.844460606539
-2534.979109090572 -9564.715797668952
-8227.996113648776 352.6597278379322
9994.918133867435 -2154.9214162937515
-1320.4533344879746 -5283.2832274111615
-8363.880252442163 3470.483459460931
2754.174767296745 2147.5150122396553
-6315.986369337856 531.5593434576967
-4170.118330966806 -1039.8641577919698
-3736.3684072363367 -2887.043560530551
9930.17971817989 2283.8131945560835
2146.972438031411 -6914.333691075883
-2518.916431673244 -8596.598462415792
-4486.110554707075 -8379.687921387047
-2018.3752493530656 -1558.7748781943665
-7169.998891040916 2567.9813540953037
-8325.485364031461 -5584.9254650204
-8840.383139077594 -9839.615365684976
4216.577274094134 9696.400348340889
-6998.792835853768 -6718.0989281791235
-4569.376080391052 -8493.967142664436
-3872.534285685074 2991.8561692112835
-72.53435641066426 -4676.965972757618
1931.5593824330208 -973.8399381835025
7718.785514394403 -8054.418775533192
-3574.3233082092465 4683.209084306336
-1101.3629223710668 7431.046848509504
-5692.468771822281 -2200.2555250175537
-1946.645216218326 -744.2665196982998
8404.992827980986 -5551.866916922534
-8733.303674778668 8772.999667794858
-5671.434018529698 1537.3233623659435
-8580.926560849059 -2588.209178750889
3305.9517254830553 -5324.4886791112385
5936.753496758274 -7954.127111415674
-5057.5246105262295 -1546.676932581382
-4771.056265706692 -6422.650348862626
-3954.3231932737654 7732.115634979957
9757.708355548326 2016.3258340698721
1671.907275526768 -9427.231217386505
-982.3028282510841 1201.851206981306
197.29755850402216 -3883.8740763611095
-3340.3128834898307 6797.574665279295
5484.998543660584 -5972.979851799442
2573.986768756493 -7691.189195663553
-3884.8783484213236 -3960.3903207020694
4956.7666484921465 9606.001548512457
-5836.653220010004 -5307.479009148239
-6785.577531662366 -7197.156236120365
4158.68338238515 -481.9204246160898
6018.105553982763 -2674.372778851064
-3379.5823663109823 -3249.3032145028674
-2097.420511665313 -376.38560591906753
-31.20674360934936 5045.254233814274
-7489.3914709832225 7208.570238701082
-376.4810561631293 6747.113530603459
916.0984488674967 3574.8344793376436
-6251.282816549407 1931.154527095283
-583.7507115055905 -1960.3858256702615
1372.4640102517078 728.0359415339681
2765.012584457525 6656.436903377264
503.60459128753064 -1618.352720118426
-3972.8252655720134 -2906.9818763628173
-8611.952028948454 7032.497013112781
1064.413579715596 7728.044747824144
-6808.705029484894 8397.577217614791
-7878.279132259978 -790.3196879395891
-8836.535397556781 2318.013726788704
-935.4058339375752 -4668.13120269441
-4262.3720312134865 -2428.4032080736724
6524.458501767018 -677.2055209839127
-4968.2111554167395 3398.0697452071854
-7458.218746447623 -8496.850828367755
-2130.6243303582214 -7139.168398821834
-8746.600274872138 4760.113455480267
-4297.354038487751 2469.4910778999765
-9247.405393974303 -4603.725238513403
-1282.0675445653997 6413.496847279668
9457.485705308532 -1349.0491825309527
3921.197258366483 -1692.1627999710108
-7844.652335119617 554.6987213517223
-8853.121145261066 8527.597331747831
-9652.516348621952 -9233.954388072216
-3297.434202934106 1008.9367371377684
601.3197182359891 4652.779970823956
3756.5459819308508 9819.828965346343
9323.416656431313 -2881.591628492044
-6405.177354049434 -7145.308461048389
-7300.8736974181975 -4462.329998877197
2518.7108274258444 -2317.1861527639057
6501.652301022819 -5346.716303459453
5423.669174505301 -7118.730238482223
-7944.694440212439 2399.379259278505
-1005.4591893715387 -2891.2126649926977
1844.77358917518 2355.348067719893
4971.92564684338 -2272.1782354950574
-8905.743771745772 5897.135701288147
-2911.085573192716 -9042.13188155539
-9902.642348808266 5101.264607750145
-5953.0319674117345 -3656.169050708635
6160.640073699817 6070.173213987677
-4705.7530202233465 -250.9689405001336
3730.7915963099695 1585.7302937804561
6389.221649696687 1133.2430304157187
-3392.613922514456 -8138.93616196473
6376.940930029175 6051.9097880103855
-2899.76022644588 2649.1309313817364
-9125.151061498127 3113.4755842188824
3572.4096350120853 1079.7280644863877
1459.58850909586 -6442.442094654252
-9983.100278560836 -8665.066419561785
4465.749071228705 3667.456284633765
9147.182442963487 4636.240862646167
-9547.947760745978 -4093.713602210636
-6061.334315755486 1004.9390452756252
9360.000288760206 466.7950972185754
1640.2703512420921 -6129.437801750059
-4215.454206046589 -4649.29195101115
8982.32043522071 -7159.477221705238
-6204.137778127661 -9855.770248317722
-2361.0345293595783 -5192.6821047038875
1395.8433712780843 -3667.889821428298
4960.394699038243 -942.0148296955085
962.4716219139846 -4706.539656177919
-3427.856329826728 -1836.2459128474247
3929.741356918985 4048.2872413183886
4645.7983735528505 3166.139725834564
-4529.650496792996 8374.504489506282
8477.463771338018 -1061.0135090990607
-1907.1062565477814 3090.9455242810564
-7532.630153257727 -6405.738562273169
1834.8517810388312 -9897.307691110625
676.038828168299 4412.680118503513
-6872.846423940133 -3769.1794340517818
-3160.547473728061 -7981.4786739121855
-5574.322615790992 4899.429832272139
-5942.297196105164 -5618.726940834873
2349.5390602676944 8428.620875948207
-671.3686825121786 2715.0340752611773
3335.5753137335723 982.8562152696759
4679.998413718578 2459.8744330450863
-7287.048017523354 6149.926211427928
8860.75351549012 -5732.361077549779
5621.356729053341 7676.517543247257
-8615.989512408774 -7722.036289251968
6340.772890315322 7062.169336795723
4171.3565652846555 9958.546841124982
-3629.6457215919518 7514.1821656521315
-4869.83042057294 7397.012409040672
-9011.540359490948 191.81804907080368
-7297.371801253045 8169.967467321592
-954.5618180105666 5718.925853630793
757.1521137920299 -1221.8477720207047
1385.2709300721526 1619.8913129111843
-849.9733821976643 -875.1477607645029
-438.2685664531291 4634.607996269531
-3132.9992465871983 -1371.9769921411498
-1590.75873049264 -4206.070583193524
1861.6834013363678 9294.873903738753
-6451.8712883245535 -4312.134212256733
-5460.410956622499 -5549.087498772094
-1951.461896472666 -2465.457095200816
293.71427204155043 9803.763214003746
1246.763899657446 6458.75074995439
-9420.438385036923 2135.3250636705907
7102.312785832673 -5185.332801233487
1724.5623378656055 -9845.862872033355
9503.535424447178 5438.134095911722
5998.862829090131 1903.095579936571
7574.186395262557 -2610.3509932690704
431.5008814181492 3605.9341164066245
5302.826118031389 -7949.998148835788
-4562.00755609089 5949.18319592274
-3288.5192412520773 1356.2847267089273
7532.418970896622 -4465.411642823376
-9700.466482722239 4516.770261853111
8229.103123669673 -8399.7455324348
-5356.668056906986 4718.942454995849
-5303.98467323945 -8902.936360231804
-9198.45790990267 3145.7440458249002
6804.07166785458 -1179.8013072162066
-3429.1982035783785 -5959.114724801133
-76.47613327342879 3533.876223548794
2655.7594135093914 -8385.161372362863
-6849.337496979775 -4109.311237171891
-8537.880712115768 7258.927585927533
8605.099790580454 9435.224344610124
-4509.159212111009 3835.6994937240033
-980.08513070968 2094.9155470176265
-5793.828154177671 2739.5461667675463
8053.987988250723 2299.360320088601
5769.729826415187 8972.33489117051
587.874181095809 1232.621813211932
3177.373227579683 9654.568650738835
-1278.4007946269103 711.3168354202771
-6894.863327220446 -7806.60335451014
3274.794672770773 4794.559078643719
165.0366148187586 -245.42921138165184
-9703.381120965832 -7529.873209341556
-708.9166766759099 -6263.779894553512
7424.936937841241 8624.494734554992
-5379.6299201995225 5618.101746061604
-4108.724282948615 992.6487383511467
-5496.365124552618 -6139.232919972339
-9449.912378371688 -8103.107011719204
-825.7713700848326 -4545.135800456601
2517.894486442714 5322.131477653858
123.94960571520824 -3728.4239299164265
6839.922938851509 -7761.608547208712
8378.739230864823 -459.024226379277
1058.8512927580487 -9930.361073117085
2636.763272247399 7585.863808750455
9642.344914981546 -4178.792790862362
-2374.069517412847 8364.434264201544
3933.0693759825717 6616.463325755372
-1942.5575180318865 -4574.11117932407
7616.911874016758 6256.585976173963
4196.486775588581 7558.914233403768
3662.168787300674 -8094.3537496069375
-8659.274055441632 -7286.2922478723085
-9735.510163741747 1116.4283620123952
-2608.240951188496 -295.98213227710403
-9460.60022320785 -3849.260782373123
224.27787387356875 746.4547025258798
3536.250372071556 9911.214431175664
9702.145569203698 8070.104555848833
-7395.514375686942 -4210.075893262908
-2039.8140812784259 8630.255086982303
1225.1378499194325 -7647.647335711139
5964.9806655680295 2385.8305715122224
6127.49714404069 -6986.380636287131
-5612.482994083678 -8349.08575583512
2842.9344558743633 727.0749913096588
-7534.9520338958255 -8293.489050262988
9804.887128132483 8193.699517735808
-200.9301149980838 -3840.5069358714863
-6313.956312278815 -4785.991107478198
-7069.1545076038965 -5538.555670388854
870.8056188738265 -3457.551538459049
1055.4349263415588 3550.9071251404584
7793.119955800248 5967.547503233049
3379.72735489568 758.3130009637061
-3673.173788084503 5329.376558557577
4399.499216908129 -9086.338832893434
-502.3283007758364 799.1423089031468
2765.0501477141734 7022.788348235965
7493.203534917666 -7015.977226458761
4424.512422854066 -9071.142672222573
-5721.245228229117 2283.6451780958414
1378.4414862030662 8051.4695751539075
1084.7892729805772 -3587.1330277838397
3648.8447576747403 -1403.4067093224457
-5387.107404205589 3118.8250650385544
-6039.674211318315 -3443.7267624973074
5014.732696631665 -2141.518515745084
-7849.443451643468 -2632.122404934301
1530.3384973514349 -6433.816105990429
9471.821914572483 5278.406981040209
2129.086656249954 7629.041859708061
1714.9090991960893 2260.1888366938947
-2421.1935609160037 -198.8067679539363
-5518.851792663735 -8249.956031231024
75.44991608067357 4026.3239760596825
-6052.058736934898 2534.8025824062934
1897.8053826007726 -2998.917032284662
-7882.351488613112 -9218.167860338444
-9491.23395333714 -3199.686464502316
6809.230541959507 -8485.991593991424
-6893.314235484644 5998.304049477456
3546.575754459109 4754.354634047122
-4162.595466583519 5458.550192191471
9016.976388640811 -3883.652426028397
709.5355530582528 7327.786219580394
3917.7488997832206 6791.6721004873
6712.653409920178 8758.33696852592
-3221.485154546246 3687.9909571794105
-9279.951176452674 -8503.87602711319
9741.211663901446 -3104.930075128571
-1535.258823989272 6709.929004445607
-7700.597062813994 8708.387548273611
-3790.5146048412726 9300.809739422577
-356.9776354634578 -3884.864118847022
-311.48075361371957 1418.8413885664904
8524.190447716006 6948.30092563017
8480.855643153896 -8972.361569662105
-4545.7102657092 8840.291691492079
-8818.072392772356 8095.387582011663
9562.007215513477 9658.368066834078
9572.448283946658 8354.41560810453
-4413.4095279147805 8279.904740283957
-1559.6335671421766 -7440.417329801359
1250.0890911682636 -4633.703190393335
-8206.170266263693 -2210.9144769753893
-2353.1132046158355 5220.108049198219
5910.105429662404 -3430.469744896088
-8691.632735254963 1860.8347239232953
-5002.561350456396 9470.40993577
-7754.929324593108 5130.44447590757
6203.846357721974 -2698.577098104629
3538.2517057316745 5940.626438334262
-2711.0970877289246 -9840.680518542682
-5052.73878599003 3699.472035315952
2481.571540460518 -7690.7222163209935
-4481.279540631366 3506.0917371918313
-120.8004686193417 -5750.9352303126525
8327.976032989067 -4122.555631186205
7199.7996242137815 6292.534309006662
-5747.14119583938 7572.445495109696
-8218.211841922826 1622.2921052977163
-8925.68926592364 -1495.8001668967281
5432.375884591933 999.6364189724591
9217.955096974609 6781.983569719196
5057.837345486174 6183.1664048976745
-3904.761789326277 -8399.620060356232
-4034.080913401439 -5404.270830234621
7272.287326747581 -8006.23638333603
-3687.3253102505396 3892.6672370150845
4589.164402795324 8400.099142366369
8373.05234439197 1822.5882641920452
-1128.2702960385795 3528.802116676794
-4853.419860461554 -5864.812137506563
8022.859577828789 9203.202350926811
-733.4580751982485 -8721.086510858295
-9950.710385938 -3351.0859545171834
5263.051074711249 -6755.447376855373
-5025.1088512358865 -874.7816909342255
-4062.5296025946936 1149.1069576816553
-389.2830720330221 7847.320201663286
8937.662166903996 4017.5877707016407
4796.685010114921 -5176.848377154679
580.5649460334553 -291.33542044230853
5999.299127083128 9529.147580142733
-9449.351526229415 -9956.63727679537
-4955.6626201323 -9724.77678254194
-6690.1875400837835 1934.301211752978
-6717.029622102146 5659.9470613755275
-113.66894562885318 8676.23251952785
-5365.696617374396 -3307.304698144724
-2832.5185257201338 -1453.0616400851977
-9283.13753230797 5960.352462790395
902.5151965511086 1480.8027805175952
-323.9107203344247 -3358.101780517124
-6670.324126916236 -1184.3202003142724
5334.418434869884 1225.0107359983613
-3327.016326945002 5976.943626111908
-6064.929740261297 -2545.4090569654063
-288.4501885603495 -6549.10480293643
-7979.805131697924 7343.899458707332
6206.211093903392 -2487.021225704607
878.5596532512409 -5995.227855523493
-8824.697935120636 8914.54380234925
-9482.518095183674 -9395.832783698395
-6156.576589095211 -4904.828944146538
-741.7418108212569 -4069.9241665735553
4544.082094234305 9475.856359655907
3823.8592996396 -8149.3883190749575
-3060.871209157467 -9998.3654059071
-817.799634334322 -624.1310578227913
-3375.072923626154 8340.504177294591
-2572.1816560158104 -7917.069762031857
2527.244062220094 1008.7920522724344
629.3314710460982 8340.179933063988
8443.858762298994 -5818.6183033514835
3839.573518011408 7067.858712855745
8675.940716930687 5058.510327154034
1359.837243620983 -4302.416295919689
-6103.738948033783 4399.121223049924
1869.1884379587664 3544.3305148382715
-8765.660708905465 -2805.968249685846
6174.345252801462 -1019.8360291725112
-3984.330915511354 1440.4740538870865
5105.140730722431 -5400.223331933574
1674.17089102327 -1407.1704437343687
-5524.865555920129 -9006.316085868473
-935.9115020845165 -6497.327355858131
-953.548562237871 -3204.3037845684275
6729.537221752231 -3475.486827308634
8082.468801194005 -9652.916261784918
9646.975806248356 5951.909087666714
-8658.495673321673 -3379.3865578617742
5537.8895232278865 5061.9074724805105
6259.180392075661 1973.4354817235799
5055.99869690708 -5215.954700540462
4586.680265294046 -1151.4389097543117
4985.355834440161 373.42930769411396
-103.3636215997376 2720.4774517833666
-7957.293250731234 -1544.3111638591508
6137.929503393701 -5618.802482516687
-1040.4643505176118 9424.888594394808
1815.199311086244 -7911.1468900386135
4226.235698829443 9413.751080996124
-5611.59164194412 -9848.302581388669
2212.8912368170786 -4081.159900311888
-4867.678002916511 -6803.819494405452
-8661.832448026498 -8348.379610316748
5965.308065115598 8668.532854316767
-5460.137714677582 -7700.394399682282
6651.38819695044 -5954.922765630113
-1492.322724507696 -4379.931139881015
-6701.005008876011 9777.271539929396
-4029.1771334035475 -8347.903114500923
-2775.563584754279 4173.263888379832
-1209.9165515458717 6821.021001307508
7017.5907133990295 -7781.480579251469
-1313.9900897086882 -1677.4358092831408
6041.879682361539 6763.873806754302
7141.936431787366 9412.31056421727
2620.119358173886 -2439.872219257036
6352.549483523373 1089.3890612765008
-9197.644837442323 -8705.904777662194
9045.762784283652 -8848.454088146258
-4118.659577364727 4081.796828798115
-3412.2999126462746 -2287.9440819098536
-9284.172635328987 -3199.738158404055
1987.5909867210285 1007.2136189012999
-3558.6012078048325 3190.1937740985213
7251.445966907406 4686.417599196922
4293.0646341562315 837.531215252895
-7009.611025268934 -4234.856490697436
-5966.585797898189 -4057.2846023312613
-7728.44169297876 -8965.609509397626
-1125.3802935215717 -5787.737086469202
406.5327306572635 -3041.5421813973453
-3197.8678310215173 -7741.984633165002
-2295.749395533817 -43.807417213978624
-6147.562274196414 6565.22826390043
-6827.566098168793 4449.134394949122
6166.769519243751 391.4291308512966
-6266.440053286035 7173.258725357358
4537.214909415388 -7116.22307275249
5728.448824757657 -2010.6953115758388
-2318.831953660254 -746.5891670005858
3312.5690143998017 9789.955207894389
-1375.365906975021 -3978.918807483654
-8192.801438237202 3090.4145054489036
2344.3940430821203 -8850.882687419316
-6850.3987174910035 4502.215869504416
2213.603764669255 5300.585202886177
5293.420690469053 2528.3675328782774
7814.896794023483 -2482.7447287631994
-2257.4881629685615 -1018.7720253827265
-2670.3769029260793 -3716.212406865926
1358.478429337234 -187.21487804408935
3981.3612409464586 5246.327124052257
-7835.803105619714 5260.293186794617
-2093.6026489972055 1779.4747674617684
-3927.3454548381005 5948.49950552697
2343.370141552434 -3853.6130094842338
-5697.547960089005 8952.985172542849
-3821.1656448918066 9172.536724707377
7698.352794540104 5817.407531179011
3655.0113814969172 -2845.554226939659
2257.298547546734 -6869.267107796355
-3559.462356881196 4150.488769695421
7867.332110025225 5508.813557602953
-6715.456177313359 -6148.360092496807
-2401.0914580956323 687.9518549677032
-1881.0678307137005 5905.821033868167
-4154.899395677198 6926.380103182299
8743.257497000963 -5129.706356603141
-9810.755062339984 4022.8489678186124
-4878.864350270329 3892.3046573813062
-5914.41061216637 999.8204075323774
8836.64495561973 -230.99998156288348
5270.555113187002 -4137.973317280473
3403.7136857727473 -8786.62299715818
8279.239680400402 -4170.5555085479955
-1108.9850362397738 7953.843679416557
-1476.1706641780365 57.011028768261895
-6280.569028144209 -5279.266886256662
97.61769913345233 1091.6986874621252
-8491.333307890147 -8776.110329211873
9800.355594223067 6180.829084621886
-8505.865789080752 6901.246234811675
5837.692144276429 -4966.187240408691
7304.758425977794 -2480.9319511499607
-8770.501604535102 -3247.2426513274086
-9213.117830915608 9630.344458304226
-831.107509722242 5385.68430278143
5078.985516185256 -1551.4276668597595
-9594.180079699421 919.3729697752078
-5713.542550552342 4869.966164464286
1186.0750064132371 517.1242263281201
-4124.797960247634 -1822.094621657846
-5641.326968613365 -6579.97323718927
-3702.623838128565 -7610.779126860825
5971.524995926939 -7831.4122036770195
382.10402364513357 6252.6866549763945
5007.390339354011 2664.86416043341
-9331.471868562769 -414.11839796971617
-5130.8863156262105 -3916.4788490118062
-5871.895621696131 1937.3576514239794
1805.1933080911094 -3246.4775869827363
-9382.433942381911 -6513.169270776076
-2326.2589226483187 1870.436289976391
9923.520225437052 2646.901918753132
-7725.051564657106 1262.6234826270738
-7595.82745845413 -9994.414395517226
3939.183963364534 8422.855925420587
-7996.799468372129 -5950.291426720174
-3860.108341228667 7630.19466832
-194.66811290776968 535.0308243299514
-7392.517680844897 6225.23866260955
1322.719351597405 4419.703079903096
-6247.548847175007 -4034.8658265713075
-8654.276774824964 953.4799881384442
-6837.024008319996 -7126.98170151868
-3538.7438148276296 -9184.130488214701
-5475.711972564576 1109.852609050764
-2763.629639329026 -6877.808682939494
-3485.8659962259744 -6865.121416342188
-415.70692686189614 9667.294218894476
6060.686434992573 -4215.785352058748
-2025.3331715029517 -6047.534235537344
-1193.7162616837268 -114.6100653557296
1919.250085036343 9341.847203363548
9702.411255512408 9638.899455069182
1558.9030645798193 -7879.552619659103
6368.378622654898 -2763.868620932486
8197.183310658875 7276.634263427306
-6821.83915686452 8046.317371068231
1270.4202877512016 -2492.2438024905014
-5003.079044165497 -7806.575630411734
4513.676992074532 -751.6597727944827
-3929.254628166689 -542.8076148656164
976.5163591618948 -6553.925256857494
1780.1711988140287 6170.803686512527
-937.9530956051149 -6638.408579290099
8800.104703404755 5150.950704821142
-92.77044364417634 6843.815612240673
-7334.23858669957 2684.348935493397
-9808.017997243807 6333.458734424501
-9173.698468954419 -9791.972209494186
-6140.8776006472035 -3727.0080483389465
-6025.155085555938 -7440.997692616835
1246.7538116866508 4652.228687779278
-1224.3922551130563 -467.77284156829774
-5220.806000919875 3094.4220165722345
1065.9035483113857 2973.996851685126
6632.112676721132 -1811.4315247736904
192.81306726347793 7751.2521117848155
-4317.9552953718185 -4300.615865457207
2351.33616571898 1675.5240599087792
-1429.9989005095013 -1162.7928221679522
-6377.122072579821 -3176.4638958823134
-7146.58458980544 1945.856070346632
1869.9593890992855 -7315.2410991982
8990.20253108965 1767.2601671763296
725.0585803375579 179.49721591570778
2293.2320037143145 9867.455573727559
8618.537240436312 4829.373636959825
6013.058974195184 -8140.678879354293
1122.6253963029303 -2774.6582964395047
-7648.726705272568 1733.2147621022777
5845.471770023003 -573.3371138758084
9476.37442763236 2907.445545667997
5691.3057531743525 7037.540462357938
-491.40575541444923 -8463.694730544195
-1490.224424584756 8446.403955099711
-5040.363519219036 2164.154255289115
8989.569328721318 -4923.894401940356
-742.1770144393431 989.8490485825823
2108.4531349277477 -518.4204710374379
758.6729425081321 -2193.4239267208695
6533.885585860917 -8255.210094535836
9035.464197015823 -5892.0716693397
1075.414676267501 8855.08450831617
-2736.1234429241767 -8098.138361564335
7622.074973463892 6626.335405445407
5159.322109794353 -4550.07051970197
9955.049951684807 9190.548994648423
3195.1187150244623 6449.987437259995
-592.114427299759 7220.895378122335
724.185392742138 2106.340657545041
-4446.417787029477 2775.391616955896
-1853.5256663671616 -4917.922088639571
2929.9094100298353 -3984.243509447747
-3591.12189718876 4504.131021456122
3271.33407901628 -2955.7622671143035
5893.8902888498615 -2007.6294197888237
6797.973892097994 4714.482923464326
1147.8226779498564 -3890.1681662654155
-4180.976943931114 3510.824297152956
7918.917338124091 2681.948300331016
9240.127203001426 9453.61073454336
4620.2225814937265 -2891.5496737073036
-2478.782341662338 6476.514456590441
-8398.370875658455 -1907.6350573855325
4213.343731452978 -4164.984594138184
8510.000593486122 2136.3392244480474
2410.075614376152 -7156.451418028586
2535.8578860524467 -5292.713328271181
-7718.921945934659 7602.078875819112
8489.612725605308 7146.141911747942
9312.491679629937 -638.8429688635151
-4580.129684814163 8200.279430646453
1960.7853466435026 -2212.2214438486917
3880.8643673950446 -4518.050013779704
-7866.224204486083 -1367.3390934692725
2975.6037997011845 9206.858108703316
-7755.458630933947 6162.828657683809
-3054.146442139816 8242.782614218599
-1459.0074573221373 -9788.319709771089
7349.597966269957 6798.935595845145
-8004.118167203862 -8188.009486062686
8761.166350995263 9012.52726288006
-4750.917222164794 8115.5823290312255
3448.7359489834726 -1760.215927791547
-3074.014197059756 -5333.312558333992
3628.449020296486 -1965.5414810664442
3112.892292337783 1084.289695788657
8663.926871912965 2597.640030175404
9852.331735580701 4822.037400171192
-1025.5198663259453 -4091.539283203487
-9771.765508652372 6912.573901924901
-1565.1469387735888 796.0777460132722
-5057.050240781151 3466.4403295738557
2693.8742473609927 1889.0813654985723
-3754.8879191999386 7183.9618849294675
-7891.092932811203 9679.275694691947
1649.3929896018526 4251.8335789010125
4887.533842736131 -3137.4581575707343
6096.220737695734 -6265.621889385331
-1452.560223423785 2670.2983898159564
-968.4450859628014 8932.75275120408
-4050.021576563221 6080.82414780888
-3656.137119840315 3173.6477826904666
-4067.545320391592 -5399.476046282701
6177.456975572377 -3897.69205070291
7958.676188363788 1730.9662973558188
2348.3904894915067 792.9859326473434
5226.858396059311 -6711.6647197143075
9421.13562831793 6853.218262762704
1318.504664757209 -9582.313809869078
-538.6884918559008 186.6008137217632
1741.4083361030316 5445.208820872733
2061.74301051341 -3807.98745733725
3614.459905492371 -4362.540474513706
-3553.824065365634 9915.528474318951
-5738.531356363869 9487.314832533066
7287.0007884156 4034.532599078804
-7374.256534004862 -9677.819304192546
4330.370029847301 3541.8333421669104
6186.709188157549 -7169.2331557706075
-9995.880321519124 4610.858937860081
454.3552585881371 -469.4738804997887
8890.946527654174 -5638.707262342384
-1863.1309652517466 -3751.3677568865387
8281.316303305593 -1892.2115338183912
721.3058534474294 -1634.8506120540223
-22.3901234253226 1162.6937401500618
-3523.2932097318235 -7132.159008548249
103.05195873690536 -6623.020634093242
5783.587797875529 -4806.171266041816
-4124.013061398846 -3658.13505494895
-2786.7325490488474 -5615.891898401644
6142.114069770309 -4463.0977498881075
5925.020864174758 -4747.300675292683
5914.303513019278 -7301.42861356325
-281.4111054264886 2073.001068130887
-5748.328381831207 -2703.2894334069897
7474.098429863032 4709.686267287352
-483.402143598596 -9755.604687957411
9730.97212894739 5175.272801935082
-3619.575425638135 -2169.8403220426135
-8198.037433496873 266.2685947168611
-5094.4121586834235 9349.725869978029
-3912.060218981106 -5765.4115658666515
-6386.025704777429 -1972.2958775909883
2153.6310175739454 -5624.298703581514
5658.32545813091 1557.9903777718337
-9355.988442317817 1965.770855979641
-9954.461056405713 5954.888328727666
-9734.401275728344 -8844.187303040168
8317.755749477099 -5604.759154627197
5826.417139276082 9231.685465000479
1179.1410401770536 -8654.83598515922
-277.0550227153053 -6925.4887493548085
-736.6877573609363 -8496.769342114247
9281.875385885876 -1293.103416903281
7568.388968471012 -7044.7434529663515
8009.064234070473 3486.1192047527984
-5956.330305279196 -5575.897608763265
67.56046642852198 3806.2110995026924
9393.982374607356 7611.203803442353
-5798.848767357033 -4903.336824306477
7374.776828113874 -2635.1901053701004
-4160.615166274768 5456.247615770173
2683.058663404405 -5226.80377362567
4264.561868666153 -563.7547996382655
-2993.6968668339323 -8730.595595324881
5490.720996644148 -5711.861549964836
2873.5133636997907 -4552.664502375194
-9100.824748544053 -2583.3841867076026
-340.38607809621135 -1472.6961982647663
6694.685306994525 829.5097812806926
6426.415885633171 9272.449909065585
9890.88540923148 -3947.9176023500886
-7759.5951215098885 4645.677008546234
-7196.883409897166 1273.8426714936395
6189.645545314994 -1389.9240349409902
-78.65745421132851 1421.8655689776479
-3470.877341765219 -1785.9392954917093
-1444.636550979365 -8594.636326304118
1215.8728068227792 -6534.255860038038
-2210.9293201908176 2952.04414130266
-9447.711077241758 -4510.659197264244
-949.9855876008805 6257.567614736166
6738.012256088234 -3930.314669181552
5995.091254732537 9095.196517141372
-5162.13922937472 -9070.781603538524
1432.6914615027636 8083.51604541656
-4994.730574604003 8945.088030890241
-5353.831923489669 -514.1202039412801
6757.749868433537 2.286214384210325
-6246.966195172039 -9783.977559498258
2682.912304394067 -4707.973212562338
4628.809872692906 3650.0575725704457
1160.6205756854633 5602.844977309285
443.9949689964742 9395.858551476751
5518.8817587213125 5515.194204574078
4007.1438930163713 1346.6122046113833
498.1023324392445 4398.576903986155
-1123.4203726452051 4146.100892216791
5980.381377906888 8723.550647106964
-5402.202410001502 4619.061613067719
2647.530791614372 -5560.792602379243
-3556.85423185343 1770.7480351444428
4563.555460217263 -6969.971772474168
-9325.097753253844 6635.602833539426
-365.6519524358173 -9645.720835487935
-7377.604505554585 1555.7260589101788
-9520.609261277421 3479.4054672240127
-3241.6478367842737 7395.614450771391
5457.286426569088 -2531.839591440814
-4520.819197226709 6750.415656392113
-7581.034393569237 -8567.518385477566
-3561.562410534034 -8619.262098254721
-3780.538130473965 1160.416568494844
7052.247185556909 2907.819883178656
-4898.834393550984 -5765.325389825438
9189.982185924087 -2771.336927651909
-9231.501458732713 -7200.334099512944
-2916.955466408751 5161.498455737739
-7694.0007731776695 8997.168255653603
-2870.893075505168 4507.744581108787
5048.811739865374 -1420.951478023524
9538.725054418752 2017.397563214361
-7903.367681026239 9318.734214028816
8665.743610941085 7670.572535791205
-1630.824938305952 2581.431752588591
-8617.542466218318 8238.694992583965
-5066.734208335355 -1223.6511146975572
-8994.970371879373 -7735.373608491165
-5211.305127711452 402.47466246574913
-1955.8218969089294 4401.788189998902
-9618.009454381347 12.740471768855059
8450.70037498498 -6521.872201465817
7824.319379879515 4659.680773334274
-4955.090328709673 5701.5505714851515
3121.729548578349 3248.977781605534
8463.612044006262 2099.230158176704
1683.0043185626128 8715.563163756116
227.76675678986976 7583.979384489801
3952.4092115767853 3050.238917478144
2428.513745135404 7966.65824170459
7221.661792920124 -56.95846385120967
-3951.222271160721 784.3623705874215
6507.468625088273 -2827.124876340419
-6917.802404355913 -4010.0687306523787
-4161.980791560269 -1138.7939231524797
6380.645217326815 -6650.914214212269
-4626.153121310059 6320.900040829849
5556.151893429918 -5182.710490121043
-504.4909719060779 5469.563643479711
-2717.4300051497394 2219.2114757875806
-3677.441039950857 -1359.972460327952
3986.8398836610377 3229.449900197589
-9914.680889354107 -891.1023163412938
6189.266391617926 1953.9454135980286
4352.998519717408 7777.380782839151
646.7293853513147 4337.319239071272
-3671.276374012775 3176.861740603672
8972.291715803185 3172.122267645649
-9745.91678704763 -1664.9928396990363
9549.202791288113 2661.786133124855
1422.8250481313717 -8973.561305249432
-673.1868794486436 -1710.1622044895612
-8614.63146291539 -2454.6924084572083
1480.4657043579718 4173.718312082894
9632.825880063683 -5624.61961844531
-63.05830816872185 -2867.6581405179013
-2618.735795920892 -3003.476964736129
2411.58506479674 4372.288130479219
-4966.03715375385 554.7649499561267
9872.753473040171 -1.6703294500803167
6481.463320588973 -6763.611362801925
2243.7757764675243 -5520.24340186741
-9393.779134126846 9924.785558627376
-2327.8723524111 754.7486763680517
-6809.275773395953 1082.0916511823762
5840.069517913653 830.8353293340915
884.9558173860732 9785.902857091212
-5439.4785536353975 -2459.754264198903
-7028.883691926712 -1535.3515185212236
3296.47953088358 -2465.246078175256
6370.551901004876 6113.482746443518
7261.8109582166 -6344.613848305018
-5330.131408477731 6635.8356403707
1405.7970092258856 -2511.84352315428
-7099.763201668238 -555.9530506140236
-5146.677672254316 -3782.238991160644
-3614.0680109901214 -5434.211372064963
3267.138692304172 -8183.04448360228
4185.1776045643 -3758.7425627315297
-881.8259751191963 5160.116623940687
5478.39385243393 1359.406359231447
7994.367725773303 -7174.735226182272
715.9895240582409 -7930.235520979662
2848.0637602316256 -9850.378190485759
8419.857940703914 -4480.3273873872595
7476.520953923522 529.5353885193817
-6760.226102721856 7905.040998797966
-4450.385676798336 -1993.593390497559
1197.9229453610224 -5113.968024613682
2143.3618752132097 -2143.976015449076
4011.8153147018074 5907.325705658941
-8992.587338091533 -1800.5092582747166
-4032.118828174469 -3924.0639181327915
2689.184229558179 4579.717610851854
-5974.936524574996 -4012.1953143639757
