458
2228.125907344034 -6613.046473563178
-6982.368707407564 -3883.5671293971054
5737.462120628021 6365.527936228387
-7192.980256790258 -425.5298756955035
9025.886514680504 -1036.373525880199
-5291.969744213012 4868.4864399805465
4787.291980885331 -5584.284910549147
8743.056965041502 3871.05952371244
-7112.398439639204 1718.72882183806
-6095.306082988017 -6784.952092347516
-6791.565564732465 7753.752536423926
-3809.702945291926 155.74603229266722
2041.663774892646 -7465.443373365919
-307.8590644934102 1584.6094838377703
-2583.6631288585286 9199.79846328399
-428.10015636846947 4774.263025330707
-1709.7907365065403 -6802.2469429505545
-6888.525170412577 1579.0280496452833
2713.9205755575094 -6430.553332255611
3020.458889359643 6584.753662329913
-9123.368276256146 -6681.881912984991
-4206.173604989003 4096.2513402351415
367.7122702351189 5559.944468760004
-2848.299764886895 -1129.8299439777093
3039.859767034248 -2516.983014324428
-3543.656629659 -8854.320211083352
-4465.197112277008 5098.570387667725
-7510.20523904636 -2205.132216681198
-1166.4695199286598 -1649.4916937404687
4088.8553633131287 -1690.7279865731743
6118.76363300961 -1643.7045295900552
-9127.593037587909 -3141.485663479384
2788.176641986296 -3615.681887925768
1659.3370603010899 -198.46700544524901
7632.64050866925 -2370.149891208337
-8836.39395284626 -8199.568322265322
9994.561180346256 -8066.216324065088
-833.7024161350964 -6918.497683912646
4147.153920552251 -1704.6724680527132
-9397.242135816714 -4592.489282687029
9186.276132599414 361.89503023575344
9866.21231496261 4969.866168045806
-9597.768454349718 6036.4435907934985
8117.53741424657 6678.81087571313
6399.733288755953 5924.555070773444
-1495.8628852529673 6224.329108639688
-4840.009798702256 -7449.42120876206
929.1680879677133 3799.9725658217394
1789.675851775637 -4895.81296143335
-4624.385144970537 6526.353938712029
877.3039870484226 2935.730990605127
-9221.969788400615 -4619.424426317613
-2821.6696061510384 -4899.189768206582
-4951.992811213946 6832.4094093927015
-223.92660469279144 2961.4997956661664
1097.749666284828 9407.553740311218
-3083.673492108347 8183.716199356946
3569.3783081010115 -8957.15709158162
-8610.673745443328 -572.771158440486
-8534.0981408596 4367.806224111
9633.508647845862 -2393.141331390427
2993.048272726346 3941.505477872719
-8338.725411010084 -8189.567496581005
659.4509017655237 -8006.882316282542
3457.768302165905 5791.097356360833
7045.948170081851 7359.251822234641
8679.448572634657 -1591.3699092475545
-5356.9507092891145 6080.523339452109
-7719.985115394207 -9523.595703660536
6768.896030979646 -8485.55301917487
5117.037771256095 5177.712735282717
818.3249490574854 -3158.7682997498305
-4356.584278139399 9547.172385200367
9956.92710300142 3483.5941279017607
-7536.4366166791115 -9530.029954392068
-5137.721311536818 -4768.755956518309
-164.9697722985493 -9766.259408300688
3227.7904022669663 -244.7808021951496
7122.003179647942 3874.897418055938
-8517.080602135753 -3283.2170125004213
-7242.039552482535 3393.2673354876715
-9453.24874500178 -5179.8712644445395
3450.497174365073 2365.915398426654
-4579.741322916013 -1072.3374611898398
-9837.857384130306 8573.0725896261
7035.81130258257 2751.1729450188377
3826.7600481339614 -8043.882635362738
-5979.205543289845 -7348.276870429165
-4188.091681530351 559.5776800720741
-8104.515361541624 -6274.366535722657
-9186.678945306468 8066.179756184527
-2286.398700820294 -9376.545062397845
3168.4385600829282 -6884.036216725051
9267.239017329026 -7556.636779033519
-8498.278843025579 -7192.446048340104
-283.83607402164307 3559.9361338627186
-8834.76648168228 611.6770520522514
-9135.255469681191 -9606.19450318966
9113.790359008875 -7615.935665523159
-8701.93593369871 -2102.789011298076
-8345.274393864576 3246.9053941943675
-797.9605683650334 8925.010464401694
1938.1261882036506 2815.043419963433
-6069.338208557536 -5319.768647404812
-8895.839141782668 6575.149022518453
-4753.251493196553 -4932.215478898307
-5320.091337836002 -2816.8784195661356
-5349.119612822442 -5940.510726102781
-5881.125971149561 -8972.985579821287
-673.5260501560533 -2931.913340209031
-7697.835202979084 -7390.197311573236
-4032.766604789397 -5152.5382638793935
1371.0757109437945 -7861.6507794061
-883.5137581636645 -8419.195927896862
-8563.383945701205 161.9463439678202
-3363.788332365525 3587.9975124494595
-487.71017215129723 -2814.145648678261
3536.836041325336 -521.970878512011
9442.22968089104 5892.282790638188
4637.1537172792305 -7408.233327039448
5647.552506025184 8933.286321881125
6387.018602329048 -7775.036227740697
-3810.3987702952627 -3782.9103200319405
8673.730469931932 -8609.10038698216
-6050.49304506228 -7808.61772043846
8546.310091270516 -4223.424450874544
-1350.7085492838705 5834.146507135634
-469.8339378257788 1065.9410556959829
-3009.4855480689776 3894.631591068144
-7432.098790878232 3948.130070276533
-6637.75769319948 -8615.898907102688
-2389.6803186547922 5898.244257571041
-629.0918391465893 -7601.981919619816
8494.958069904027 -1787.2732382765062
6870.400817508074 -941.6305518410354
7987.752028526855 1800.9274434668896
6221.515097584963 -3303.145554503044
-5273.270367642582 -4121.039737234298
9185.668779626558 -643.3086738264356
9294.905722396197 5981.522020832246
-5841.430158005849 1272.8426702037214
2762.8291027264495 -6398.165720706022
-9624.687716891094 7197.470100343984
7779.520393620947 -2710.5655496747167
-2730.8545415082117 7269.477334171901
-346.1849870260612 -1819.9476680435582
-4658.051077804919 -9415.976704070208
-7143.59014950813 1701.3464058974969
5705.230440112353 5699.918932003331
6986.195071032886 1592.8105167666
-3123.7615753326063 -3970.139358280502
-4517.274507264461 2397.6809124066785
-535.4334415328813 3390.4646843574355
229.98012653671503 2229.218066285379
-7939.593629013851 3946.127145837985
-4315.170669112645 -1116.7419490306256
4936.387014323576 -2637.2621577050495
-2723.0890983974596 -736.5325983104267
-7899.277595091962 -7805.675961562945
-9435.092804332256 4605.26240665303
6790.166045865291 -1642.27360475585
9997.483787026595 -7871.115916781672
667.0561998347694 -8992.559533921185
-884.5606147346971 -2478.3444655269805
-7214.485826019723 9204.788458432919
-2355.100007405781 2043.9773062288368
817.6416722027534 -2517.38212973176
5169.659483981486 3073.1456345167026
-5918.6591785435885 8738.755697227432
5934.066289014492 -2456.384163076724
-4412.8313171521995 2848.4729313988137
4816.124411593391 -5988.147072433842
8622.408799677305 -3031.7433164191953
623.7646266361444 -9031.5399812439
-7683.667729379251 -9289.797648327918
9605.520327413185 -3460.2139487144213
181.40493289446022 2198.386028602752
9430.125275954153 -2134.234048101338
5800.959106222916 9475.59699738284
1877.8305776445795 -2789.741419386558
-9365.341682785069 -4189.155386279217
-8900.479373947965 -3745.3046920091238
338.8410615256016 7165.090313258392
3537.988670887178 -9954.62872577336
8049.619904555886 5404.675423339411
-4530.989141277823 7709.250011800774
-4247.601288413587 1808.9618237211944
4608.1455996329205 8322.681253101244
-1837.7613660044644 2000.7183643169574
3342.459379467273 7211.959440568757
7465.299747243458 5634.827041262521
2884.667787082917 -9515.81107155644
-8177.646089752028 2012.9143866193008
10.450862252944717 -6268.554815889686
-4288.843841418566 6248.5341497616955
-8971.997423278855 -5379.23924422777
5985.2311580294645 9689.577075063706
1242.1311303191014 -1523.0133048827647
3952.4285944177627 -6988.407326537537
-7586.4720089919065 985.1202715527997
827.3639773340819 -9272.239016569118
-4422.903485486274 -7216.784892094764
-8412.341073117857 1818.263291126039
-7928.489883425851 6986.524744107475
564.6688833280914 -7236.148711642387
-8254.54317116018 2578.057213943597
-8974.839828704242 -3524.571805380321
-5955.697127319119 4120.25825607369
-9448.79952278221 -6556.501181118259
5044.1967734585705 1387.0585115423855
4201.283151295755 9888.37100244858
1488.9044306216529 -8714.933552250299
8236.504538138313 1774.0242939937943
1497.9627360601098 -1172.7925329554782
-1378.6087054145883 -6744.410647219667
853.0028056555693 3941.6501785441233
-9440.256710082609 3462.420741450236
3632.3954805081576 6543.384987515063
8001.664588383395 6475.766355249074
-3547.3695974241973 3565.3542137152835
5358.708097587445 5942.0762910748745
6688.140909076359 8540.568841867116
7589.858268499564 7970.024175100181
6779.556907262482 -3153.833445510403
-628.1439173258714 3791.3390142344033
-896.3455302005805 7864.912709080098
-756.85900359892 7122.586077974265
-1133.4559693885149 -910.840398638391
411.4830809141058 -9752.941927344738
6094.934822523897 6586.827951321979
6341.139439300825 7542.9742322048005
2038.5815134112581 1268.493686048174
-3713.830121534973 5516.216738791612
160.30159012369404 1039.1939001072715
3612.3126665272703 -5647.140088826548
7378.242352685469 5188.112820794826
-1949.38540270472 -2411.2136644947686
7338.349679221323 -736.1843364058404
-8048.220448082399 3700.7042704450214
4233.268760458108 -3797.7478425744284
160.9898049442545 -3745.071868838745
3047.202596472087 -7380.735071092752
-6691.268910844932 -2292.7003632964406
-9905.480784133373 7948.885365706439
-4886.063525717394 6029.664042261886
-3666.81244100244 -1496.7833418867485
5721.541422060838 -6954.647685567761
-4827.594146038398 -1450.7600829241474
5147.327855033633 8688.142732687204
6357.0609345015855 -3857.5815071593843
3578.7144141445133 -3643.785387815701
7999.940780201141 2726.4946252323007
-1419.0725473741768 -8885.37163083556
-54.0921472635855 2403.4071072748975
-6816.218503425513 4706.9093295618495
-6609.4840653814545 9296.800393642563
3375.059722011316 -831.666593371494
4038.838414376165 -422.8945066997476
-1297.7170004875443 -5709.447232377842
-921.448365039616 -1514.2669919686177
-4514.569960015881 3269.2213219905916
-8145.388359465815 -7909.581453237266
-1431.0487608294516 5573.3205469094155
-7628.876329376106 -1476.6842053280798
4592.206454156751 6406.909461662737
6609.30437357508 -5902.041892594885
-2566.773775569098 -1908.9363630638354
-6861.294284181394 5970.727092014018
4781.496344862091 -9724.214446608594
-8387.845068646508 -5092.979367098218
3721.2238945139543 -6901.286632117248
-5526.8521883711965 -768.1742628903376
2757.342270056384 239.47713745626606
567.7081132619423 -5811.060728188107
7892.287900546791 7275.59012990792
7341.016211507536 -297.385270220997
1162.356867456816 -5172.2141713404635
6912.380482372118 3929.9381352393066
1468.2432033901587 5689.7499114789825
-9439.58242494697 11.768676384192077
-414.87191246471957 -9530.777763105041
-3986.42285858803 -925.3830604832292
1913.4814574941502 7224.483233103067
-7570.561979995383 3805.352775746587
832.5150786366376 -2837.743711057583
9059.480267967396 3815.1835379016848
-6555.998331452355 670.1040551349251
-4665.685496120635 6528.852839598472
-4955.034449191747 5788.4192263121095
-7532.36071445353 5479.564450751845
-1156.4715049007445 -5315.858721108107
-334.5287196392601 -8340.352462628063
-767.0314678902432 -7229.629617343465
-8359.519299279247 -7028.479104053493
2364.8401755767354 9823.065800391472
8369.539050872074 1843.045784983111
-5187.217566301807 -7221.935133437391
-7104.128791728055 1715.8847828019516
8794.421149313683 5848.6757197201005
-1534.5111886118848 9385.009887590004
-9280.448705623816 -4813.86191553721
2400.851647523652 -7937.9466528822995
8758.574482254277 2512.2659598261744
-9146.999451885174 -4445.303554309577
4675.938541073861 4985.637120001438
-4063.328909550348 -6901.14236433929
5349.11140111908 -2980.2985295213457
-5258.8079234317875 -6850.06391842692
194.4061861249411 -6146.774217557038
-1676.7564378782645 8833.9329378992
2146.746639203331 6380.530552985612
8025.836671344172 -8221.224498173546
1891.2573239136382 -7919.020517621924
-3668.844070969568 8690.71725114113
-2279.6755028169864 7844.250179845116
-56.81013627302309 -9689.786467256989
-3309.4228506782565 -2930.0941629769704
-6090.653077355774 9276.200661482555
-3320.0002972599423 -4373.142092228252
7328.55330937032 5947.24525659177
-6503.81545090031 -909.6914955273405
3556.5859827522545 -627.4493163603947
-7637.502474652778 -2869.1880559739793
807.701318604968 -5624.648600973572
-1090.2685742580707 -9987.876854343647
-7335.122598614281 5105.744339684723
1226.580061244591 -3138.477807427402
2249.2906500379613 439.5505228691836
-8426.931489487077 5708.348228764193
8662.910554247552 -2755.6794541331883
-5963.157898133059 1243.5011415635745
-193.61353843366123 3803.137022434268
2713.0021592170942 -2165.3038523747027
-8212.313382171244 7581.389398988809
-6086.037840350538 2539.2990578004665
-8124.782878145007 9041.239907989948
-4533.430022932618 -4311.409799973729
9312.441814082944 6353.016252859021
-3670.466296401267 5074.343856009269
-3700.7007299365723 -5377.685205301439
564.9596172340753 3850.634238556255
-9941.003164220605 -2353.8916153953114
-8876.399162547988 1970.8189002673662
6147.042399603966 230.70632080753057
-9045.807510047453 6311.674728513628
3022.652941440998 -5251.072047183032
-8376.974888060582 -4406.305513943367
-1609.0323518062905 -3116.606441557481
2930.704028340526 -7211.413653202348
8937.762733859687 2397.358302257744
938.8060648443516 -87.95418675328983
6816.662437946492 9294.056386833738
-3630.061179463606 7931.90189940132
-1387.8989715210992 -2129.954322030314
-9479.515882472302 7978.7766257498915
-4510.403441941162 4937.576434407863
-8373.912067027473 9128.412476022306
-3141.8440719797227 7885.543850554859
-8954.255005655936 -7268.122099115537
-5892.075834943149 9268.104450100458
5681.096122126592 3601.8647288844004
-4150.5262947172605 3254.584460521344
723.357720882681 -5679.654616452039
1569.398038216019 -8456.182901947073
-4878.941042004103 514.8774689960046
6730.173587177662 -1759.3980754323693
1087.5661125192655 -7842.123443447952
9080.518031923471 -9288.511669473633
-1481.8599101648815 -1224.7932978877834
3305.7635087309172 6581.632284437263
-4637.939406194902 4907.480229952056
-863.9556160685133 -4196.00062372238
-4203.870279516266 -3750.5245138257214
-3356.6224505246155 -8873.283817682077
9471.65368744663 6600.117403571934
1696.9937979582191 303.91413835760795
7157.76990046358 -8912.492581752347
4409.565077883504 9039.926684521968
779.7882485760747 -7909.500417988164
-6104.751487450441 -5073.756110434347
-848.0261823511009 -9139.626274766819
3773.7512731821716 -474.84801158898154
4629.999249868944 -9946.829502091821
-5407.097615865732 8273.524930276031
-9540.93754148485 -9784.709468801551
1705.498007118178 6024.752095173832
-6230.544638011732 6721.9981677913565
-9875.533403405927 9816.338014253626
-5027.856120382037 2750.485067288877
1493.6869901908285 9845.219036385286
-9267.29335165885 8576.198616951016
-7449.9369514056625 -5347.608431952775
4752.757720250471 -2186.841990665882
9315.754015908198 -2837.0353456611538
-1736.2400007325432 -2823.9837394968317
-3252.2718199913415 -5502.707407805885
438.9171984761815 -2076.335267577163
9685.095164502414 6363.358520534592
-2145.384967854465 -5648.810421362069
7672.953947578466 4360.134273370273
1683.6636218933581 -2470.953309125077
3604.771862509526 7666.144015628728
-8521.62849728963 945.3260301609735
-5886.409947754483 -642.9786355007818
-4797.73419566027 8789.029305384927
8255.640577032453 -8009.644993784992
6595.051533893489 -2680.694545424114
-9731.769596991995 1115.6622129421685
3006.1888076250325 5097.616522684499
2047.0326999881108 -8988.136921105031
9508.243684166526 -1183.1517252156973
-8523.785076715998 -1775.852251275479
-1598.0494585796987 -1956.593672886982
3858.1028015650336 -4633.327746422236
-2849.2927556854884 4395.361045128502
-4572.636126819935 -9822.955028183176
2333.000922192634 8511.754240200386
297.98407022596257 2953.0924775710027
2377.0537683988823 1625.193123655903
5179.576240683507 9271.93374408708
-2357.2592167901685 -2368.097021824973
-187.14026924974132 -5714.083578004439
-7158.363669779215 -3739.5730028918315
-4687.588389649546 -90.49704895153445
3836.807934934661 8272.211412977213
-2531.911487407492 -3144.278505645737
8539.766044242042 -415.6760324262341
7544.786913496471 -249.66173371359946
-77.2406602495048 -7213.396758135089
-766.4994403556339 5446.423525938342
8090.385001169951 -8267.443479008158
7144.905829334195 -7818.473028579443
7905.265624467156 7715.360315553589
-400.005149869703 -9635.791034715256
-1161.6796274304052 4197.346851271999
-3539.4470138771794 4546.195822220076
-5485.0475920216195 1143.3892256158979
-8644.440862915806 -9469.031688922072
-9145.759658951985 9715.638240857945
6897.871774855146 -8410.879026215753
-6250.991309166744 3419.079991606506
-8651.162333315335 -6604.643129348864
-89.55579003387902 -7255.572734838541
-4323.246396789699 8571.522230116643
-2198.315583870778 -3063.112018164549
-8931.62441748857 8614.605428469175
9510.605412071724 -1273.6252699905126
-1309.0323159009768 3508.1715412965987
8962.810114476062 5686.762229592021
5865.6585674780545 7460.211232084472
7051.593661533483 5348.829120983772
-4198.854969573429 2979.945745957897
-9937.543280875103 -9726.45840701224
1650.080654816984 4900.627856634852
-5804.495941522514 3999.3821129234693
9888.754542085178 -9025.061865917507
-3960.137943487689 -890.5513742568764
2883.9553326050755 6314.084802409681
