2328
6356.501817554927 9768.323665331525
3853.616357104558 -291.4321005940765
5981.222365558773 6038.549503750932
-3997.3901546851566 3117.3291131935657
2149.4778148848945 6986.629984516563
-7271.10095418112 5086.426629697939
1250.185578408662 -6627.577628716821
-3030.414130271928 6331.969366578674
-855.1929102997838 -1939.8585398256255
5986.43985234377 4955.531650266061
9543.377751561846 6886.000494583546
-7619.324135740761 -419.25432227702004
-8220.108006983417 -1188.160365348347
2255.1987621235603 -9516.536686712065
-8562.635594655756 -9539.442097265028
-9101.541741300236 -4186.742195095679
-598.2127952254996 -6335.6608159421485
-2444.5364601877272 -4898.297082024325
-9821.884225274798 6316.807205077379
-4832.078987353095 5475.522508945976
-1319.6798093519883 -3394.5983457635757
-1593.145594357009 7340.352462860108
-3788.5618526429307 8610.42642586632
-6112.519982311397 5773.5245315859665
-9021.512135159604 -6707.623410351355
-9852.48648266353 1461.9265068485347
6240.988739343586 -6950.691222301186
-8213.508267654868 -9256.343230034294
70.75174056912874 311.1715963185143
2105.097087529306 -1840.1544359975678
4704.509540714029 -8951.830265337583
-8350.117016604372 6895.668976647583
599.8589908429094 2605.3988500695486
-3739.8000378632432 -7412.754667697143
558.893583367384 1936.1312375313682
7530.528988350321 4193.7476673324745
2662.8154265233097 -4908.694895368426
-8957.159228568227 -8018.262709173996
-2735.283171710692 1732.908898304002
-6710.0032787562795 -2858.637490070657
2916.631406774568 -525.8766768832375
-3097.3772728942795 -9848.258030857523
-1139.1417854855172 -7990.770065979349
-4391.7160685485105 -4264.509000699865
-2405.528989769179 -7718.540307034403
5293.205180638168 -8909.983434717182
19.83108285913113 -2652.899008366263
5603.177345205591 -8944.142265586499
-2177.17645516666 5129.35310478069
-2288.2943643988774 -1019.9932902552828
-7025.546565720511 4915.559107298926
8199.855144104047 5254.803827520811
-7369.6718282981055 3236.618619974972
6433.658835563252 -3139.3540109645946
9206.480682915815 4677.521236568664
-6608.6417066289 713.4217190067029
-9961.128533949122 -6796.886055196854
3584.1551534168993 1215.22572465568
-1212.1723813802855 -6256.634252131302
-1469.4449308938656 8129.569586423164
-8372.412948613424 -3932.458521215798
185.79041722297916 4749.964134448699
-4734.999592196298 -6613.132276761875
-4205.77291743258 -1696.6022098613157
960.3808552865339 6660.418547584533
1824.0420968276958 4627.897223208378
-1022.630927298922 -7760.891207273428
3959.896829392299 7386.011229866377
-8732.393794385822 5267.839564240407
-7429.294970572631 -1576.2846859358888
-3300.0967849739627 -5824.004285607103
8636.02670092757 -9643.111419391644
2772.5115704116106 -7378.3475530119285
3806.009505950762 -4934.826024964025
500.99203639045663 -5584.997087130694
86.21082667622068 2495.688689779641
5053.095740148179 4231.676166824112
9580.043422541108 -6973.298386850611
-6294.018892777866 -7663.228450692439
2787.984767651129 -6385.934448916258
4829.979397487816 5075.58726649398
-4845.892571516723 3040.827871143414
-3142.953808517177 -5452.813256829485
-4133.117374719566 4813.119007659292
4570.934578775292 -9337.90835579317
-9637.372393921067 -2406.938195315769
-8439.971914731026 6695.5552368844
8546.361072225616 2532.1045372208646
2302.68588978759 5483.018831506215
4436.24880236225 -5534.159750172332
5108.856078162506 -2435.4822101978725
-245.78236541717342 9654.0264404927
8020.612015940285 -5130.0471765794955
3926.7332971706437 6597.174613584237
3778.186826635101 3947.3071185988974
-3973.8714567186917 -1566.2555088189747
-2913.0253484714094 -8728.969419153438
374.2940369391854 -4480.380969472019
7674.878052734795 9827.991183980026
6846.930652928884 -4985.7889327852845
6008.2951925543275 963.5298628827131
-642.0172026035871 -9354.812924778707
5038.9257945092195 -1619.6824417944918
1570.272298883483 -9703.52775123296
982.5100430087678 2217.8779560993753
7569.758481216664 1661.8389303157292
8884.490432847131 300.7839211615701
-2942.741366118027 -3070.9508422698236
-5393.477654034802 -9071.305237175236
-447.1332083456782 -3692.832458794497
3871.6353038094767 6991.56606570306
-9825.283237959897 -2817.667720902803
-8865.216775474699 -5271.493863229266
-9254.854985678989 784.9067001749099
-3700.597623926512 2108.92205249759
-5706.29751373547 -8526.388255554251
5679.519598915233 1599.7476335987612
8467.889853653629 5089.884673533241
5110.851633781698 9992.701063874632
3928.878904273941 2308.361565828516
7743.2409197173365 -5999.316611119807
-2499.0977947541214 507.05272217771926
-3199.310610522539 4492.577832084678
-3340.6111817181845 -6596.584149562481
4474.143224637919 4520.866400526886
1884.3409991383432 1550.2095958806112
-7883.893942057248 6706.645810831626
6471.8438919689 8757.648576848045
4035.0412196693323 -5918.234326795602
9588.008488901603 9606.047030404305
-2558.5437847879584 5147.984452053886
7666.061013459799 1435.7930260582452
4476.447537104776 -1301.8175215096635
-8311.310564147296 549.1455233791603
-1242.6016556658142 -3145.167882310362
-6535.834033288884 6831.017067490244
-1495.5678935617216 -4183.915384442877
-7303.822260889656 3593.539010548615
1065.1233668658151 -7040.015392238377
-1536.3073651485956 171.88726392487115
9533.876767294776 6242.480181083689
-6331.396128879216 3646.480251513769
1166.2954711442344 -2764.9463342623594
-924.7020131080626 3039.337846524304
-582.2414925424346 -7317.041011882675
-5242.304373721449 4430.024801523841
6689.335081381421 -8874.804243252685
-8914.273415221793 8659.278865019216
-6756.917733409158 902.5226955553553
8824.598506284154 -5363.934770566878
-747.3442932902399 3789.950993040884
8486.639050748327 736.461799388886
-8415.910314821029 -5474.666572904441
2766.874093759794 4380.435991568216
4655.498968347456 -9334.193772439003
-7290.060724950517 5595.2293385186695
5603.366080384636 -510.99820768651443
8197.305568985903 4221.717194359151
-2013.024479299239 9066.11459042093
6410.215847059932 2392.7790860574314
-4608.523948339007 -830.9590405283761
8115.136916918116 4010.358102512948
-3456.0541172302783 4333.992194682836
-9065.068553213607 1170.5549349490466
-3064.253131423782 6189.1135041715115
-8789.632620244665 -6166.2509273819505
-1551.635160082933 5063.818474776561
-8377.019402832508 3509.404960568929
8108.8284045578 1932.6906799079843
-9558.27363888602 -5677.131419588854
9854.714342658586 -9093.035688780343
72.24012642162961 5554.121809113902
9067.653388374907 -228.24275786409453
7528.958830740954 8586.121355607695
8638.14602933727 1477.3760441069444
7516.740340462078 8172.989679026705
-2546.577584270529 -6971.820763265538
-9999.962951911131 -6963.995127647846
-2546.0346971147274 -127.36538835302599
8454.079615489958 4017.9710084389226
3783.24062201818 -6316.637032903862
-7566.066130907537 9374.220358200859
4059.0758533618136 9326.121343480874
-1336.2927184559467 -3748.849739108955
-2575.9711804917433 -7148.169253635871
-1460.4266945417858 5000.854393822634
-8213.985678703104 6505.910688142219
-3243.2963834057737 8703.062408883758
-1460.6653411152856 -965.6611821753631
5711.593153771122 -5886.737683497123
8060.195036610228 -23.98410903630429
3397.6760105045087 -7771.467104749186
-3600.330848390623 -4833.842165428535
-1296.4674674898706 -3239.730186118528
3850.995571216552 7335.61490533506
-2660.601520675139 -2974.3503316382094
-553.003949799675 476.14888104149395
4059.082571543251 -1882.6768240478423
1947.3022950286395 9551.879424374227
-7589.1749368681285 5683.4969023656595
7503.9933133959385 8172.250212132069
1942.0132412053626 -4751.788404700516
-3051.8534755423943 6002.029398532828
4599.092813983221 6724.275021797057
1518.7163884863949 -5030.988880234042
-2994.5885637139845 3618.9876622642605
-5140.947609727266 -1259.753195954212
3366.144758194563 -6594.575726207617
-8764.712544840044 3472.7861654639437
-5059.152376633107 629.7104880948973
5184.720606421133 -494.9371678924872
6340.599417351341 -2452.6081845663693
6181.233061577979 3440.2239536165453
-3651.9005386862527 8429.632387369096
3408.6792504474597 -2017.1496734666425
1525.4869904629868 -6847.347742101932
362.1010025484811 2925.671581630344
4566.059687140463 3281.462642451672
6750.519925661109 -5156.954078409845
6162.479228706796 9581.613439293069
6053.972463012833 5333.117169723086
9105.446395248797 3740.325854005865
-8908.653607622367 8060.724320022931
-3606.756911053022 -948.9640056943081
-2915.495997994173 -6611.697515609325
-8676.051186285591 -5086.958007175408
1958.0616379739895 6042.150802089351
6858.531041373026 8220.583144350214
6993.117039431334 6046.6240350067765
3984.428344750366 -8936.642273060424
-2542.881464066624 6068.938130919227
4375.646909128003 8633.131809540719
-7539.034602499719 -647.5484716657847
1336.7979892407657 3828.7431752645934
6048.358424491591 1576.4326039062344
4834.903542537992 5774.47144994989
-2598.7009937919756 7265.485487675996
1364.2167607878546 8314.39334748553
7049.561413956137 6781.951988182052
7455.698837849446 -8481.993908738175
-1899.141651988607 3469.7821763870725
6834.205072829853 4330.045888256038
6762.334690460928 -7821.497972969031
5542.836982910225 9720.099204313574
-5197.084484091761 -9818.928046188548
-3204.674100088445 -4964.749637901955
8109.964860402084 9409.597980585564
-2116.280795473195 9731.670784157053
122.590946650158 4967.986239355498
5160.04231602485 -9741.292895434817
-3322.141631856588 9040.814758417615
9927.026578596742 7591.6846590083005
-314.9274188610925 1602.8354550277163
8014.382949067836 6757.302978452935
-8952.807694053226 -256.31251199514554
-1116.4750107982672 -331.8576217384343
5377.358616121723 5957.544926517274
6295.039514396294 2680.4744285773813
-9687.594241807928 2407.594868372831
1889.6113704932286 -1487.7858896570779
6604.151940340587 -7039.61499633462
-4525.478739006337 8505.509825710316
-3326.846746216048 -2304.758062513887
-8625.768533432336 5691.126922894389
9938.527568262238 -4370.881973378904
-1105.0093577550397 1709.430880924172
-4008.6550446196643 -9442.62435423064
6769.789286244446 1365.440429028533
2558.003399718189 2196.184540455757
6391.404299782636 -2556.932345868121
4203.902162885615 222.34971532087366
-3292.321363044608 -4623.670870936856
-143.36363636043097 2341.556599933985
4844.588589773064 -7527.0427476796085
-7518.151859516313 9176.17053807142
-9160.944426445683 9608.504262696599
2623.7636943916295 8548.881312273577
-7695.131475294767 4656.6892349248665
9026.363291688474 9648.64699995027
5421.483487359887 6394.388093534264
-5819.97176279511 3600.5408204644646
-7673.118404775523 -4782.675605424913
392.42782093094866 -8878.73429748996
-8187.931967887261 2725.1816365651066
-7138.703942686413 -9772.746485893218
-9843.804803938749 6082.507397463805
230.67747889328348 -2627.575547149796
2007.7158473341897 -4965.564974791354
241.10480226364234 3927.8410312105443
-2591.64222050674 9553.908147207225
-1661.9025327399559 6575.639383814847
-9626.865575220883 4319.75601510175
-9517.740116314122 -5025.213417025045
-3118.9947083884426 -7427.397627330749
7908.177566899634 -7033.640679637414
-4302.798434959334 -3631.721512767598
-8791.793949850997 -9378.792474137823
4139.651077678 2846.03181704943
-6128.842113517246 -6406.993818648758
-7281.670332385118 -3148.485622350614
-8715.198896857068 -6475.12707161001
7517.780364809809 9102.156167833924
-9785.01483369288 8667.870711298503
7259.448384099647 6055.215813738232
-4096.885589576294 -2595.1182446108432
-6828.122938756192 -7263.5690045666925
-822.391710722819 9033.485460604988
-5886.768079082689 3009.8710333039708
-5646.126756519667 5946.6379305796
6832.00830175283 -6882.77034844053
-9798.763936948022 9260.10207362679
1818.1970544328778 -6212.535706281937
-9115.812509029804 5970.7353670137945
8888.588070967544 -6184.6570518694825
1539.1830940891796 9889.89614418837
-6533.71034880484 3730.113661615389
-5972.825268197892 -9118.610326723707
4455.952337721947 2023.1675642102327
-7594.071841296976 -2656.4731530654553
-2317.4009817937313 -1623.7755100092436
4795.109216167881 -4589.968735884453
-4946.641461486072 -1570.7748025903893
-1438.988363077824 -4995.3252468759565
8917.808488215305 2849.774410331811
9126.720463491776 7669.693454153083
3544.048846744872 -186.37554966166317
9217.39447711435 3998.181015949809
1194.0187337209845 -5521.638760861451
4979.272029144491 9535.812796543596
8972.990810887775 1630.0951005699353
8164.905704198514 -2822.58047037276
4444.566668805417 8405.6294774546
-543.9674111656514 1369.0733080800837
-7056.073993437233 -7159.779099188432
6999.402578539237 -5163.482352256712
-2411.540405828385 963.7155944456754
-3640.218335560324 -7904.084432092166
4176.350269447459 265.49444826614854
3348.2693752627383 -4336.940103671747
-2519.9443598543585 571.3183859187284
-437.04247916491477 662.3362218653347
-7116.949061405348 4722.818928773211
1982.8781460311366 1446.890416154829
7874.614484352682 923.0383241075906
2585.0861302085686 -123.3950109079633
-8391.177260066179 -3790.917788132808
1708.6363899331827 -939.350387192535
-2449.659392857142 -3764.406469276917
-231.89158082311224 -1343.4775322532041
4170.997723306948 400.42765530470024
-4076.747404879875 8227.659109898923
1727.5449986270287 3316.550776163718
-559.7685668372869 3696.840919093769
9342.396428688731 -6268.1506696263805
-266.16898221160045 8592.787354733216
5925.55398789772 221.1900147327342
4458.933299327993 6572.481012554359
-9082.65461930348 9322.730811129222
1523.4387300782873 4611.920253593049
-3602.0179814129215 -3736.872105252749
-9476.25908299549 7293.161495575572
-9198.629677785764 1013.9598582300496
1857.75347226964 -8224.341989919987
6287.006429068524 -6855.675137138562
-2350.59257430458 -9674.93014646983
6765.197620248524 -2217.7614124463325
7622.4280392748005 -7317.13432707046
-8362.747730231029 1970.1074109655565
-4809.880146517089 -5904.799986792657
1503.688603037488 5797.216536881764
-5718.208789296026 -3520.2959198414537
-3590.071952881166 5914.817717018961
5805.3498398125885 -6.019166227508322
-5359.672212363859 387.06905205536896
-5850.48664508905 179.76140439868323
-9362.170781708184 3303.7274435853633
-1242.0133728251312 -8108.179604326418
-5682.103239455359 -4821.848166843241
-6438.143730740413 -4619.0822022739185
-9138.167704143292 -9123.162666840024
7935.3662587352665 2185.190278407552
-9984.049948756496 674.3485486891277
6844.139708355731 8894.556933341151
-3010.487073217969 -7999.817474255288
-5016.173509320972 5387.879158960872
-6764.273599670416 9541.743699415161
-38.95539048021055 -9197.23814020746
4716.504397416487 -409.72418241452215
2947.415512425234 5283.033514338493
-2306.885704685591 -9135.758336860958
1741.3769735827518 8459.112988412326
-2348.7717102416573 8517.310127632263
-9198.62838448807 6651.6158030766055
-4339.698847534819 635.7568005241101
5567.923288128573 9948.7117715766
8283.616273834046 -2747.2561030258103
4271.00473552808 7592.9055087455345
-7903.273045099064 754.6034508460943
9423.017129928976 5523.062346584946
1938.4534203947678 3526.8997775185126
3326.6057995790343 -6547.337159486148
3209.971576312553 3785.706972483864
7180.441724217413 525.4262091110486
2853.965147994948 3762.193331620034
-8254.996968256106 -1625.4134167438988
-8912.802952445985 5756.259441641178
9034.299869465718 -1677.7128915988887
6526.271781162282 -8952.372387640477
-871.6045296517277 5490.684849193869
-8962.227941677433 -5749.5467659580445
-6044.532488351817 -3243.4610070018243
7460.339539245746 -8579.83516725204
-9228.913723222118 1766.1912666339722
-6712.295131441555 4068.9067153610085
2066.2616315986143 6638.028387716142
-3531.951494616006 3218.6162089616264
5764.742960412594 8514.641334479897
5666.504322189554 -2281.5854799253075
-176.0524788698076 5787.079676860847
6654.006544192383 9275.658652687474
8732.804268185795 -6401.255094652615
8927.100353258196 -7002.35545789119
-4096.293872254362 7146.616644016929
-7770.26834523811 -3286.3819434207307
5584.667568871189 -3667.327046772648
1339.4453161830297 4944.407709468987
-9328.306750869879 4478.518131129398
9296.8271082082 4109.6327652871005
-1319.728138758077 1101.3834126561433
-5801.578579282845 -5589.874800571802
7138.806339871171 4159.826382605101
-7260.221140089998 795.8275883292827
1795.7097891693684 712.6160172536584
4886.680520738768 527.1160372128143
-3714.205861134894 -3405.568814986673
8368.994370268367 8060.124911279421
280.48811414312695 -4502.822800700965
-866.9603997156446 -665.6650498316922
-5349.673481018002 5755.86073607463
4454.711281044922 -2986.68702026357
6797.062428687437 -826.8608332484055
-892.9398568882589 -4172.821199014032
-2933.3478321435487 376.79833020354636
-8207.600299529291 2887.999551678058
8033.276737026423 7489.5833090950255
-1009.5684000408364 1696.995197262113
-7551.529408915454 -4699.044652740569
6440.286693195027 535.0768041185456
2778.3231066489025 -9334.493465017093
-5334.214201316805 -3974.0927203656647
-4494.358572665722 -3487.080219217273
-5730.37967923316 -9116.681015851562
-3247.1445556076887 -4360.480051994568
-836.426610710685 -8797.408286966585
-7714.643476431475 8361.611239405738
1468.3052559851203 -6872.259074548661
4583.876325986686 9145.964573031586
507.6150129348316 -8675.37477560009
2428.3985049459625 6492.961210680369
138.53312826357796 2412.34175159629
-5684.973388658381 -2366.9343581688127
3599.963204301177 -4646.971186211388
6031.115310912464 5007.450862116384
3129.0323217771765 -2227.1436262291063
-5157.102480424905 5038.755961883851
2785.6959120538886 2284.6361580807934
8003.729514665225 -8641.877960571142
7242.557254292009 -9894.855382316491
-8330.004358874792 -5560.2135501876755
-3261.736211292585 607.9059464958809
-2184.387059416579 7504.698654171501
8959.253630363288 4924.836563986133
1364.9824980946796 4589.75688654455
2306.0242045536543 9307.811372645021
7518.147930005034 839.4295013946085
1816.5132893037044 -316.1320397402051
120.81361673943684 -2638.3160674393284
8960.575345286183 2685.4219029581654
-4064.198849416287 -6599.7101514840815
9585.94992620052 409.51847746122803
6801.404236680901 -2889.2612847287146
487.5276693158921 -3742.1907948772932
-8083.963783011499 2887.158349472731
-5611.882796000953 7431.590394162944
5867.44408755579 7972.771771941181
-4439.670488322922 -3996.097063810329
-5471.310918970733 -6003.4009742485805
3885.5991938263705 4963.34539886864
571.9896987876182 114.25721317007265
3837.7732326719415 -1778.0864781640648
-6894.5691801569665 3590.8727659781034
6695.091830352376 -5698.175870274114
-8183.545561980494 949.2755294722701
-774.1889338835772 -7736.043283853156
-4990.056580648252 8216.798697935028
-9840.895425696152 -4586.821490118243
3057.62697906665 -7660.835329207387
-3055.7002362336652 3413.499010558582
-5970.565775292081 7490.098378348339
-382.09292159520555 6668.636878443376
-3343.6638402460676 -209.54132751097677
6039.303041775045 -1828.7498123371406
-2721.8884743051185 1860.839429021482
3322.3436413594554 -2503.2696638386005
-7941.605430375298 4666.7468848860735
-6018.42356080863 -784.8747822429395
-6496.749623934855 8275.61290576445
-7871.856624604987 -6282.599545190109
1198.4437452694128 -4569.929453267514
4991.856888826382 2299.911777620462
-9315.53052434412 2252.057601425975
8112.347828899146 323.62317688001895
1517.3170709944734 -1072.5130715536088
-1266.4137701422533 -7637.7509508892745
-4183.153722885975 -118.63189732366845
1252.4832446114178 -8523.838843054413
-8016.435428759525 -2261.5755089962604
1013.6887273261273 1096.5622726999009
-5231.503340500272 -1725.594982745708
-1690.8970798060618 2477.07713614358
2509.743026483142 4598.45258083121
3132.0325729503384 -6732.433686863582
-4896.761567014847 -2032.9681766379545
-6947.677767719722 3487.6371414167425
-7845.888722310554 9915.09521603506
-8479.802034386843 -5975.034125959915
-241.02678744397053 -4199.692662253889
-8027.025377951253 -243.78401560626116
-3501.6484145792174 3391.3081629905264
-5689.826151670916 -5514.020523303485
4472.402497665926 1791.1566150203198
-5380.989343615818 8121.842345215773
9591.93738813455 -4227.753078527708
-3526.384414199293 -2148.6903755483963
-3159.294209771966 -1490.8559406375298
-7302.236156685666 4559.003217754189
-9146.218412190583 -8269.046987010775
172.2807419917699 -6679.813881039185
-89.18895797914047 6474.975882477487
-2915.283508344044 2529.3311434480747
-7678.219209937521 9908.580379051102
-8039.726993350542 -9929.894305248006
8186.8734919752205 4096.35583797029
6879.37901175542 6905.802205845001
6640.887093686197 -8875.21503730625
3478.7184337496856 8566.895683414521
8946.594525523476 -4343.179677060083
-351.083605706197 -6764.928955705445
1180.3310524118879 773.9107538844237
-2716.502664724563 -8529.278851416802
6757.003322000946 5873.175733856848
7000.141671540623 7103.560577076605
8670.616824003337 -3577.4137175744536
-5553.343261640018 1403.670504598731
-5919.673783242154 4537.164018523445
4620.506968782243 3372.941484098994
9750.921921172314 -3375.633521893642
5572.132560657848 -2155.46913562553
-4139.4318169005255 9756.984824609073
-9071.289688818544 -9949.381605611386
7817.518556106068 -8032.962691012337
-8133.599399477444 -9583.608443381638
981.4344899568441 3314.2916928979866
-6524.4528453334815 6560.8529111273165
1563.8485460637512 4368.214094255705
7904.685347842362 -9167.3059385144
-1513.7888710474253 -3347.7049829217513
7235.634193837675 -8817.855557229852
5602.870112936353 5634.854031774219
2733.3503314729787 -9232.650629547763
1450.2384742635968 -8989.407056499887
-6069.37884654398 -2583.5032621767805
-5437.6904126916115 -8697.689888519613
949.0943897585676 -2085.4397580167406
6396.592447608709 222.35473709341568
-3475.4707076264067 4056.194817108899
-8956.566481304737 -9231.448723909523
-9604.417800560072 7503.959076984131
1145.6089928670863 9689.483002278863
8031.827111063165 8713.715581735778
2833.9752455758844 -260.82563886682146
8118.127041941876 -8463.303349564896
-1011.134612402353 -9948.619671855922
-1221.1199455443639 -419.60186829442137
-234.1654438617552 5998.829844555785
1217.059655768362 -6991.897891047847
2078.255835093194 9062.943617475357
-8740.608295210706 5179.50079866468
5608.178979927956 4524.6909612347645
4240.399514869603 -2617.4596190345746
1920.7735231346996 -9802.587884049071
-3275.53434341338 6879.26452023321
5386.56936463095 2957.588361647451
-243.53717125537878 -1413.9085674273847
9869.637040114423 -8510.305363739237
-7352.08981217717 3931.6147748257663
-6481.2639569938565 3446.434058583567
-6252.9783330075215 1782.6779627930227
-4497.625920248595 3135.797970145253
5207.412982250975 5802.12066131539
-6842.368328533628 -8118.437049370608
2461.648951110483 -9800.736859940995
-4223.503400222373 7363.98660247778
5922.209954098647 -8443.16127690506
2132.3830220098716 -9467.383588638679
-7626.131664387428 8265.748400937744
2853.3876673874274 9093.295869395068
-3412.127401119449 1071.668296526128
5877.769448128329 -4893.411068587307
-120.26477239569431 -1664.8087262077788
3481.025365143327 -9104.979521038265
1648.8398586929106 7829.842258040066
2742.849561335728 2241.667517756987
2379.475268456654 -6750.028688776566
7826.170993676627 -9227.190075895574
-7850.680031184747 8073.171158194469
-7930.634819951492 -1547.512033384828
-2617.194814389496 -7980.470690590853
-9353.354396228562 6276.990769151038
-9596.81515328149 6072.682945379631
430.5466206586898 6542.430412761303
-8721.441983182709 -9124.699403387842
-7305.684015305627 -6531.25727964955
9523.483831409409 284.2618133520118
6420.939302822146 -9501.41859912202
4409.243128277374 6968.475764612165
-4760.57587486338 -5750.245726838898
6952.204251593361 154.92822627585883
9387.886318628094 4884.988607026102
4091.1590056680343 -3023.79767623489
5606.873674038368 -9427.020368722588
-3869.10375714576 8345.377215508437
-7504.7191718040485 -250.1718456884828
2220.69177272004 -2118.135023219128
-3384.891539256396 9050.125819426295
5452.797189948664 8134.400759543609
-4489.776025553163 -2937.8835377341366
-892.5827326768467 2195.0584389580436
7808.201817161691 4471.49392007688
-1362.929616807427 770.8198350111525
-2296.7970753459776 -306.41387301060786
174.63590452915741 4876.883794444089
1371.7853538844065 -4246.203945473286
-4334.208374089985 2538.552099158247
-3747.575417492084 -1038.6462517404634
-2832.0360321143426 4236.194386200199
-9376.560937821294 -7168.421553993101
-1575.6981908110538 -3699.560251370842
-9457.079378618813 -8252.997968126392
-9487.391974728143 4062.410457321823
3968.1700526993754 -1992.1264736260637
-9814.442448213755 -2713.5408063671384
7751.055657239354 3207.7060205804028
-5540.05672055113 9260.53316075413
-7790.395365937479 -9720.298261724063
3079.095686252618 -2108.0547120467254
-9894.941466780854 -3904.977645398025
-8335.974917306736 -7746.01792756344
-7892.483875259229 6154.056872208654
-7314.752585590194 1251.4459424389552
9212.205405076144 -7303.029031934449
8828.657852993409 -7579.125543048021
4072.319806943746 -4530.009625057399
3895.2180622624583 -1646.1611806543133
-2156.721675185744 419.0318476371085
-9934.35668039167 -4170.615125159067
6887.150710422127 -4257.572276321395
-2822.339044091922 8464.331448598401
-5435.07660766136 -2980.3147834046476
9604.838444944802 7537.795185017825
-2651.8412358973055 -6456.664568343058
9392.37282242148 7618.973632125289
1610.535301688431 -3483.884762559801
-9503.357880668333 -6275.129895817513
7713.637748550773 6435.868650333559
8291.731637685018 -5042.698757843671
1380.2901165166895 1775.7045531931653
947.5408266355607 -4083.8195533954913
-1147.3793499835574 3977.1216591388093
4850.503282059706 -8341.258677279628
1960.9571246874893 -5191.0529379471645
4929.333420378305 4571.995646117095
-8016.438723671904 -8694.893113404558
-7435.355964655395 -7751.595992267643
7056.107583344048 779.3995400402127
8702.66565533496 4302.37647538298
6893.728923936778 3825.5872870087296
7859.719758489908 -6962.120308989363
-9282.649838763507 6746.301145424895
9895.492975145087 7975.0891172342635
-470.0603183347994 6514.385779354485
-9250.428375268231 7466.674859231447
2267.2172971624623 1155.4827606713516
777.1032439974915 1981.9668837887511
-3148.745412268013 -3649.197317946071
9885.849992672353 3109.906960311442
-8195.673232120385 5094.191778429178
2368.318667979076 9929.342675295633
-8165.740566080144 -8602.244239447153
1139.041366589965 117.88173444732456
-8318.557464668527 -8674.540199263713
-8971.49483311905 7018.179517494373
6521.5652251434585 -4955.72096319957
-6148.38325797473 -4146.816635918473
-5652.937406187158 -7882.365761401109
4160.0142535053255 2379.5251006602175
-3995.8620211904945 8925.995722603275
3903.9225566381283 5490.8971447326185
-8058.844050234697 1884.70262222175
-3329.3207262329424 -8369.089046402269
-8771.901488647449 -6960.802299340363
-2266.5599888162815 -6652.4066061683
8035.6760077940635 5653.032248180292
4834.996876086168 6919.3253049995765
3516.60700581524 -3435.8457831815767
-3551.958717828583 -5295.304571252664
-3089.527355391586 9370.150844564232
-805.3893540179506 -3283.6166053242396
-1302.5390620842027 7913.268647311306
-5826.13742039775 -7108.142798103645
-9244.767818372053 -6928.807480487998
-6861.269394413687 -7368.682716475086
-6272.971543959496 -2480.278349278289
9778.420336174193 1395.9753612741006
188.06589882907429 -7081.363388683418
-1194.893740956968 5507.4192065539355
-6298.848991989572 -8117.7898192925095
-3890.3980447547083 5761.46355947562
-1518.6262326233973 3130.960576278212
6942.183158223052 -1932.450360030056
-7856.374163834028 2381.4214142991314
-4108.857348205748 5047.406775995578
4885.610451114204 -6184.1647224573835
-7626.934114872479 6374.348149964411
2462.9082430946546 -2616.144010826515
-1584.7713946464028 -2392.7689245293404
7441.574741028911 5723.484854181494
-8298.0892801152 7370.763707643029
-6532.352621210515 -8851.368888937059
-3827.1598056707435 956.5025433386545
-9328.149782178452 7935.839682765556
4903.3778942616445 -5233.46714803359
6831.686957901486 8052.887610454898
5562.465844926814 494.49097058963525
-1457.9785640579594 9507.102971559118
-2564.2361316277993 -9463.767929090027
-600.8474445108077 5651.424506195632
817.8096518299262 6845.115456350515
8082.289996954452 1071.3611387141864
4518.43980521541 4294.52369299977
-1779.745643268796 5086.188880443713
-4704.881911555312 6582.899304339688
-5939.882959235099 7432.856279419015
4214.222790200451 -2185.7731251609966
1208.4229856911752 2361.2417913664667
9260.750901006388 -3890.438932312126
-9905.48601062023 -2845.445699353965
-9042.696860929813 -3047.1638939741097
1309.4142921470248 -1001.1703328476488
8319.621355350846 -6553.132520965903
-3397.3882029823435 160.62538932637472
6167.353298300968 -1746.891464723636
-2927.002407670072 -4407.817347209171
1625.1304836119343 7711.3648385916895
-9030.873482071005 9368.467561375386
7590.44421458615 2483.35401304637
-2482.142568868 -3229.330199772604
-5988.779351340916 -8963.373332966125
329.35576708348526 7365.894576756247
4007.391548237838 -7616.958147101672
-5819.665164477654 1092.926761892495
-8812.827373498458 2708.632556766017
2356.3201597890093 4149.11762690156
6950.160438334835 -3120.6407500122714
-1762.368578792144 -5616.406820218997
2135.772269531244 279.9081308187142
4442.682666274437 -3062.8610495637968
-3933.0492525835134 9040.338190135095
5596.09919303457 -9970.724718930633
7855.471397865884 -2571.951059455775
-3331.930942991723 8078.190806834886
-223.4104436005873 -9969.816149291653
-2164.7562774972503 4749.362080761959
-9412.830869324296 -6675.744917893431
-1057.5888010852523 2063.8369208763124
-2147.1455233554225 -3667.579716300522
-8101.930347632471 3357.3218782246713
2666.232493302665 3277.4998099826134
7715.944275874619 7666.366996306853
-2420.6447050902516 -7493.511680628475
-3581.6182424280287 -8971.90044951815
-859.6063120735489 5419.957586359989
-7353.523733594664 -3784.892478948321
115.59528294059055 -3256.5874760589277
-2424.3200997840604 -3412.7543495286573
3294.1346679473154 3199.3179738930103
-1385.4411852431967 -7972.728733252395
-1285.1601635529096 -8513.834257827042
2368.2633429817706 -4662.604124017187
-779.8052352875493 8443.609767621125
-6522.815764183317 -3991.024887565073
-4565.582797514396 -3619.642553916109
-7804.823946802357 4937.730874392804
-9421.178903535732 -5235.843441895316
6950.632574655148 8442.047552101183
7979.076426795844 5820.868907202108
4637.610399110583 -7147.9601336950855
9685.388418428913 -3937.7030867323538
-8986.907581978341 1972.2538767864226
3318.0238528460013 -1639.9420136873323
6330.403999793836 -1118.9898444069095
6067.01306130659 9905.484857572359
-2782.3139158537406 814.559645884865
-283.7287982492344 -9756.834948202644
4814.246385202492 1294.3748006415663
8628.78538190787 -9461.596312995556
-8693.485605503944 7191.063269573111
3820.911051385807 -9663.46001072179
-7740.77796783655 78.5338087568889
570.2485024413818 1294.7116297135235
-9483.642832730966 1017.216677872073
-5557.049789333956 -1285.686679988221
-1049.6788150368138 -4184.71872244286
-8807.257453209357 1175.0492615439834
-6033.352234480267 3851.9644512380037
9675.325897019633 -3830.854453153811
-574.4661495515065 7707.262935022176
-6261.752634308108 5356.931507638279
1520.3445776654426 3127.4223253406726
-1012.2729826136874 -3087.332238589811
-842.8408786382606 -734.2176540931796
3400.339829906734 4402.147135801146
1508.332515417047 -2326.2770882732984
6938.848291992686 1731.248972450756
-5333.048374674871 5176.590219978876
-5352.0999755939265 -8072.703231554042
-7292.026914453549 -9445.34881384616
146.70026629113272 -6137.292787698094
4965.732335812303 -2140.72535725101
2002.1822736474878 -4496.91230054841
-9033.571479057555 229.6968412361348
-5842.3995828825 4859.59585808782
-2791.9166926523967 -2764.118551252126
-6592.117798281373 -9451.984798353504
-4140.611488855006 6058.147992336704
1854.4733158375184 2704.685651909982
-5547.239723206152 -7775.613120645344
-9661.174556816362 1982.0511444458316
-2224.179005503699 9160.849608057793
-9954.921352962276 -555.7301666920739
-1580.5595422052247 7472.647721918303
-6221.106139790871 3405.971246485982
-9180.626385052396 -5344.746312537741
-4129.199739062737 604.914209347764
5132.4327647105 -6151.541328231844
218.8290379098362 8571.93895156174
1917.0504349039693 6279.386790550254
-323.38777314424624 3659.283598941687
-3658.022521133148 6201.335110309701
-3190.476599939205 -5089.025578510107
-8474.209939888813 9420.354940579557
-4017.143891005144 -2193.338142607453
-5386.241429856542 -3088.3505983260748
9812.432905663405 3882.9351278662853
6327.566936746394 3563.019104345547
9199.445580880314 2333.7952786390524
-5022.748634615288 -1257.2529032449675
5487.73642066174 7914.629830817612
9303.646894099733 -9825.540966164972
5723.132450710535 5821.684776834323
-8976.461537586807 -4488.332578185461
7560.858290937846 -1308.308914389494
-2421.388310537076 7039.851969847412
-941.5523192389192 -6536.0524449750155
-1656.7925085785573 4094.0880329872525
407.9912808230074 -3430.1643351886187
3424.7924202971317 5065.395464891544
9602.957582567167 -5237.620824006777
3194.9658576957754 -3720.871304331643
-7898.765235874005 5871.133119476373
-1182.2798472032955 8563.894418452437
5737.443257603956 8865.334507854768
9295.591878900916 -6010.37015319642
-3546.022267677007 5830.906651658461
8933.2322908167 5038.639346761936
-2138.357279871315 9814.560098603019
621.848361170818 -3616.4633242518576
-1792.8476152420171 -8039.10051427867
4976.852422012256 -4518.799400472418
2016.1716695197956 -1033.9066770516856
3114.9859248498888 2352.009003053241
-9503.01943607075 7594.319436852933
-8263.929606759599 1198.7636086027887
-5268.747933024071 -3149.1357170902256
-6821.542793253233 -3070.111066049759
-1255.1610502776275 -9621.601410441375
-9753.85145228892 8186.630328087347
5742.870891409255 -8259.382555363642
5859.469398756502 -4865.856861375751
-9890.130402997806 3480.084807840347
960.0774486708397 -4938.487900146937
216.99808038436822 7184.779307159792
605.0008690732575 1745.909500873102
-7355.0402067269215 6270.493794203072
-2186.692232835985 -4428.762535144244
7122.483497739853 -4216.099440549825
7482.904706489397 -9448.224432932144
-6703.285606447047 4253.745720763962
8573.882701736205 -8303.498802690257
-4606.737619221446 -8534.704703813428
1758.724188945038 -8440.095619092313
8890.047142367821 3005.812914431299
1868.5944783809537 -1639.7184906468865
4520.491343837832 -2473.499466792963
-281.1508736999949 -293.35458231348457
9238.020845534746 -4111.000807838441
6275.792427838338 5760.54440171088
1215.2409638587997 -7287.814403403925
-6369.368925053486 3569.243372343635
-3482.4500623701815 307.68284169129765
-8124.533066395598 -9658.132378585973
-1217.6274618045572 2590.1309010837267
8730.090099524808 -2399.7197201585086
-9948.399774807756 2270.9422046245218
9647.23093630726 -9578.396946930121
846.2159505742584 8491.907926888456
-9872.166983488929 6399.466553363476
-9361.489472568013 -5972.31025220387
9106.831781470744 7486.207471544421
-3931.314376823072 -8716.123814612269
-7476.192102675672 -5461.585220252785
3569.0532621102957 -5460.054946313815
-428.1916092011652 -826.6390704131554
-4499.551936510457 -7765.866695914798
-9378.475548523495 454.0152849132337
4471.868384115283 7559.862632027613
5446.926394990149 -5044.493566452781
9205.775748716715 -1758.967617869339
-6867.640147994063 -2073.9626750734888
-2872.1115305400117 -2923.852185397255
-9079.986490215302 -9459.575332712047
3801.701303438982 3688.900213664285
8260.579176683612 -6345.410332399604
-2605.614969111669 4895.482744847348
-5541.178912270299 2004.4790565676467
7552.109842555608 6196.574851578065
-6440.307439570123 -5546.9452654744455
2379.2581791531047 124.58335629379508
-1500.4684058307994 5674.149255334774
-5342.615819750694 -1475.6076163243579
8050.77569923348 2572.12902535222
9006.195692837959 -4681.479770680328
4717.549711861633 -5228.516869196634
5380.2331774227805 3905.2460131834396
9493.378334208111 2670.589805661266
-8888.674154038366 9060.922283082535
-9728.815247210427 8839.087265899063
3648.3237397964167 7065.341504141412
4699.6451209040715 8948.418247054906
9211.988715131927 -258.3090232993054
5408.866104879242 -3039.7146891102975
-1225.648045476477 -1799.7256811994794
5782.27515163801 5957.898553767778
-7911.747151314952 297.8471058045852
-2169.4980746085002 790.0658419164993
2934.159423386018 -7827.943767154495
-9773.05561305323 1608.3210292550102
-5682.197533387343 8683.14248787857
-5806.3788304259 8412.447717135481
1043.543244437251 -9807.287565766652
7679.813836661124 -4120.085571489114
-1095.1861219263628 -6167.951063237051
-5845.091578721107 -4960.1149647799
-5325.636833042562 -3739.9238535920376
1340.7553462977376 -6237.36728164592
-856.5428368594949 1883.7641213050356
-2662.2297269706996 -8429.660462076965
6650.586473972933 5611.40491092527
-3147.090962420003 -4064.5827299036564
-1143.363707852077 -7568.152248389668
8616.546745555173 7017.643604529403
-2035.1141108777692 7460.447507400266
-3420.7905258075625 5701.566014329939
-4849.396121695199 -434.87961368632386
-7891.997529033095 -4169.222641437338
-6343.578623634918 9283.578046217925
2156.4947505910714 -4304.17195094674
-7173.935816027737 -2534.5567782953804
9260.71574894587 6117.690038121178
-709.5721651598287 -5079.369764766861
-6782.166064153413 2878.8544858118985
4586.40102330387 -4671.988694861527
1432.9937926237162 9789.285126893192
-5319.767446178005 -6243.944640552719
-4826.313972738579 5334.62596222556
-3816.353285152274 -8630.218337188842
2349.9395750966105 639.1968640307932
-3507.666778232532 3246.023414829857
-6057.472217111328 -613.5152256425336
642.8187430288508 691.6567143887569
-9169.71019843817 -8625.016558616526
6375.1548409732895 -7942.899676995527
521.5652268215581 547.3942924707771
-9294.745859808598 -3239.9419753734774
-826.3403001759871 5616.36048295836
6252.112318521042 -3917.8800770905427
-6711.840509141131 -3179.9465353828737
3631.561542596559 -8726.494450938117
-2401.191657294359 5876.101754235433
7419.60855892516 4598.879940862082
-9077.408229806924 7862.488922590128
-2495.183985327545 2179.834890718763
123.55378760972053 3539.2278649841755
5090.5854414292535 -1162.7159375961837
-6157.210436935275 8534.749067421948
3174.6238964809727 4609.671152174866
2276.969777174263 1856.1160226861139
-4975.7423436225135 -9779.443523865104
-2958.359090819291 342.33084459435486
982.6847058487529 4491.790558824678
6034.474957838318 7965.145192710286
-6117.345914824533 -9453.845261794027
2217.5222241070787 -708.0443114729969
-3589.5347198133722 -384.0099231823806
-7633.546636195129 -5039.488340502873
9954.590290768076 -8627.996397615185
2088.6624211205435 -6324.673312381153
-6210.373548521679 -2090.908417855866
6791.021742580335 20.83366623456095
-4112.30334586294 -5126.3241866225835
-5218.025568841104 -9703.511931234661
-7784.188073967033 7689.707509871616
8321.574869983771 9614.17163361983
69.12974705935085 3438.147127681512
-8813.032277353788 -7341.587354871884
-7193.5652549008755 -332.6112714498104
-2800.27065181125 7795.090234783136
-1704.41165261495 259.74634424537
3165.379637355616 -375.55437235128375
-8556.916634101392 5451.785294080466
1804.293607423866 8609.387187838882
-7626.735183680075 -1796.070155615931
5507.140783213135 -1929.7774535323597
-3860.8308208789085 2337.439188935601
-9873.111967838055 -1377.8883841265451
7288.3477305417255 -795.499321831916
9523.307382822299 8041.694898146696
-6826.55459994667 -870.161342051515
-3795.1593027501904 584.4984749631531
3588.7105119486478 -8540.096366112659
-8833.42522446828 3934.8817118908137
-8869.980403581292 2778.355481730563
-3098.016024086969 -5744.554374678552
6617.405673159563 -3305.787695507991
1570.0131674639124 212.97603130726748
-3014.514829258994 -9418.30594612494
-572.0250281097524 -4606.844871214024
-761.4114562832838 4748.444803019636
-7105.367474241357 -4823.572067834451
3383.79659350554 -2268.5253539076066
4986.768166875281 -1067.4342052206594
9696.501867027797 -2232.1795843803957
-2623.585417794754 -8698.366778292515
-8760.485251987215 -5040.425189952649
-1055.1381055829006 -2635.7959286162823
-8751.862466594133 -8749.405410757437
2463.433296643503 -4336.148324854974
-3189.9553499996982 -3945.142292454866
2909.947478490756 -9669.928189998527
-4789.793607790698 4224.084989640627
9933.68550304182 8959.973077047562
-2622.503775735232 14.909380684890493
9110.579816668658 6452.20381169465
4061.043286287806 -4186.474420288806
-8115.737225612882 -3353.2312186638455
-5319.217496255482 -2401.5896736392524
2467.5034615117656 3409.5141307104004
-3761.9373944825547 -9530.636609018864
1482.4828020280838 710.2430342730331
238.59412893307126 -2956.2322919342596
747.2486587733074 -2721.4399800283572
-728.6000037073609 -881.3684890029181
1369.610878571335 -4418.2873155446205
-8296.13563592759 8719.631036181217
8188.633035162329 -2846.154972762527
-7105.640452928423 8506.01579063923
-2392.205898691115 -3283.758703880906
-5609.646773804724 -6527.081009188336
2992.7847353641882 6063.2896796777295
8771.291507018548 -4009.754931165883
-7939.1684162924485 -4650.9471375054945
7111.974629220036 4439.981559451951
4067.317783682134 -5805.506797282751
-1516.4725425681463 -7938.56908765441
-8900.58881044595 -2054.453781863457
-3524.5023276352376 -2913.482138021919
7415.281877496356 -4552.591398581929
6413.998440035641 -2155.0239117049678
-6478.570628236113 -6139.459437622292
8767.235991306101 7241.88590518893
7559.51455668404 3329.0639379867043
9171.157150371451 9857.682088426842
5578.028951784589 -277.6269561852241
-6425.63937731371 1893.4128674727017
4393.015422999419 7205.943640012854
8192.833127634887 9281.679244106865
-4004.0293234567216 -5942.524609289506
-1718.5459743157498 -7493.649350512476
845.9737808244136 -5070.3347937759345
7170.646072506766 -1978.1966564294253
8886.969961602059 671.0548585579509
-2417.065100198801 5635.0812681163625
1760.071012416589 -7148.429938254041
-9064.40316340748 8812.044525582842
-2565.3798290991017 4299.5012642824495
7151.977552052806 -9408.785703611728
9360.682055519257 -758.1436699397855
7445.470006704385 1636.6940001537823
6249.530414484359 7050.1505937349975
-4393.451252804175 8934.18882424158
-4282.397488133114 -7871.124299082872
-485.3375878062543 3731.81243332164
-4716.699444303618 -855.9755812451785
-6086.8101825052645 -4449.983966655024
-2415.0714143287532 -2425.7756034309505
-2072.923902071979 -4567.354006318038
3191.9570879027488 2477.1748653969953
6369.168604784045 6083.7744138172
4010.7090790525 9399.246988314426
-7427.316912426154 9132.615536801786
-6960.5195301591775 -9483.742799176815
-7696.376800121087 -9508.50375074121
-7893.000823301979 -3621.4158911999066
3248.4056951872863 -6380.5005882315345
8232.043258319496 -6956.044540885154
-7361.6736265734435 -2522.9406649125203
-8629.058941833913 -2083.616740893677
-3236.076266913681 1054.44385967372
-8426.415290014305 -730.1122071331156
448.69579249486014 -420.2841489318489
1947.4916823856074 -5779.196988995738
1993.038813949719 -1140.5828330542226
5333.353558844192 -2177.3858603995495
-334.33017271760764 -6322.118557262675
-2775.5705117084053 1992.432634630848
-488.7784507561191 -6221.263970099431
-4783.969514856035 -2861.6266631122508
1059.0795556758421 -3325.1941472113876
6150.259313066299 -8357.748657505224
7459.964242329512 380.2917673189786
6125.072562142253 -5237.826681691206
9643.140495329411 1131.7563527577477
-4334.357943480787 7054.756481627595
-9721.433482522489 -8737.905146356945
2609.888067115713 9076.860183028472
2644.6861773303117 614.3363591549405
-1361.0219211692856 -6088.1215427058505
1943.976334134266 -8770.22848092565
-8112.520974253348 -8024.211569990624
2174.774690717022 -482.4397974180447
-2303.2379314925874 7593.315743390023
359.31218853802056 2710.6277599233836
-7670.831928107611 5994.725153194502
-8255.716691631196 7135.3167157828175
339.3400069017134 -3331.0900018856373
-5468.306130590239 -5330.085345494975
-4696.95762749428 -5581.39860103305
-9235.869778851484 739.839777944977
5732.692969689433 2998.684060221254
-8819.995261400463 -7705.086244804113
-6737.268353250567 -2121.252196442525
6170.732381341102 7436.815948002448
8566.868407879934 4456.1770005412
-7586.792908041096 9712.468554333056
-8026.850398194283 -4043.7733313742656
5317.339525351132 -438.25163266102027
-9628.310539794447 -8709.313065864688
1119.8447471912914 -6994.407731535599
9763.826692271115 -2693.098085977168
-728.144984170518 3383.2098958634288
-6319.637805593335 -7855.936036587607
-4290.6525895948635 5794.7703390375755
-8299.549736395602 6823.853254508151
-9338.215681749414 5878.6024266812165
-568.3888197524248 -9262.338873649085
845.7690309707177 -5350.417619391721
-8434.750923773692 3352.7758904164148
5206.919516936152 9348.053406183099
-6999.0377513016865 -754.9165150181143
5814.582594020956 -3403.7220811025827
-463.16664664457494 6475.9793606170315
-8919.600953580899 8632.069634018946
9251.8032871523 -633.6539405047806
7163.156854674526 -4013.0808241164177
-1539.8704156467884 -4119.383732062854
-4761.242847380367 -9301.421673303506
-8003.156137734011 7119.0785079514535
-2744.4617916203606 2995.7224130398445
-3402.976240140094 -8173.234000715406
-9138.403253702403 1364.9756682843854
8260.601391046563 2362.393366437518
5382.166032677487 -8991.77684015809
9748.344074855711 -9769.004939066115
-4958.49849564243 8920.813278994301
2733.535396831825 9069.045467847136
3065.142757632717 -4831.113741167881
-9362.19353831634 -9118.978911637694
864.8213285055936 -583.2597080759188
2808.460700032265 -2638.4930462832126
-9800.311658665563 -647.209922320113
8448.549071785466 2297.1067704593024
-6976.049555898853 3385.3340019340176
9589.858249058801 3327.5853482862567
3672.39787451775 3827.0062665579044
6402.876236966062 -8244.194467910234
1101.7237550413665 -1240.563372073333
-4733.288091891268 7631.204191831424
-4903.066072139748 -9132.694843667228
-9724.155265539279 -6008.314338130769
9668.558337113282 -246.36780441638075
-7760.5036852672165 -1066.0210821552446
9307.774005131207 -9404.197039517067
5733.309459353368 -2907.338267322586
9332.96434454661 6474.475568399903
4391.940100542182 -6856.795360109418
252.6389042949886 -5694.813610327767
7385.059689492209 9104.548825897127
-2113.951513087398 -4974.885064361539
-4101.812051149016 4501.887489629273
5924.230545385179 7535.132182996498
7443.664685579097 -6139.52578164209
5680.638970461365 -7130.08483431455
-2044.0095980274746 9536.44168526707
8971.898361728316 166.54926721600714
-3120.3382512703647 9550.766364308169
4385.652527845814 9224.724972556483
-1163.4576412322021 9877.676372333444
-5366.136739631431 -4200.733736602322
-3036.295862924012 8548.947933779717
3256.3313872434246 -4761.604844977061
7641.5975360369375 4970.701121565355
2630.6240597252 7678.796075593353
4086.2961522564983 2009.4555708891112
2060.9757222070475 -6268.810484995965
7158.48326161865 -9310.632579722356
-5339.82920902593 -6562.2067225677565
-4254.255728741776 -2247.2834392932127
-5195.209656452304 3255.6976518446354
-3796.3593623853512 4870.88353566086
4135.628132057365 5917.83498817267
-9405.056263158956 4953.199554808754
3391.4844366140023 6245.89109011296
6845.315186661897 5786.212188770356
-194.04470203624442 2337.1497457762143
437.6281409049334 4146.072673385635
5363.229843237799 -3980.069999612814
6896.023168681408 -5438.107857061805
-99.66942643368384 -930.0819349963404
-2935.2906883554633 6068.089561290972
4859.622503163377 2402.3645038624745
3065.4170418986996 -2431.106705616664
-1563.1613829782 4302.770529200412
1821.3253530978054 7848.325242009432
936.2574716130839 731.3358830965335
5164.178086785154 9794.144729623917
-9663.9075546911 5834.108146851968
-9204.767954451738 64.39620500669116
-7616.450836203419 -5983.579353356115
-3250.4416743890088 5210.34846671095
6980.410167059999 -3718.130817550549
-6482.846481763225 3179.779864919199
3186.424081328534 3012.7288793731113
2603.1975210849014 5159.712533434369
-1140.8259470726425 2965.3697259431774
8063.721889412689 -3122.136791314465
-2234.496782764255 3976.891034532082
8431.842304154186 767.2228050433132
6940.996627998138 -5273.160024849939
453.6296827956339 -9191.65335307474
140.40452376233225 -1129.4483970987785
-6818.412298989122 -9600.917662751654
9413.317055162548 2958.284836497387
1227.6200961179366 -9738.375011948388
-3844.2073765680607 7777.001281902445
-643.7275692856074 -1818.058061615724
-4569.943184713794 -900.7126087983834
-2897.0588340069025 -4713.229193634252
2910.794077635066 -1703.4370492400776
-8269.352203558627 4598.544010978741
2507.9542278006775 -4128.607078026871
592.8857755364152 -3231.249085695882
-5467.590881509243 -8313.631113966803
-151.05337560992484 5175.412794336749
-787.7951195875848 4514.679083335332
5482.046380203834 -2019.5105618307289
-1566.4596065750593 -9489.855923416044
4699.477288756345 -1721.7966473684228
-227.9601204922419 5292.158702334102
1047.9074413564158 -4874.584490915355
1196.2673930404617 -2436.376017411306
-5044.12818999401 8030.349145634769
2266.8521516421442 -6472.377270123006
2919.3977374939514 -4613.888100275676
8220.991135034641 841.2351577152094
3175.6036771290255 -6629.380218482436
7023.510903329785 8442.560143723356
3463.0373145824415 -4005.308855335854
6282.068685031054 4309.656499250745
-2653.5904034930045 -734.7776186428509
-3134.5203150715697 -2942.2285869268335
9587.289473501645 -7159.472157131042
3130.5729649290643 9253.894164659676
8171.237523601394 -8909.930669348956
5854.3675860109815 -9574.692591607485
855.7559833044961 -7869.032727336913
3284.7901280687784 -4038.5110375601353
-2517.6589760087318 -1801.1650303747247
8164.53452144824 -5543.648292471988
5799.832623837112 3620.637974617526
4149.092485012396 510.48255023302954
-1824.8465041610798 -2307.5684027681746
3731.382072745526 2610.6813109919876
-678.5458432971336 -1075.0057558461995
1601.8003023209021 6426.77301997555
1052.5597671143732 -5594.477874785269
2313.947714613554 2713.3158198552446
9076.551937595359 3433.7100798218908
-807.335353325836 -4023.5264629418534
8970.194576344009 -1874.2968155927601
-7387.568045834614 -4836.000523139192
3729.8474575308774 -4660.446937750411
90.59666665402983 -9141.087787127053
3673.390367597214 4060.9764666743085
8081.282322195933 4805.120014719389
971.6117315276788 -9701.638651151587
5922.261328435274 -2934.112973271949
-4283.598326697697 7571.135697163561
6078.457932482934 -6286.2917348348965
-1812.989605004289 -4764.251167993641
-8357.829316541187 -6327.192132967947
-7145.470739336415 9178.697600103365
1991.502273856222 7183.129178254738
-6331.336914720491 -183.83611897318042
-9425.109040958281 -9672.65110453991
7299.769080096667 -9125.003346780995
4981.046311846441 -9839.901778288906
-8736.961094231157 -910.0716453283494
8769.997804940409 3201.232426156268
7230.612916744165 9737.069460808158
6982.3688196019575 -3597.355908405073
6341.317593101199 5833.876791138084
-7189.60109579529 4170.776315369139
2946.6238463379414 -129.04058160562818
1605.6382500593772 -2375.356193509406
-4014.6649443732367 -3898.7729183125384
214.65038372376875 2991.825308516998
3058.4105652494673 -1302.9421867550718
-5424.539166117863 4892.555139803413
1279.2454368574126 -3503.6973162329323
6573.894428440137 7234.688058278465
1103.6304015169044 -1406.885433130803
-7649.639145719638 -460.02947479706563
-5402.481180894787 6689.734848622429
8564.037829110486 9744.715906924353
-2020.3598406926803 9910.536998958101
562.8191243309975 -4134.379480946058
9779.9012076023 -4310.231951514818
6973.8028909028035 -1605.8642412452118
-9416.577631571514 6379.60758370654
8920.488316342358 2880.4454414397624
-1916.034701960829 -4614.707541026055
-1110.7297163031144 7890.770304636866
2049.413094894424 8919.239525014265
4209.219662544003 -2630.6306109042052
-2194.129527825359 -123.76869884674306
-6824.457867865821 -1590.7323897383358
-6024.1451391544015 8866.90216458837
-1961.4792802725997 5533.392410637196
-9540.03604827847 4106.908239992497
8396.148651574022 -9189.536057615656
6030.299190700205 -3355.667483754579
970.0663491544456 -4522.368687891653
1407.8431942890838 318.0135539615367
-2689.1759051950294 -6785.489959695247
-6675.1145389186695 6874.667473633839
-330.104431630416 7810.933078876675
7827.505948156562 -4167.195743716945
7092.2775508424675 -1306.6228927399006
-3047.979875638449 -4033.3844821280554
-1275.0872990577463 -3377.3132374614815
1913.2138611118353 693.1543493808695
9402.581529440842 -1151.621757583247
8071.079854125921 -6818.708405525402
-6235.680628700644 -1897.5462044539418
2196.6947190249502 -1338.9160144551697
-530.1935941516513 3038.3187569121146
-9063.232698245083 -8802.651857832969
7526.606946545344 9068.049287745554
-9119.69540996949 101.39399715294167
8305.521126235846 -1976.0884583315974
-4740.259520769195 7190.017747320064
5512.7256906283965 2667.6944165475034
72.78284760426686 261.0257777861261
-2796.208026381937 7794.072867580329
-6709.856585712212 -9560.300934499142
-7133.93604195939 -6478.133942580318
-5181.786251184428 -8539.220912947647
8662.297559523922 -1660.268641468614
2014.661924230024 -2514.291810604099
-880.1419862526345 9570.466597644281
5808.83216040104 2715.003737142064
-7133.811288008985 -2859.2301608225616
-4142.270080636384 840.8206971011059
2452.6585049648784 -7109.053214447356
9672.288450045595 5294.896094803851
-6124.68216736003 2131.726986499574
277.5114234712855 2282.2311793956433
-9907.521507182215 -3247.007511761748
-275.99895419208406 7751.028724726155
4655.462370090359 -88.11510543587792
1647.2805930318827 6734.551158657654
-3489.752271608708 -8824.582700330204
-4924.775056890105 8910.725183539187
5094.166833462201 -2034.6354358913677
-6187.167775817524 -2239.5249707409002
6043.200018360692 -5749.12917087629
987.4543804259556 2365.920658386638
2141.8296323524482 656.8591516820416
6716.536535463303 674.7371672720765
-8411.185062554316 -8496.001795641365
-1636.208311617911 -9032.877305544438
-3781.340981981025 3768.6223705978264
7478.674738656806 4296.984027870998
6009.944458162636 -9451.330886886855
5267.900682412066 -5160.899662549778
3028.1227730336195 7344.347093834807
9326.67082488882 -2640.8133865629143
7891.74202983189 3309.9078940356485
-1638.8232473076496 1433.9283033620559
4917.516073148485 -8394.450684029809
8762.85145894311 583.2217501096329
8291.026912487447 -6923.861022685758
7148.752170514737 -8862.991905977766
-9073.72291397979 5706.089097012484
-3638.6447795897748 444.2417443375598
-9881.296765202917 8647.389765939937
-1075.036450588168 -3058.3047960136064
9662.667428967445 4090.4503507413556
-8415.183620900672 -4364.540483928769
-3204.1386337661934 -7154.9444278837855
-2691.0882478882695 1708.149419854788
4149.4480934875155 -9778.592922891381
-2988.548255097052 -7750.019745957832
-8175.813711986846 -2351.131747286483
2260.728217626791 1522.0473413554955
2779.177644462301 -7557.304333866832
-7636.83032993278 8695.2886593656
-4088.7040663227663 3226.6846321757475
4469.184705075411 8668.762949422973
5519.748549629716 1742.327578366605
-6274.668318791491 -3643.9594447047184
-6708.361792846454 3122.7242868367994
-7998.737336284163 -7261.338837947531
9510.798431028812 6182.155323839877
8348.787756179961 7020.7576475643145
3883.569500157888 2869.874418181951
-7895.687181708367 3379.113928452947
3191.6122430065298 1759.3294718346879
424.81557411725225 3088.072275990453
2923.2364132236 4291.699584650771
-3948.575095541857 3208.8714343151532
3101.144866925115 4465.259464378434
8223.578644290974 -8431.865200140499
-5284.104725856202 -7240.232089959691
-79.36230364530275 4410.4133169135475
-7509.213763365692 -6692.285375298088
-2013.2569701734874 7894.810937244183
-7854.717931599455 9671.926322698797
-801.3890997803192 7515.902181057547
5890.4977397892835 -938.3184391744217
4964.861462442734 564.2973469912813
-1418.3309855046773 -2582.852082537297
99.38533082289723 5902.363867575881
8768.941860066825 -1485.3941381482127
-3009.8361807877036 -7384.222739895185
-6170.7773660710845 9092.578183074573
-4511.145118236736 4511.7249609882565
6428.230080070392 -1028.3515567680788
975.3706551103533 969.7425121071265
-9246.699110150385 238.40035581384655
-1694.4219524891669 6311.325580548746
1273.9159273598361 2786.568792366519
-2270.8442016558465 -360.3954718363766
-5771.703057451156 4856.150665391571
-9631.448832863354 5010.538090326712
2600.857736361473 6683.8760506318395
-4521.112929805818 -2167.77417204044
-953.325006561452 2976.1050749457645
9462.570402551337 7549.11170966073
-1964.4263127424065 -4362.141157913595
-2508.7337810238732 8952.987002522335
8429.8050206314 -7960.636934218126
2591.805068230864 -5127.125893313966
775.7186119943453 -3925.8719205715306
4181.493106540733 -8468.975842755224
-218.7681060198338 -639.7468020610158
-1707.789333645229 -5487.59168285673
-8232.699490853007 -1840.7069548105246
-4898.418951626207 8080.255498593193
9323.003703102298 -2065.312661669287
-4106.596202699479 3480.3329419252677
960.2720692344556 1944.3994653048048
1198.4499848410032 -7088.176732929425
-7744.324138228589 -7139.914245655982
-5379.374041685216 5002.81573748689
-3216.887678998557 7127.748233919181
2732.4149969083737 4913.5781875805715
82.62819016552203 -9367.498992273826
-9572.58234475279 7600.934694494808
-2022.9724092159813 -8797.271576048815
-6753.294066408684 6312.22980854201
1739.308707133021 8586.56210158506
-6550.36583849572 37.52074215576249
6930.398061347831 5756.281603146552
-5021.368656873733 -6566.214420437118
168.0367146063145 6743.867262367861
3971.4215178881022 645.1034751691659
8654.094204931593 5683.628258924049
-3896.9758857542365 -9522.09036138431
978.9873999860301 9335.448448771072
9793.780978233983 4550.587037196803
4538.283267408999 -8915.122028896398
5198.581870539205 2321.8198371864037
-5162.019147129131 8263.934926365564
-7103.653992058782 -2687.7249754018903
-4968.6399379203385 6609.149516460457
3327.737587129226 7369.351143118245
221.70681166437134 5771.034976576166
-1717.0013007935722 8484.87795182315
-9618.382071334498 8011.824481346044
-879.3236961333914 -3539.188748808404
-1818.998967112073 -1424.029917654767
2901.9477729029677 3628.1240793626075
-6417.7084171742445 -9309.437198506483
-2745.8697249702755 8859.25132575475
-4247.1913779552 -9249.523662217129
7530.893987834414 -1725.403136154222
4660.592033103798 -34.2969398094956
-4284.426056838848 1328.7775564352396
-338.5514202632312 7596.007573144994
-482.08906124147325 2372.4253446155326
451.36186335188177 7870.669258414582
-7756.5589067505725 -8679.470419509671
6949.814156820077 7788.756879592762
-731.3405356824969 8718.457729916914
8995.975080860491 6218.016573868757
5333.999730991689 281.9495156753874
4181.128487708755 -3941.870912076346
8370.570053770229 3897.5321290646334
2707.102824692638 -9293.265902777845
205.49348128853853 8104.965720037846
-8148.118696073112 3664.28252485544
2244.60864244169 5243.479909132493
-560.0208817721414 -4163.566364773857
-4889.810329933217 -5271.279166031746
-4343.427395482835 8940.368875763033
-4784.742050388895 -7662.517075901005
5610.779764777504 5394.04778441752
8384.950485173653 9912.46181341687
-8755.111659650738 -4834.903817028014
-9110.663545723537 6559.405938889067
502.74901731095633 8278.661745718968
-8369.044988525664 -2805.7762552185195
-5888.066756122647 8031.2382950790125
-4265.720735098408 -2792.2648179990974
5900.694720746607 -5569.8915088522135
-586.8041625345941 3050.930067758047
-8737.8572678536 -24.282564469020144
-1253.4921040333556 -2296.2549057841234
-9805.524021977291 -9373.056442695572
-9129.623312568507 7275.529522765766
-3712.4951739505786 -6363.11724110203
5100.5112702771585 395.5183956277506
1092.1131281103244 919.4339942349907
3625.836415585489 -4413.194288728357
-5499.287923515592 1704.6114140602258
-3330.7331029964353 3477.4434756400387
6083.138275730595 1463.1796814902136
5390.121494882904 487.4719860338864
9763.868926983458 5428.857813965153
-2693.3759026285898 8540.818251481236
4792.816309950153 4518.994834452584
-6354.164831828703 1386.1847283686438
9653.383593171147 -947.7243059766479
5782.27360861425 -7728.822205635668
2367.862549032354 -8615.324785676954
-1194.614158599792 -0.9007966464814672
-9398.335624804971 -7567.466556606691
4259.93244165523 807.9812763395021
-1965.7242271527339 -975.7260525442398
-8767.736666412624 -7953.413106030803
9656.247546334322 9119.95816907148
-4790.63510413781 282.2727057459033
7967.917101554805 -9839.487787509544
-2483.538162023644 1260.7493829403575
-5503.015964501284 2156.121377445157
4642.867563261096 2047.9478750675426
6618.457803200716 1595.9511282378771
-3605.3183636515996 6719.343063917175
8351.904447231103 -5141.000799972566
-5433.159135319687 6122.247502528766
-4372.677534373736 -9471.453518592036
9705.929762028241 -478.2512923226586
-8547.606339760325 -1139.6702662135376
-7460.9243047313885 -8648.892647893323
-5519.75161984281 3627.2136702174485
8773.145246047286 9822.606274465983
5668.297081270646 6660.794313312206
-8777.624215291551 5814.982482075342
-7964.907510144066 -1366.9702816269782
1601.4764435728775 -9761.261581671037
-6036.4207844774455 968.641261919387
-4174.856693513864 -4009.220165973801
3065.5051106749597 -6748.310248311311
-8716.167054176729 6644.993058334941
-8686.82921348346 8087.3874325916695
2319.5541529933216 -1814.4853266482123
-1038.9013509486194 1102.8562657276143
1004.337041379611 -7625.375560771848
8721.615380868796 7618.214446738082
-5672.056294701171 757.3240500559405
6724.735441663863 -507.9911090276928
6030.3021494976765 6839.842907395676
-3015.845615923021 -4257.314148041591
-8431.967654414071 -9360.54407987862
-4592.44108242149 -1229.5638868427395
-1916.6387478202141 4588.152675679548
1830.8628218945032 4351.4147727754935
7747.612584175353 2682.865755193374
-5877.603768181796 8048.984850906607
-7519.630381634224 5810.107951929072
7094.470254044554 3284.300973962265
799.3239198853189 -4666.963252386995
-9223.848048777829 -2968.8083840709796
-6565.291129683066 4314.108939997905
7542.487530486367 -2052.0332385901766
3346.144309194564 1156.6570776864028
5661.822282734733 -1268.5720037753563
-2091.3840595062247 -6016.135637209074
-1985.7349366762337 -423.9853365221297
6288.211994995907 5733.775565629934
-949.2441675106966 2843.678078080118
3407.1635219666696 -265.85574876031933
-9496.3928501412 -9602.268003562906
-6598.381359653052 -6568.942894862868
-3074.2219821371373 -5473.422581937321
-9895.485780444244 3980.4500958462468
-4172.430659015065 -9019.131017764888
9839.783792715032 3571.7730590872616
3995.814508598458 -1629.6665840364149
-7306.923058109951 4638.225359616195
-8477.939142774718 2014.1126909749382
-7571.953293260045 5518.137732540094
-1867.3678397244967 -7688.8386807382285
2346.186698500909 5667.22972373029
2604.879493645167 -2205.116672674043
-5357.906849396268 6181.6304248735105
5370.3237265170865 1258.848110465833
4184.93678917465 6176.709154483846
6846.804741234766 -6311.920247383636
4160.845624438716 8476.91492126658
-391.8378852169553 5203.08193517226
639.7841026445731 -893.0215426791183
1191.3677743060543 -5178.605049625835
-4115.555102335433 4234.993094164121
-3842.551763036131 1564.1627494651439
-3902.442147048264 -4496.955616821523
-9036.066282745463 -1717.17211996912
8307.9377336287 -9908.793289900455
-6727.0210353178245 6553.72484094949
3224.490235380552 -4604.102275114199
8510.712009009421 6086.022708356259
-3858.691009758042 -136.2787187086451
809.7593895285045 5311.091819426552
-3644.099924643394 -8692.90542878222
-7091.674936883761 -8830.949908579216
-2933.527184027511 -8061.887535110525
145.58127877817606 5580.893688422071
2343.151081456612 -4607.747674872738
7384.556555205247 3692.261943689182
-4478.146171679403 -4826.318452282288
4510.100122454614 -5302.43266136617
4248.5105605114895 6239.090339510411
-3909.089719152328 9900.84554291251
-8594.821790456033 1847.1218604930891
-6138.971659050858 4642.368435381739
-1721.4681549197667 -3664.367716632686
6867.594508053782 817.6969335279846
6585.107841930232 1149.1678747747756
3448.073621795562 -5061.485001954442
9346.590910635485 6224.2038170028245
-8358.430229039323 -6967.755605382659
7112.331307910172 -8250.155792736685
-9794.754233737596 8150.092878747633
-4344.805378714344 -3643.1586519748716
1098.2742839056627 8850.842382167615
4020.747410505901 -3052.055354424743
6112.158481163755 -2249.652538420708
-2311.309067637142 -7332.25172199232
-4732.345061344891 8074.362986394972
609.3587646976612 -9079.634576340468
-7335.050652460064 -6875.018790196173
-7992.995103799152 6878.4092961655515
-3334.8656937496153 8668.60993323533
-904.4943982260593 9586.915261388556
-4402.553661240098 -8523.911018073073
-4768.976502136768 -2448.9962507281234
-2371.8692716069054 -1406.818872318794
4530.060466492352 4606.230121780674
3993.199202313408 -8607.646722735151
8610.25987266866 2905.7293892234084
-1511.2388252268884 6054.399552662078
8865.210521848927 4018.4168395146426
2929.0086972048266 7851.121944169714
-1436.5897534814994 1417.6684377726087
-1776.650535308685 447.9464187630638
3065.4569329683873 8050.047762739923
-6209.425763609177 -6582.003378981764
-6417.554673255341 1208.8214259384094
4219.370274438568 1256.812951212276
-9847.555217120418 -6402.861242517887
1400.8838364654293 -4590.442427632868
2890.845163146183 4250.931061858248
-7199.55577278612 -2829.7984198123168
-2925.7358324404922 5901.723924962236
-7898.024582303362 3784.8470809054943
7246.61369350275 -3605.280054534159
-2849.982383712899 2688.9972422105984
8289.831899696619 937.666384674907
-8069.308580532939 9531.235418479544
-2719.3098111276304 -758.8259304879557
4274.349657781322 4483.438515595408
8958.991637336214 7021.3162383699455
-970.947653044268 -1689.6984594018722
-238.61021035223712 4870.486239558491
7645.429051863015 -5231.391149312232
-9371.051725642086 -837.3492535542446
9429.873747310994 9129.343139962788
-2824.509205286301 -555.7031341090096
7164.447964121449 -6036.623425220407
-2692.3328926209897 4672.516921607288
358.2541683024938 -7195.849263371832
-8983.399850378388 6696.845812947573
-6913.539876691361 9898.40497551439
-5185.140870536636 3541.6024815886267
189.55666055126858 9978.66446365013
4171.4188194373455 7330.667245778484
-4453.160326672733 5838.864271915087
-8698.817779828396 -7893.240908916677
-795.4923489643297 -6532.860267834569
2794.5297004932418 -4667.548559065746
6330.179545578349 -5412.540226697862
1826.278241227732 3520.308752065661
282.04215647141064 4684.451312608049
3062.3403365248305 -2775.3047805020615
4522.2383899639135 933.410866454713
-5113.729408068512 3537.9469908448154
-6329.482474864248 -1069.847669748815
-6803.201227913356 5268.771079133716
2685.5761717609657 -286.99577900894656
3781.356091671538 5140.880406557575
4977.920354397334 -708.0782649064113
6149.507507158387 635.0347457169937
-4800.508802047698 1747.3372268693074
-9285.897518364678 -9492.186131430637
-9478.305416025405 3934.0198735230733
3336.869532055249 7555.60077438338
-4595.107727268877 4922.892190320335
-3490.9102655926154 -6147.581480010132
-821.1898032221488 -3463.619791653794
-5183.123941642409 4475.408155735862
-6805.274548712437 -7319.446721199749
-6155.489811157662 3641.902282272389
4876.7060407875615 -5350.04273834808
6298.177226542724 3217.201235710767
9690.582386071554 7178.693479240701
6886.359291404959 7712.309100719951
-1134.277521466378 -4266.034467379473
8372.047641208232 -7823.944793589157
-9353.882963790918 9395.964570821983
5215.836878746741 9796.17175511118
-4086.345751615663 5640.620971084003
8357.88160707023 4559.061790651303
5217.8940089760235 3439.4056046296373
4940.58914358372 -9021.857461881922
-6436.950473988854 -686.9765157606216
-9847.163079828233 -2314.188916950342
1744.2891945304636 7323.498272059631
-5119.590122459634 -5405.770841074022
8591.875884482946 8461.79488854164
-7523.748790362888 -5634.713190467102
-2826.9213712052506 -2514.202381656969
-9281.966333778293 -1909.7435505623635
-181.81951753937392 -4013.8965173909355
899.4647345799076 2364.803666523925
1778.3292421423957 -695.2432026995211
5005.638885120512 355.1852537852192
-8610.629009601467 1904.6987428757038
-5948.33665030029 -7013.39018686636
5807.222809421115 885.3750687554766
5917.689148308129 -1955.094348734965
-4303.2612272294355 -9437.420281768309
9392.374799116897 4767.780942446359
-302.5632572548802 -7621.70436766784
2640.7395521776725 9412.137234523329
55.85336942505637 -6121.075947346768
-1058.761242497072 3319.030644352757
4505.7066350886325 -1902.0289748275072
290.8287665959688 9158.055232235707
6293.448154958431 -9598.100129041613
-9644.32292746661 -6681.9402392723305
-5811.806548944294 -6294.471213225337
-7750.915939208991 2821.2735589807344
-2618.5718436373054 4935.991778027275
-6252.907474663638 3673.076746975992
-3626.7136176656513 5721.960929940429
2806.165233714508 -5780.198951647051
-9741.379943151596 -1492.5437969229533
-373.7865267449215 -8127.8982430340575
3267.4581547340167 -4362.744831116356
-1993.8282950142948 4461.606869398964
-1019.1074651224844 3433.5395745044243
-1631.7829870657915 -1466.306233058067
9334.803953326049 -4118.895294478826
7580.635308888919 6039.4109353870845
-2659.730202471588 3261.082454501613
-3411.748842707374 8174.713008401519
-2609.1125418913853 9920.811395754601
5863.229455030283 525.3294935412468
-4906.335777946678 2340.128664832
-9182.01595496805 -2789.244805692015
-248.48244287636408 -6247.987608758667
4575.812280743048 -6619.003079843855
6941.854392017474 -5201.824204995102
3873.800825255392 -4795.129744342079
6077.082060667777 1047.8526780557604
-4623.56390202548 4398.794952805605
-1600.6686873635954 7680.679716736475
-5692.722423049319 -9619.797480189853
-5446.937867463397 -767.7659452260468
5059.941504802155 -2710.193639252463
-2304.3619513805716 -1976.5539313309537
-5671.442772751651 -4587.8309290911075
8047.355997118248 8742.753881674125
-8698.23168469976 -3065.874671681113
7848.83048651892 8622.532213083476
-3406.753453592093 -5484.194375784641
1885.0304228691803 2748.9759155037664
-8164.399067153414 7809.142893528326
-1948.3201544665744 -7732.715865084921
-4756.531726848445 -2156.0981299130062
-5118.8674356980155 9591.638663890215
4955.477489370111 -7888.559240278566
-1488.752828038365 -797.8701523432355
-8406.315084899463 -5788.4469137787955
272.18170609901426 5208.442530764294
4232.98857126732 -8912.091306717712
7882.4491001507995 7582.7622701216715
-148.0736592171943 -1837.2442146442827
-1813.033810087135 7812.032362744678
-4659.81423521971 -1908.2816217886748
7436.244966124945 1692.3285192891362
-6732.96154697477 -7605.336680805382
-3702.7243527080664 -7914.199574413105
7868.832547086662 -3121.2249499805075
1103.0653017945042 7683.254857915868
-3907.413896719776 -8444.861406516173
-9710.813780300163 5163.140874771012
36.61164641817959 3660.272180186379
5532.114031107021 1610.33184172843
-8241.969334056079 -1570.779141913632
795.5290380785864 -8344.229532469311
-829.0721950424067 -3573.024847017714
-692.8399252963372 9520.68458354214
2637.8063425074342 8530.129868901236
8430.166646469988 -3.246118033390303
5860.916938586604 60.85905689029278
5459.450535429631 4366.250741971544
1808.922916167303 4110.442117858043
-6435.301149539887 7363.8431751405515
-5331.703098055625 749.7237012077021
6418.368770855486 9504.396069460745
2187.7188777250885 3609.054232192635
-7511.774493818084 5448.7728750370115
9287.68083664729 8220.412321167416
-4459.542246759977 3552.2875941013535
-6563.609889795231 -2450.437870240312
6590.791753954378 -5661.880506769483
-4953.023460787865 9306.26050942564
-5642.556801037339 6360.652630838633
2029.9185000527505 6905.6833995513625
6211.140977119065 -3228.6349840053745
-3361.4998718976303 1364.3957277804566
9683.871354426366 -9127.453472245814
-5125.972698523114 4949.344788655435
-4210.6045232771685 -9958.223114018967
-6028.571510479052 -941.4811456491516
9724.992195168721 -9367.242805985812
-8135.216997570638 8597.060327670999
-8034.701065707317 -2194.259693085499
-5963.789116246078 -6977.213817070311
3325.513206983429 -2286.5332180259256
-2219.5209875483224 -9729.775490987353
-8737.363369962017 9066.159704768746
1671.5747715127582 3922.4213925894055
-8500.155477988183 -9178.199194797106
8896.4133212944 6284.949477388207
9000.464359482175 -3404.4430177696186
-2875.2622515823405 426.6805236137716
5384.46668808277 -1645.1159781630613
-5286.804998504915 2787.0654314745916
-3928.2339608272587 -7935.504828166646
-6704.53890589527 -5390.203055362895
9753.039013040005 6168.0338120606975
189.201985628275 5247.912451018747
5230.174371738627 140.94692893234787
-9445.432894099547 -6704.474080202694
-3765.1203866765018 4821.713210345388
-1132.190356785086 2536.5508460036817
3525.364577165863 -1173.7648712069058
-7972.459326626482 8860.924850492294
-4622.5614641889415 -3927.13596055815
-7709.974149961449 1584.0082583286148
-7472.238627986539 -1706.8279874862474
7233.846949462295 -1985.0226733478075
1693.389866780446 3376.258549023807
-3916.8537365971615 -6344.803277880777
2983.175610939643 -4507.979877258134
-3027.4139784772733 2067.7055557786716
-9167.030885618766 -3838.5235540784415
-1883.9373351429485 -1755.8819378712851
-4462.003681865856 6789.899834773289
-2654.8902675275167 7205.378261582526
-6977.821946813529 2651.149146109188
-888.1525283443207 -4392.013484991025
4175.565996920715 5909.271045334315
5805.226770782569 8287.45251099484
-8092.5150436588765 -9013.91664920821
-8891.765685531429 3955.894552504624
4004.3612198353258 -568.8907947265325
-2872.379267542682 4680.866843183963
2947.643446958604 3422.897879140337
-5843.36984942849 2307.637827339071
-9961.39376156748 -2871.593612291994
2185.107720788881 1647.3120894131644
-9506.743744845335 -6630.206242363876
-3349.7272994424156 5038.339674971789
-1388.0573417932465 -604.3828691832005
7425.3520775510115 -4200.891268734726
7694.706367311879 26.084793049922155
9672.165846578606 -875.5144214338488
8064.780086660554 9039.679895836209
-2062.322608757303 8139.307798337606
8379.084983207824 391.1123543080357
-9246.58562025087 107.00221889427485
345.95422717333713 -301.76805770031933
-7999.418607731517 -6798.34794945106
5036.735042309931 3408.1693550961736
-2567.415374753692 7786.998818087184
-9830.683716378491 -1849.3507938642306
0.5982881652944343 -2193.9913652910373
-7941.956837862812 -3990.9394102794886
-3993.2845380181006 7669.804355875382
-6634.120298631198 2787.532707955572
5613.115211611679 7944.910407526819
-1638.9034851825563 -4175.078119120628
-4135.395075724806 9172.915834030882
-8927.852039434112 5504.266073598523
-7864.216496891332 7316.822926161985
-1449.1626642711035 -9671.0761492396
4792.996157345151 -3386.5083853095257
-8604.753085819173 9284.272399790098
1865.1379085674416 -3978.233301098051
-3249.6658764480426 7176.486201383777
5646.289851201387 -6008.992160508022
-4804.505821615543 -1262.408976333154
1407.0571121240482 2934.917806546
2244.7985003297417 5508.624292292756
-229.59322425922983 9580.708229912998
-2372.9803200192537 5860.404664196432
-9188.31520610755 -9726.19170855909
1078.9693240607648 2984.0609050579205
7571.425306455043 -8646.53308512844
2077.0700175178754 -1718.865038949216
-576.5593903373901 -6125.23731321868
-7251.5050404269 -1694.2835109655152
1619.620096753646 9237.696523129187
8144.620426524754 2258.739114134154
-3663.2583766405987 7694.180013180048
6125.928594681 -5992.78758303322
-7320.473958750901 5238.917461265475
298.9170217308292 -2301.1747977106634
8348.06433432713 6050.299552272032
-6238.026681173902 9265.010230634089
-5943.349443234749 -2567.377448084374
8858.575639911236 7453.2184373490745
3294.967085197364 2121.0676219726192
8702.593490331968 -2498.1930489944725
-5348.5346710384565 8846.054890191052
-68.13691454099717 8168.596379090708
1672.7028433932774 6213.7342754223355
-7037.37908616455 8546.818522806512
-3888.7058561657286 -2755.4724204552076
-4041.2151328477594 -5050.177165936356
4419.042589063029 -7678.197040308299
-8203.520046384225 118.57131895290695
-5529.27070690752 6837.909016454738
-6504.395218816897 -2896.394532606463
9757.937365344402 6484.958032964732
-7093.343322882224 8395.82855934893
-8328.80310204021 7922.900746058702
9882.419087812006 7228.096866754735
-3007.354964793858 -4532.40309843502
-5269.461610435577 -7557.723513111851
7350.29782894695 -4523.270081013471
-4565.584445902941 -9085.927120700033
138.9410090830661 -728.4099635850143
-7053.755369358521 -7749.402099788325
6291.54829143666 2717.882030418894
-7202.56272115841 9323.303639402067
-710.954008903831 -4001.1057108114437
-661.9196845138194 5171.549392401032
1925.148095729999 -9350.497918906045
-9891.521855057386 -8090.250531130967
2596.889263016732 -7420.353506962991
-7837.767462002352 -9506.32012106222
1270.3966580824817 -398.9153741148639
-398.2646712872047 1549.202878940072
-3224.6646616407525 -118.64304330413142
2153.3323309693405 -3060.6957690900026
1710.3857944603642 -6215.918405270688
-1699.156225792236 -656.9951675896718
8995.998019191786 -4285.164351693867
3312.517951234089 -7157.634128492617
-5010.407219187736 -5122.952095506268
-7562.08476908923 1361.4548560643107
8082.268942990588 4252.468740605582
2617.609510427883 3773.8043869592493
-1175.0009837035577 5655.958067897809
-7759.986233647766 4592.546291009534
-2113.817285023445 5374.475184580368
7796.03524485325 7380.06215896882
1521.3573162240082 9685.310092787746
8723.680666261414 4361.648208241333
739.7440741326336 -7541.233205314719
-2698.8803079167665 200.34681485612055
9981.238386564735 -1914.3550395030688
9138.148233420023 -9512.242918608297
-6128.654404160856 2130.0368933629343
1632.3721306358657 -3771.7166465486953
-3499.5271987467013 -606.8896554460607
-7302.143857127052 -5558.047888043058
6677.8958658964075 4483.700252912189
-9859.611022372766 1983.570805799709
4739.622759432825 -6473.311635190943
-6755.099821088739 4773.663738900257
-8256.713222116738 7300.315789935397
2457.00656358201 -2140.723158314355
262.10128497816913 -4121.286792979331
482.0366972373831 -6929.602576437255
7493.82271984153 -7233.891359061297
8691.314552042539 510.39278062849553
-3970.432069970646 2544.30808872717
-3583.1290014001625 -2283.4743309540027
-4618.76014479984 -9784.776478650223
7532.172830654657 6049.268560278122
8245.22564842329 -7294.641092216223
8657.852212249472 -2283.222300987275
-516.0654613612242 -6590.669384112771
-3602.159795779642 -1186.4345309407727
2935.64208930144 9184.65837572675
7202.696169981948 -6149.947876967537
1417.0333931411733 -4129.791399022915
-7226.6492871503015 -4527.664681855969
-1338.28017223011 3185.838121355997
-3640.1311471035206 -580.8223079180225
8441.9251320197 2780.934540812419
-9123.740832264404 -764.1356933623356
-4250.554511587994 -5765.283244754376
-1556.2494494689472 7862.242553944219
-2334.122139523982 2971.298552229049
2791.3784656503885 3934.9017289498624
7431.037063123764 1337.692258421177
-9115.894285088129 9491.127393916737
4222.373116350058 9503.074619121078
-1784.860337580636 -7265.104762051657
-6712.884048195171 6372.795808065417
3390.4841626069956 -5377.147709251082
6322.775169216222 2370.7694748826925
1950.1930451334065 1250.8633926919247
380.5312230141353 -4270.959977148669
6812.182034588906 5369.380272811115
5069.963112188392 -8166.526367968916
-6709.121349841456 -171.47115653343826
2472.457705739869 -8790.318129991883
-9665.621816782015 3351.48367912484
1924.5548454172167 5893.441692903254
-3559.8061455638726 -5242.667100855742
-7288.603845549389 6215.025915149812
8651.086466092267 5602.316459268628
1714.3363295380968 -9562.972936337133
-3901.123794669843 -6819.037868842923
-9814.30305043401 8220.396352610998
5755.5290362509095 5926.301646032582
-5922.462423982839 -4446.404625710656
-2632.7668601709584 1471.0108883500725
5730.235426501968 -6435.10380424976
6988.575131790316 3978.9710253601734
-8769.436760776023 6548.0374054485255
-5899.66100646753 -8170.5993087494735
-2622.137767419943 5566.5848961863285
-4014.1446282364286 9333.374433088946
4950.818532120251 3162.5170007880497
-5142.771582966705 -3114.8141065529944
-9153.746622311495 -8020.302013165586
-1835.8118361933548 -7201.312790633227
-9334.757944316425 -4476.932237989013
584.7061530902447 -2948.6296960940826
5450.787699321527 2809.529139859422
-2612.068044347664 2256.639647754684
-8464.819845520668 -9673.3312101355
-6823.596366694095 -9592.6452298125
-9165.927615428916 -5499.3929739011
-2544.100809082621 5281.394436695504
428.2225841385098 5784.426232407242
-952.2980993290857 -127.3504939027116
4902.744716732108 -8486.215166124626
5049.448234521051 5808.495185301208
2667.6268015855803 -1163.519676132124
-3132.848534299542 -2562.531965508896
8362.175606478875 1307.8746847386737
-4217.616385308936 7118.512776196363
7449.955581157326 -6845.7310032048445
3585.0105396749404 -9784.168686636784
-3760.3039282723194 3741.4443570234907
9993.289042553795 -1598.985127455302
821.5488599574837 1445.768197846728
-2100.475346881296 -1913.1937824952656
-8213.02464461265 910.4063195884701
9920.914168532989 7164.480106589752
-1895.5352026106739 579.335668580492
5301.580576922845 -2310.4943972427236
-6847.825025643395 -1562.9759137857309
-5096.754950016293 4757.788982359209
-1337.4954552882664 3041.782344909041
-6161.650939415953 -7462.527215955412
8212.50336565627 -5774.042004588493
-3759.118177516969 -2731.093685658694
-9102.051890031362 -6753.698436151827
-5263.449651953211 -5981.928455269006
-2042.2077061884656 -4297.022040686605
-1634.6549444575849 -933.6090399267578
369.63414256568285 2205.870843488474
7025.962201027291 3042.518366569253
-6184.270330849806 -8448.034564584417
-2047.0578172213782 -8750.64979835264
-1077.0022391894545 -912.2374657030359
-9696.201421146327 7112.16801400877
-690.6364663671739 8965.834101988992
-2375.186747866036 -7728.5330655172
-2277.303584529931 3164.777958666282
-5219.420550241262 -7433.312477001084
-8562.494245595266 -7573.009552153105
-4126.215743061035 -6995.275680062547
-7921.547633212913 4678.839697690621
2748.1233099269284 -3220.2623743260483
2168.6652318583383 5032.958839908766
-141.34749118550099 -6491.547367159224
-9045.272388093104 8132.559771329725
610.281544127396 -9932.209448421909
5439.128582571535 -1617.2001211655715
-7293.47260417659 3769.323109533896
9054.868035794923 -3475.588334582305
5617.042776967612 2077.7081542004635
45.815868736410266 2039.9431789039227
-8036.146479933935 -4322.085727444293
4370.3288973053 43.13065720037048
-3557.369926110212 -7581.299190183319
3824.5375300825162 8587.062637358544
836.7406012110641 -1492.524611450317
9085.618274470206 -2263.0303521999904
1748.2210780954774 -9695.69659462957
-495.72184724180806 -4711.384223586645
-1138.7742009489066 -4839.4873154582265
6729.576690145805 5673.430333931099
5869.906044905196 -7030.023505571886
-2371.8719842323544 8376.676266237868
3644.0894143081114 1448.8228301524978
-6536.381931809454 -9894.899049420535
-4227.478242646141 -2368.022270374968
6931.491774717626 975.6810631035987
314.85751839320983 -4327.403222303845
6397.560821136085 9157.219671910498
-1590.0259506452821 6753.107627322577
7568.196266552666 681.7181417513348
329.6051697763942 -9235.775720816815
6823.670494236278 -8447.40584293937
2632.6834929654888 -8619.02478007017
7575.125155904989 7811.981471583262
-3732.8025070380645 6262.417254795388
-8740.45768018032 5889.497669182341
4782.771893472556 2324.3886946902367
7966.00434388905 -9659.981827348536
4258.581532666447 2382.283076908061
8190.442573633623 -1011.8299807773437
2117.6216156295723 3933.5146372358577
6844.959154444205 6532.386007386111
-9310.23607597881 3446.9684774262114
3401.74260053491 6821.5459979796
3202.425235754674 -9750.584997976592
-2069.523989259339 -8697.639103815623
4819.093698895034 2946.500523148925
1792.0624640642636 6545.83880285854
9412.356201918166 8288.598722431947
3880.3879776243866 7296.301734955767
3949.4764774745345 7489.452668497983
-1442.246532100402 3146.599781768329
6684.9850004706495 -1771.7947217248038
9808.510475116876 6728.311457686854
2796.145176650356 1913.0544327094776
-2360.6561947057744 9215.882745637256
-8336.438174611345 5257.449235892847
7383.5517543518945 -5021.188096077743
3690.614527427804 2817.3743499521224
320.57256118155783 1376.1384933254776
1371.7948680477293 2860.9488900267515
4900.926378115939 -8027.3379535066015
9261.438423434654 -7210.7976609366815
-8129.365316075335 1866.4596047752493
560.7468630277854 -7700.434510551102
3718.0907839450138 -7647.5612214804805
4232.401714080708 -7418.747948341677
-879.7341233174247 -1193.19274434824
5868.477070409699 8054.3772186283895
6444.030513048932 -9537.488247836489
-2021.231406313841 -6487.6899096384295
-3137.7101236399603 3655.8375761184543
-9066.94792477399 3999.410692114041
7273.524888538224 1159.5319152018656
4482.210706471331 -2646.0388504225093
5967.252450752689 9377.960052057719
1599.5491572576448 68.76083944226957
-143.1924496459451 -7535.0366992597155
1325.0453143635023 -4030.4952053211337
-8895.229904716038 -2164.751975421781
-4638.319172754051 -5816.2808939736
3095.258316130954 -8924.720346714701
-5635.599759985921 7970.699935575914
-9038.783879182038 9919.827676643654
4178.661749514535 9205.533248244705
-9746.261036060123 6745.450529120193
-273.0606407511259 -5342.047438467496
-1155.632207392082 -3057.629221929321
4807.947690151495 9679.432804286545
-8219.789358684342 6561.347841927123
-235.23091936490346 2509.579365925556
-3434.357274705977 -3207.6861475595742
5794.463985456221 8135.534727288781
7223.245645527895 -4883.313088220671
-5386.849205297291 4485.76416891866
9490.551323254178 3385.436934786794
5256.957789161348 5712.2601330779635
6638.070534441333 1610.1414821071576
-4009.356842229233 -2587.159488196069
-4352.020386858481 2914.4122156422036
-1387.9085558775932 -3132.113069148266
6871.754057982809 -121.75845264460077
-5117.694697607444 -2286.479837796245
6788.942519945704 -4582.03636208063
376.9066176257875 -7054.139204547
-6881.823875497213 -7620.306097029492
-253.42127010598597 2748.6930062711035
4285.421486376999 5184.250871453658
9190.28146339078 4359.4899946284495
1133.3905469904803 -5853.26082218163
6886.4758477754185 -9963.574035304591
-2240.0858810536283 8504.108151860113
-9805.992083781151 6161.654427540352
502.0197205815148 -2280.8223389209843
9625.700507043039 -8386.217018614372
-663.6754873098089 -7710.238607692232
-6085.887574552748 -3234.8567879476705
4345.295913468148 5076.6852833111025
-2069.6734349102353 5807.091486463365
-8597.187151795604 2074.649733528531
-4216.955002014049 4579.256690487688
-4138.62176705738 -2414.9555358596
5116.656401924318 -6323.716806109538
-9222.761871656781 2909.9735995587525
5443.366562617452 2328.292406787412
7088.570826531326 -28.08270425880073
3285.8846703100644 -7601.069089926337
-2834.1919711127157 1673.5976597049976
-26.45164953236599 -6182.462337267061
-9717.932941386334 -652.2146724700378
-5873.799914539357 2859.6081706895075
-1194.429822428976 4306.932403359795
176.5217969891146 2912.4026602872073
7294.841199169725 5287.677907810605
6722.934888634187 -6289.8055748466895
-6818.634160679983 6495.419896938311
-5928.404806437417 -503.693146058964
7353.320560689273 1989.31975528996
-982.5973121111838 9166.755715219231
5707.870636333386 1308.2445983410507
-3269.6364758829395 2172.955649362233
8618.451722270867 8523.31688498221
4555.040121793994 -7191.38045617822
-5732.651801754915 -7687.097602194231
597.2385927222495 2478.6229034551125
3922.797502233754 8191.009326246691
-8836.518722556855 4645.273135587702
-7506.2569898731035 5680.244737240198
-4564.775463550621 370.07084869812934
-3925.718254461488 -6994.384431069351
3201.1876101310445 -6283.289509348877
9693.735522346396 -204.37155629871268
2037.5588259079777 5753.727814250578
