749
8201.197833122034 -1622.6778423675642
-790.0149314853861 9419.938525088539
9651.228808048909 680.2646869766522
-38.77212702799443 9280.065015186028
1142.2776213981979 -5918.1331290590315
9558.288840422596 344.0925069807472
-1866.7447438489316 -2649.1874325582994
-703.0111506081885 -8118.66753164064
5448.942517981126 6759.089276633622
174.70357540715122 4640.7592849050925
-1013.9930656889792 -8633.614332124609
-5438.438950908917 3343.7062001290633
-2497.26915197402 1401.051850810356
-9792.142338596883 -4807.86847137961
5896.877776300482 -7485.891297214357
-4068.443722835351 5811.519535245612
1786.2592654856526 -8250.794863524528
-9697.590460403186 -8823.60939710512
-4258.254387108244 7262.822702590278
4736.875372686165 -5679.702198651688
2182.60332675475 -6854.563467409518
-9359.320675945342 9011.101688177601
-7270.799444587499 3135.7436460819736
6583.514999708503 9076.210230719924
6718.284928643516 2586.486428791426
5963.035419496495 1691.3836869898205
4621.190523008176 -3268.208411338913
8212.946654139825 5700.612771188249
9265.482717715196 -4877.64128278201
-2667.3297067212643 1913.4770918084669
7045.710488711426 7036.238812708729
-9636.307158906715 -8669.697961032783
-3280.9004660802275 -9260.64929875494
-4589.614374933393 9374.33962123017
-3082.847442819605 661.2803014482797
-6099.274548185749 -535.8954049621425
-4835.6902989199925 -9131.671908540473
-4994.9907816567475 7637.892651176222
979.9519428671229 657.164780866493
1478.309953678532 1446.4362319879656
-6449.794524986836 8658.86668140594
-4334.925224917297 958.538562172298
-9508.853591487183 -4465.492040529389
2001.9265318415273 -2521.559299238723
8385.175147599206 2159.8919068733994
8077.3852786067 6452.58558951996
-1942.5242609306852 -9861.589137743335
-9845.119081815834 -4952.652816405039
-2030.3653492239018 4547.43236781771
-8961.915023523714 2008.1923997783306
-2357.34762899982 5015.008911978854
-1744.7542681096875 7664.6638402116405
-318.26422895839823 -9459.876565925613
8761.869500123295 -4675.535340963815
-6239.585000088819 -4088.918640382266
2708.742832127309 -8196.165038372556
8831.680120011075 3143.075076805484
3294.9512154571767 4470.327886333484
-9130.994325804837 -9952.661776524732
-7676.799496381393 4927.981591839667
2600.2603324829597 9860.73632154565
1797.4127684193754 5353.800364050654
-1017.3158652080347 806.0165739685799
-9249.791060409641 -7501.635672373523
-2422.746981798434 2519.37895845222
3460.5699430342574 6492.289951589828
-3484.091565145646 7473.406750817565
-9680.404525082855 -3145.8268934506186
-5584.703885360384 -160.17618408362432
-4175.033187849271 -3525.4556143807904
-3624.19352273178 -8322.063077568848
-467.652048668082 5854.28880286706
8114.862202979992 -3098.962253430098
-4735.36512175192 -5495.128090340971
6318.566162713538 7164.437915291845
-8522.387415091476 4171.627252904067
7455.966246072028 -9364.77611321353
-8596.76752102241 -579.7302861043208
-414.637919308183 4545.215084015623
5439.385627973517 -4869.3012423343025
-7907.776964167956 -4504.969492508668
227.69660184828354 -2428.9305715897535
-3166.5471562941884 -2331.448018892559
-1041.4710790540157 5979.004264067011
822.8861033409212 8433.506530808037
-4334.969315702621 -5044.2603160944755
5378.064463819846 3245.2706599384564
-7384.266456354711 -5517.104836908873
9558.487104398773 7337.423218903168
-5612.153612549347 4000.461688640182
6760.69580893746 -9626.027077069577
-5198.945043957186 -261.47926253451624
2495.7069867546325 -7945.409145384226
-6385.700539897781 374.1012953652571
8659.459302850588 1605.5898816707268
-1264.3557149674016 5088.488260020196
5017.098994852477 2155.7957316853644
6668.0253132551115 -9770.784886344583
2157.0909692459754 -7812.138690277108
9011.303468533588 6034.861712468171
-8168.712185234211 -9428.018643218078
6063.717550996083 -6740.30090874268
-9617.748820638279 -869.6271000858596
-86.51302365253287 1039.1218905969017
8869.27817719544 -2752.705438208127
8883.960293452361 -8034.284519280195
-460.2606743680226 -3269.2260500539396
-7206.623522019701 8099.715802762603
-7547.513954667851 -8051.366309403085
4212.949639988381 2516.521069054581
8345.253168744279 202.8028430518916
4754.652219933187 -5002.179935172461
-5751.8738475068185 372.3077868822729
7392.722409959213 7601.819324658682
-3119.690327051854 4046.7444866743117
5920.585247496085 -3898.0622952306994
5527.578404066093 -7311.555307730615
-9132.480090413505 -3337.7360413926226
882.9615043065878 6802.942158503938
7547.080045002735 -6378.036638095828
-756.6442672017201 -1336.2321408427742
6381.912461865795 3889.736703560353
2489.9258577174896 -1171.0059676714627
8247.28740824417 6203.332568662985
-6559.696478442678 -1496.634964582281
-1701.6924693119945 -611.973043598513
-6554.2433418473365 -5258.747190280304
-9406.586006245074 -7248.1145194983565
4516.649457310625 3552.07890713065
-7200.530886765317 -6115.464955226242
-8205.318876721674 -2838.738438772497
5361.355362215094 4380.06863950019
3850.533185391285 5996.139429236433
-7258.329811251374 2383.6281047341254
-1929.271992385562 3407.7413718893986
5683.777321554713 2365.0981336867717
-3692.3598587717324 1705.6674832573717
-7075.894251271992 -2847.7313094378287
2001.7731347566787 -8225.235658241443
-1622.7340204957527 5009.712655023619
4145.563117155043 -4641.329066929776
-4459.809270157271 5428.546743075065
-4256.875975611192 9036.73036747863
4709.178910769879 -8703.86182103634
4830.517580602427 1987.1598866600725
-9423.632456599285 -7756.265707575376
-5343.729438286257 5820.778722412773
7869.816507472897 -5776.108870612893
-3717.9652516753504 4086.0089403609145
-9075.951434255885 -6251.508117398752
-8351.571864608954 -8512.7469896346
9415.540106578981 1722.0433909544336
8061.259774068902 8425.1832297349
-3029.682461654981 -8566.149287019492
-3911.5041297275984 5158.850361392986
1948.4653506882405 8026.576479719875
2018.4771171863977 -8294.035144719228
-9566.982522845155 2637.593672684279
-6684.9428739191735 4539.074785846866
-9701.65141577329 3413.448681076721
-9084.509997439589 9201.793079856387
2205.8462087564476 7726.663584428974
5752.042653151066 -839.3748918904785
-1527.7015332995325 -4822.0015574350255
8538.477380453805 5524.35203478517
3979.0875799078513 -653.7795074717924
1647.6887917832846 -295.6627528443187
4637.935224413028 -2248.68784805053
9816.956935779239 -8344.474558992468
-1598.3953265668988 4125.975268641214
2452.4100632462287 29.308732202329338
-8594.380857517272 -5155.820262889439
4464.473532081052 -2614.1525371128546
7549.712497224722 -7765.577586984378
4851.2112374130065 -6445.169862037878
3675.3801062923067 1509.2618968187435
-7343.357019163437 -6699.928861816006
4468.5664630912615 -4828.399930126053
-1533.7326852260212 -9365.251801479491
-8685.834527129302 -987.9026836814337
-3737.8257533439973 1450.4827567460907
-2448.3193050527107 -2809.002100481748
5245.296060775063 8564.885731385835
-1070.9614716259894 401.56995150281
4142.494167535997 -1141.4183057191858
2524.2099498819953 -9258.756044953849
-8448.65934762173 -9135.857912348543
-9998.05146254397 9670.468460892676
-4964.397877917415 2985.758991140925
1795.6132149172427 -8681.813413107313
8969.601230895962 -2530.0993990763172
-2348.304449013088 2396.7523557752593
6539.776785707691 -6686.408350711157
-4052.6703662526534 -7881.99106940946
4846.925917449786 -7511.629225731946
-711.2790383116026 756.1624611437019
3712.7631527731137 8174.383702200033
-2878.9141306472056 3881.9855934637835
8579.595763769124 1140.480203933681
-2571.656453122886 796.7904068029402
5802.060029534994 972.5738620897537
-926.5310159528435 -9676.47658301561
4665.026860667014 -7456.043652928069
-6071.933227522106 -5133.7637523754465
-5378.059503800406 4937.638266026579
3662.376045234041 -5471.906602690673
8533.009026735475 9972.208810872446
9914.585889183796 -2918.0184016994026
-6907.179076416669 549.1139367697942
8530.981541979068 -3283.302720144856
6172.11726360859 -4769.354137166535
8666.115677541551 4735.595311639416
7458.6129798388865 4774.363880301926
5754.834267708573 8763.476357462729
3566.9063106268513 -1208.9526865164535
3715.6654356881354 -6478.589142329338
-8302.323552085481 6259.713459206991
6217.715664431684 -4141.898333327567
-3038.4711934121515 -7675.381916459866
-559.1133141227783 9480.280660685105
-2356.9997143373776 -4384.4217811923445
9481.882161645128 703.5607112543821
-34.610969455396116 5274.350418274889
-3593.8817436297722 5549.052362929418
-672.7599689341132 4936.215040386103
3918.3212701432476 -9360.026798008312
8516.464235674743 -7892.6837701493605
-1277.748020343508 -4393.621320419221
5068.230490835211 -4305.286628865306
6862.6348741842885 -6914.948015057352
9717.920002308096 1887.5152952256885
5690.050071076683 3905.4904655254322
-4189.396546024517 -846.1426379200548
-437.8111300330529 9681.844776423484
5563.634785823866 6809.907793936058
-5007.471958917636 -7215.4411853307665
-6760.866012066654 -1566.5188229444175
-3319.854574911147 4544.373920019021
7568.273347538354 -8663.74979217107
9702.041804798086 -3454.731191241458
6179.441631655951 6374.947260886844
-4877.995062999525 6991.799800084809
3317.521413073742 8573.365898278422
6367.691799037559 -5609.767326409591
8801.664827768425 -1656.6383657768074
-8049.71932935139 -5838.260716848722
954.1109645277938 -4465.529573961715
6448.677257010699 309.8645125556177
9142.746382093195 4108.165986959606
6152.938964775805 3893.3527517528437
2615.265051223767 3924.1789059491803
-1640.7783534882165 -7190.6569657109685
-8537.05900885012 7942.717210416486
4031.2159171293424 -6729.159808199168
2837.1806475128305 8087.819782991748
2390.695418279667 -7633.712724408597
952.1809867311586 -8916.507498909341
-7027.547472245564 3217.953192500685
-7057.822302649821 -3234.319019201297
-4223.438012296469 -490.22811459129116
4301.91655359976 -4310.467684724744
-6626.442726525672 -5465.833550823878
-2575.8577381513196 292.8132561520433
165.76966929804803 -8588.697946349997
4658.062546088468 -5557.24262979004
3480.7334733719545 5763.116075035552
-6652.119266339622 9885.012687264974
-1229.7840658437162 -121.62102803341986
-5529.326922968538 -5070.222515510963
-3088.9113859854715 8283.94697113891
8778.01914386575 -9348.388251265309
-4548.088968859088 -1358.7224505988506
-5244.031892806555 -7054.180636319645
-2378.2446053564854 -983.8229923649469
1253.0664623720259 -5024.297459906693
-6984.539959546876 -7176.338541423
-5713.659489806093 -6138.600680478557
2092.145088338393 -3871.281671623048
2320.2710001172636 7902.4143192741285
-7028.503490184115 8487.660960626097
7223.966201965195 6192.3654954483645
3484.963426411534 8143.671429600181
-853.1119309766 1175.8753154198366
4036.6851027832 5144.0405216770905
-7286.35910764142 -3486.066648350674
-2448.3914410386797 -8174.483023423993
9223.495607587207 -2434.5209648011787
-8364.07761390152 -881.9241423507046
4950.473349505957 -140.65997451994372
-4952.418254124375 -753.6603646240019
9174.969520553077 -7877.915409978551
5672.3616792756 -9338.227066396763
7238.05560530752 4743.7441516534855
-9576.470115822014 -582.3049744204436
3694.754099452035 2004.7705132643696
8830.882599663837 -7296.954276826748
8552.73596933953 -3046.005477133389
1557.5500789737507 4879.757498328416
5618.045679950199 1518.7723399527567
-7319.367432725228 4122.486297413981
6129.621389028627 -8755.109550013236
294.37700301622317 -1361.6352370573568
3149.520283431133 4005.227739345324
-6157.729113589621 -4551.656994495043
2585.9351723983764 5082.565696122054
-1442.917790931151 1840.590659002888
-4738.775856186583 -2776.649914859544
7485.526724127863 -139.65893829678862
-8902.651882427375 -6424.387861824342
-203.09400892815938 7579.4649283340805
1276.2565259232924 3865.6618533404835
422.71158635854226 7392.962344069365
7142.9199431890775 9734.576073290016
-9453.149190722348 -8781.5261830073
-4346.128663984053 3846.9076894111986
-8936.199557063152 5228.816186159744
-9665.736747545252 -799.5535469755359
-8155.341783531758 -7373.546641852986
3991.613966755118 7.275107506540735
8498.710628462744 -8027.280393662315
4844.563795752878 3582.762747265915
-4709.203040685997 -9286.483234455314
1260.1283709063464 -6129.453313290922
7972.403846124471 -1202.8802010221316
-8046.920155642594 -8452.033361900629
-6492.916851093991 -4341.375936833163
-1713.7439785399383 3097.80770374267
5018.434887975223 -4650.524902957287
-6779.256139659872 1798.625990695884
-238.43520611852728 9219.43344361196
7500.0464042438 -2722.662313532054
-4483.427750220803 3312.226783269736
7812.4924044705185 7084.146509759637
-3474.71481732532 8515.049782377806
3961.3121746337947 -6308.693301626876
-6059.884106951794 5505.982578808975
-7518.049999609273 -6616.390487630162
-2273.438568373107 -6327.702269355948
2681.3493694833633 -300.0965027337479
7058.539567558539 3426.5383750964647
-2265.9066560994543 -6598.651307438393
-5531.605377361615 4726.1492678502345
-1744.550899644244 -6616.477512142454
5361.076837493181 1106.3624650699257
-1318.4851298876565 -1484.1006089015991
-1025.3591564496528 -1835.07774117591
-2178.17634762369 -916.3721802472082
-533.1180502106345 -1808.831309498888
4109.919368879766 -1677.0603467205274
6530.566260462401 -1489.1190601639573
3362.5741598496224 -517.0702538149071
-6212.613076989277 122.20112242315554
-7731.529573914024 1912.8525649213661
183.41389604570577 5326.8636700201405
4362.327700339809 -9134.512428307535
-5293.518326012722 -1685.1428615377408
6900.618146021054 23.5295963917888
7968.600921720623 1039.5576966662193
6840.15861039572 -6802.62793110565
-4455.8600983529195 -1775.7259527505503
-7968.970746228845 -7790.95212789805
7427.182035374393 9970.052678322958
9770.43244444366 -8331.48981376354
5569.1188863871885 -1811.4976015685588
9024.244923372858 8164.835283882814
-2819.808376988287 3962.291671135308
4908.188125087563 -8663.666845060365
-4673.643926580562 6939.894257700187
4430.692646061754 -2650.0375248725395
325.49893490908835 -4999.950316771798
1034.683742328887 -8488.141583385643
-4455.312530805156 -7324.674437953368
2135.6785274500326 6047.170696741834
9422.797170304577 203.0604397110401
-1361.2613137184144 -8471.169198886599
-8109.487343506956 1575.8860500646806
-1673.0209736069337 6001.274710797632
7832.35280357836 9592.922208172837
6049.487587116375 4536.537729864896
2833.0348845476747 8666.653945359922
2796.667018041675 3776.559130661206
7173.138281129897 -7980.600398047697
-6963.823786387673 956.9398185008595
-7113.305069681979 8907.184864575578
-4907.216405752164 4973.790237156836
5665.977253127727 -362.2467458659885
2890.6250858511703 8246.727332686707
-1503.5708755712021 1403.3361514038224
9036.496891319875 -7552.5241843586
-2872.680044091895 -3672.2799089922773
9007.981863724006 -1395.0640266486735
8831.375453294793 4631.058343269029
4120.357421143894 2663.9931163978345
5379.284912744202 444.76790230346523
6981.3905019600315 1266.7418329548036
8752.649041243913 5562.772736876945
7303.285980261069 9341.209287585734
3841.578161262796 -2705.748741723879
-1773.7974453163115 1024.0667638192172
-3779.1820722988723 -9413.042032368729
-6282.085211211477 8510.223770888082
5070.92841040436 1719.0908318243964
6149.352212710546 9613.610572892514
-8591.299705764759 -8888.417996529792
-194.09681837625976 4139.851793686001
-9986.347535552692 -3808.393397014973
-9120.474924051718 1612.946201354036
-214.89413910766598 1741.9903981838997
7396.86444806277 -1535.5202109949714
-8263.016494460539 -5199.876423280032
-6426.258798968198 -8514.711209997899
-3564.844727395209 -6076.115328432094
2246.5118802386933 -3844.086781830644
-6595.217020243232 8520.978852209759
6315.978403245341 -6586.4220819239035
3882.7928935308137 -7057.9832883535
-4450.332965990087 -3520.1563959060577
5263.259886447298 -7833.447302115719
8623.463952452774 -9435.512358256292
681.121614706899 -8834.785858153873
1943.7396038092756 -7422.43893839613
-9597.668820109271 -1600.0458904681473
-3423.743977270963 5422.996318336793
3036.185970715833 -4571.623295543983
-7481.68508846222 2013.533619281192
-5941.765582955656 9206.976502172107
-4414.259497783537 7838.134865880074
6729.828743485636 -8557.9472081966
6346.469884908038 -2270.5166554811003
-3776.969616280694 215.95684425421496
-7182.330857741073 2420.542612775498
1607.243921654932 -6879.763376484867
9053.439965264544 -6454.419582729281
-7673.387951635388 -1743.8391115882769
-9714.634900627594 1932.4563907321917
-4105.151637600475 9716.99505228161
-8061.7345801218735 3349.3796507466704
-8243.147043557461 -2454.684262605082
4628.7190178842375 -1689.2455737873279
-7385.89141578764 8662.5637514367
-9835.95617992162 -1886.8700077253516
8983.509179398818 4896.92119109711
4594.597385462976 7963.683812729105
5356.931179451754 -3010.4700375918055
3532.4071764434393 9880.07390298579
7051.5116565016 9337.95738800551
2234.299273381279 -7018.108519867507
5688.257298463579 9239.724419017195
8357.855111770921 -3139.6306152819498
-1790.7359133661976 -3472.376385739897
-1166.3282801603054 4904.389678402817
-558.5244944548522 -5257.5438330301495
-6042.433413637156 8777.25378796988
-8562.420815000662 -6632.278229662334
-8408.479386748195 2680.0772331874723
-5827.71771731442 2154.707084066911
2272.3118705936013 -3395.921555991795
1644.8712930483998 -6804.681376513655
-7938.0629804266655 1465.4423751896466
5036.616849314227 4153.915796161118
-5865.901842858485 -4167.164211840004
294.2368154778924 -3051.692958549599
-7623.838941573819 -6100.928470102184
-8641.708621646749 -9826.027288228968
-9303.835303599903 -2585.1924296433035
-7771.958782329817 -9305.506667935204
259.6177262262554 -9506.408491114296
1151.9443198872032 75.0557213696502
3540.9589102986574 5513.95447885642
8455.644504461085 4914.83431152634
8859.739171473928 -9214.333640069892
5866.939253850238 -3362.073354871207
-8018.287204684555 6213.67830641052
9669.883764588674 5931.451672955867
-7599.796202897571 1884.6761681642547
-7382.159589689134 -226.6851541063097
-8926.747887005784 -3682.42465432832
257.94038037709106 -5128.957043278566
3677.2175728906604 6060.704280920505
6167.079083116214 -9662.982819122923
-1152.3439603802817 6384.810802005719
-2427.780423284753 -5445.678984526267
-5586.539070709964 4012.454735050511
-2074.5518150481694 -3558.666890744953
-3709.6036539041124 -2859.2645562984335
6226.861415222709 9702.104404607602
4485.325870613713 5455.72591234171
4236.040808706681 153.46159595655445
-1427.420408864864 -6596.624977200296
-7814.486261116666 -9151.319690700435
-8960.929893795057 3673.066523155041
1207.261549537492 7471.490102722932
1054.9188656051065 4666.407875080666
-3594.0103996940406 -2646.931153665386
-6488.488205548415 -4334.7605031320045
8360.535244207262 9468.592024928112
8579.058422129641 6479.268235979645
-7192.565238490442 -101.18502876785533
-4429.110536910654 -5454.886230228326
-1641.6597570357044 7496.064802386834
1561.8757906394458 1764.9890418410669
325.626755310881 7872.928335222332
9993.515320020779 5814.6174466214925
-4921.8170270788405 335.8299800247423
-2591.6100706244442 6216.416239849541
3822.040185920301 -7985.401634335769
-2508.157803244171 4165.368303176667
7298.15208407084 -3806.9783648151815
-9241.10550138855 6911.4156776200325
3612.2885829529932 -2275.687783974241
-4490.429002403546 -7556.3853411067485
-9740.335086414047 -2580.713913428265
1085.9494259569365 8287.699976423704
-1620.4146159233733 9423.994663378275
-2000.5717155973125 9420.105418326522
-7626.962145984233 -9142.57756914756
1156.8443370799614 4617.901376415428
-8761.170854903748 -8641.19718506768
-7800.769709761795 -1994.4832030221842
9331.503940851304 1697.9825005778457
4877.172534139127 3125.508272084706
-6283.041318058591 -4768.809619769568
3421.8646308604784 -9447.938168289382
-7100.697460449217 -6261.538273405163
-1968.8716492949852 6882.302900190072
7415.185776553579 -9942.121308139589
3874.814501015486 -7118.092043703193
6639.4660866233935 3935.7008397180125
434.16105203344887 -8372.087018984497
8118.740869337726 -5359.65181177638
6524.845150607929 -6316.979751443978
5846.930403991366 4142.127659656198
-6986.394886985432 -4347.890738220668
2119.7529302327985 -1960.5176741846944
-9976.512588515072 -9086.930512271112
3952.589815938054 7916.458458928275
8332.914529231188 6880.472342858582
9518.889245310114 -1555.0126796937056
5708.92957624227 -8147.985567091536
-7336.072984870941 5299.490086914357
8075.128891065764 -3695.945671840055
-5728.621155848097 -4169.789107802065
2699.9576151975944 8443.996716112626
8107.83845997931 -6554.396019095437
-3998.81319365115 -8106.342958827475
5743.048136139629 -1217.0116662771652
-7902.443625955915 -5430.836129702286
241.2839087485554 -3999.391370068517
-101.27710484971067 -7860.642138536693
1541.987265497819 -9096.864354503798
-3690.1964573095784 -3113.951395904919
7795.380127580163 9116.543555399476
1036.966773426595 3355.901495883334
6391.481564676011 7157.222678950315
-5484.320084351777 -4114.86778846544
6018.5708051327965 -3005.9275826217417
-5356.630330698637 9894.588292210683
6809.82378469385 -4418.757394210184
283.42132697341185 -1205.7864769860353
-515.5107162473141 4843.087863539038
9917.586178400485 -8597.718865211355
6362.63596860233 4721.808415326219
-7640.96615702822 -9023.791545441916
-2769.850730919994 2152.157070705147
3098.432480682244 6268.153930292858
-8746.670389303563 2206.50095656797
4640.603109104837 -2539.9911368048397
-7509.923597253234 -5842.573725341244
2099.4501643118183 5398.814303010291
1017.321493738049 -5166.010757853572
6354.018093201714 -8754.981536074569
-5707.983692905503 4401.614877303253
6228.696830008625 5462.415312125253
4085.637572114747 5574.554832523127
8445.735502053205 -9979.999672437483
3179.839288138204 -3726.274973584851
9508.393068450921 -4257.61044454676
2983.523634297766 7871.639676454142
-2791.788777030153 7936.853267887425
8329.267023903616 6420.083100981956
1110.0420667828512 -2258.5746104989203
-1070.3059305564839 2635.0422226111987
1153.6240242988333 -5920.054174056906
8322.044553608015 7917.351365323648
1420.6611225631514 1676.314905003901
-9398.162975532896 8316.394738391988
2151.5099688661903 -5728.3693266611135
2844.1884082413926 6098.121307611002
-2744.2665764147287 9004.293536828936
6834.006829397396 -542.4654191211939
6845.945440326057 -2145.4320066186547
7573.928088542056 -5080.276799311905
4734.519222896495 -4878.50158580069
-1988.474893414087 -5897.5942167549665
-632.1100651854813 -3908.522765366498
9524.973370051193 6766.8724905206145
-6666.657930985153 -8625.825282140584
-4070.983475804066 -4536.893169187595
1358.3224945763159 3822.9486269397676
5110.725386298625 -6421.219751391738
9632.480428986208 -9476.753727712721
-3122.795069119191 -1769.281245115555
-9682.206186190499 1023.9348975999073
8195.062032653172 2191.348740717711
4272.287665849435 4802.884556958768
7724.093596903691 -5078.471624522285
-7701.978812126132 -4100.450041630838
395.32234741254797 -8214.915734342345
-9365.835997370596 -9286.307486219339
-243.84365831101786 2649.2806720646204
9951.144908841197 -3839.2030618809804
903.1080447023232 6329.342803022711
8762.008947855353 -308.8628143142432
45.161335906735985 -4285.919671144123
-8047.719419897996 120.85873933497896
-1911.462564416668 -86.45684317486484
-6960.22352638004 -1210.151691434825
-4893.742810699049 -5601.4317619022895
-5189.015984144005 4252.562913461354
-9846.431727190607 -2144.03582297757
7140.75739786305 -9475.589217945102
6612.9414732352525 5361.999117387955
-6912.7405270894205 8847.658950652669
7100.020434297865 1480.7582126623238
-5235.7823306053715 6007.279913269069
3934.541736201725 -5977.1559126647935
-972.2680960718662 8418.523802255233
-8722.080697908232 9453.799911850689
-324.98582387949864 -9475.563816873851
3261.8278201619105 -5679.456975539317
-2362.387361558107 -1517.0741660370204
-1220.214761553747 -6432.001501049695
-6438.186950305051 5689.4115586043845
8086.386579047019 6247.034558980447
8204.078137699893 -4627.531458599196
8946.498509480109 -8131.29945816854
-4770.4626975299425 -2683.68919390483
-9200.618765446585 -3461.3157889690974
8286.692272738092 -9294.654432815983
-5749.640753427827 7009.800163711461
9641.669217001043 3152.449845412719
175.3191689914347 2919.237491893973
1190.4931128465978 7164.018665452353
7820.96956076915 2731.1925040890565
328.02791647787853 -388.7607810112786
4506.454711660397 7284.42665942348
-7062.628753436897 7218.46281891418
-9120.43529804622 -3651.81187163099
-6326.344566042053 -8354.06275099233
5153.453251705234 8218.849162544047
9751.364943694149 -8564.415955076784
7347.413672517163 -9856.486687164934
-1395.574102682811 -5095.104258394809
277.93772049793006 8235.74899722146
-7926.505736884861 8015.450072309948
-2106.07919335569 9552.526570553593
-9814.988107147454 4308.928026291474
3522.547501789537 -3869.6784580267995
6121.763438163283 194.94821717510786
-9309.955298356877 1032.271427482996
-9355.172756186901 8191.415484199566
7404.129769594689 9837.170562120686
-988.047100683727 3159.503635821655
-8867.329368214167 7504.992089080788
6347.577137548884 -7858.209749063898
6185.691374903356 -9817.460111997132
8454.827434750274 7103.475114253259
-2194.4505961739005 4266.735731973815
4220.029920171572 1693.0062243206685
-2007.2635034117666 921.9450290856821
3045.386169806805 8079.862913520221
-3057.562854467037 3251.6714882505257
-3844.350609968563 -2006.367066452448
-9060.3870378039 -4546.169343545947
-5840.222859328257 -6720.057596926241
-7341.944308072505 -1457.256848581732
4908.701163846752 5605.190509532165
3031.4929010263295 -4400.122721530004
5475.504974516687 -7616.541849578775
-4787.500135075393 -8980.712987310966
9994.464347197776 -3434.643114291198
-9392.385043478344 -7157.412338556511
-8869.4480817915 -8380.00109523431
-5425.279301202548 -4967.763225980226
-2888.827933000449 -142.332891830265
5091.409101014422 7410.766038298443
-1462.9573350117898 -7817.82124480908
-8449.300864750467 -5002.457076742775
-400.69699204273275 -9571.667244831475
2813.13351502757 5603.530640858426
-3134.926629763261 -368.7507775880622
3741.9483302202498 4798.427176708879
5453.856600326806 -3109.196717971565
-2329.3561708844245 743.4703635602909
-2787.6687175849283 -4064.2299021504177
8599.961927429675 7887.10131164093
8405.224315229403 -7941.298983230858
-8606.076256590311 8149.582070906887
-4524.867616157886 -9216.040532287461
-9157.769801477456 976.576209431274
6584.296122342355 -4552.254188960207
1178.9998560501335 9520.603379780438
-6063.501151962103 -6189.646730957405
6495.459435222347 9213.17925600757
-2712.582304541391 1887.3006246367368
9456.867480495468 7119.374001660784
2586.9026652140747 -5622.607717790722
831.6094898096653 5720.412029774405
1356.8265428893883 -4617.83745814412
5563.048345740735 -6851.151626514569
6193.298881767096 552.5712281463075
2462.381422068651 -6595.227764887506
-4307.810050228178 -7634.780379889694
-5926.589911321478 4710.377910046076
8132.077934599867 -6078.236148497486
857.7741723292693 -8085.839066193634
-2591.1254516166673 3481.605966678553
9571.872455948025 -265.0981510757665
7001.555906767331 1879.3591050345149
-445.65822828564524 -2360.495752110277
8158.566976257727 8044.97231477033
2615.6183525889537 -5722.342280708379
7029.633824399443 -5964.173362249474
2318.771052300439 9650.212225392785
-7872.125604876516 306.5028556473462
6663.443446530429 6567.0422099393145
8292.24497040868 -5616.660599436396
-5467.593847105074 -545.8996828095405
6230.528055749435 -8322.69948463078
732.8655954755686 -1801.7482037104273
7758.218205691617 5860.078277486258
7062.3476807540355 7472.401073818841
6008.813764335187 -1955.2331864578318
7551.615437248151 7862.318851581564
7176.1874492026545 8953.842532811199
-5115.254476624916 -5879.514599017186
-4240.139666853147 6323.60042979141
-8030.8588179206545 -1998.823076678429
8819.159959413431 985.5938135307806
7725.9174920243095 -1615.0767822036123
-3597.598920649594 -617.9595336766379
9393.746414703553 -220.62716266002462
5102.3808701048765 7713.553474126384
-5013.086463808177 1787.5080718850495
9599.642583987028 3483.9759991011524
-979.0142508973404 6763.05796944099
-6909.889353680885 3898.484986293819
-7782.848398841163 626.8673597529978
1653.8606924259548 7387.55669768466
