1900
-3150.00297651477 -3895.6180768841978
8763.574545646581 4359.575044951642
-4288.298922350533 4217.004158567654
-6505.353294215343 3603.3836267931456
-560.7832659835203 5145.1989152176975
114.93510084361333 -5868.8245970920925
6587.646014124039 -6928.878449306523
3383.805696826712 4621.3784948727625
-1160.6367568377918 3814.36563692054
5232.609236355645 -6068.4281575228715
-6914.146766311751 1687.2545401877633
2863.9529692790384 4397.914935848541
3158.69638843322 1316.8087060059916
3049.4846921055614 -5807.863656539105
9957.863941561536 8303.635082130982
-3186.171642875519 -1251.0964240997873
4135.652340122304 654.3746624706382
-4335.065573152215 -6594.709709176818
-970.2656517191208 4115.771393196479
-4371.211674624063 -5352.026136748032
-6801.0313812045715 -1145.1919022026032
-1430.93471767568 5742.70473069692
-8299.24237135551 -7629.217048913355
1619.978750881386 4024.478541796865
-6841.090900704361 4091.595579239298
5033.223931962439 1755.7731909062786
-4293.8980420011985 -9202.086769230009
6337.581758366643 -9785.908269952926
9045.222393640255 -1164.6916389725611
4432.389203784283 -2451.0140957821422
2158.9900088752147 -984.1470913393896
-8916.240221825468 -5047.383632145861
6607.447112141632 3177.061749736411
-734.9278068994045 -7183.170123308618
-6111.957018697065 -2442.5055805415477
7880.919172595251 -1196.3685290127305
-8006.79768748467 -2535.28288782678
-9363.647192375985 3134.837827890182
1085.4188711411534 -9847.259386986105
3160.924494862107 -7089.397742417144
-8879.92202258954 8392.4573570332
6969.6755016786665 -3104.585233341166
-4718.63805971918 5909.998081689773
-8559.11680549002 4964.075986960963
-7743.247047721628 7684.35100084131
-4286.968796986219 -7720.937303969158
-2339.20139351111 3036.972988201209
-8748.872786189333 7274.594472437482
328.9702341872853 -2487.457943078335
2805.144761630947 -5348.36704396821
2737.593587501442 741.4051798127894
581.0194846212271 -158.06059689486756
-3534.013536325482 1790.6765365768279
9667.302523724957 -221.77404711723284
3402.1031562662556 -9047.648584672344
-5891.796723302496 6311.345757548734
1303.1286394878316 7483.2050363939925
2486.4365289272646 -6755.630577502771
8357.63919292971 6502.656023945514
9476.927920238617 5707.300785572452
5556.077441504909 5071.174138010561
-6444.906175524144 1475.096317880665
7961.477761224654 7413.2241437608245
-5108.929805180853 7835.554155149672
-3617.497119886477 2315.1399847799967
-566.0835157910715 -5257.455025335731
9486.031706307014 -8080.269952474681
-4712.522096071026 5243.968512590562
-6953.318358880602 -9544.17414862101
5702.254120483642 7552.715012345812
7815.814594198484 3882.3803228061115
-644.740751385707 -367.16648005949537
-9597.28366896532 6993.147087018686
-6937.459711629843 6801.994621923164
2595.821599359151 -6780.642887405476
-5333.35086120027 5605.264123942667
-6288.018925569155 4184.23165580034
4564.049354815885 3094.0883761569094
-2153.049362766137 -8995.428832725107
3185.0660720070537 -351.6844916905884
-6689.575453943419 -2598.939898086952
-1288.3340228118595 5607.973581111291
5064.090391377467 5870.34618871824
-5584.001980380586 7235.43414253126
-7358.650027978657 -7511.652052192588
-1774.712212796314 5907.502831315785
-4187.50400119463 -6644.34397822866
-1533.6700926746798 5940.871567515329
8169.296179199329 -3737.701325620388
9215.487613200512 1083.2865986494653
-5161.912165140394 -5159.451756153341
6277.748298670651 7456.687036804418
4690.652191164791 -709.148963642232
-9458.936563647498 -8382.529611953456
9707.281793273087 7707.371684570204
9299.837507480668 6402.961332331961
-5443.380533964548 5096.0436465186285
-1885.906377902722 -5637.9559845844
-2008.0050036158937 -6630.564385260113
-4131.494718722331 8821.85219480077
-5675.84229819795 4919.12728744905
-6081.868864192555 -3978.705886396241
-1984.5642217813865 -5192.271879670625
6555.350046282143 -1753.8930178818082
-2649.467672165777 2189.0408809345117
-5494.846461082446 -2470.9603430274465
-5825.687810362472 256.3117150353446
-4246.399445445956 2232.6685094053482
5847.088432269922 -4165.11231683478
-1263.0985685443466 4711.260269312212
-7146.917081560559 -5322.969587374384
-8233.742641779383 7251.991323140719
-9092.118388057628 -3416.97430130889
-463.7747335643817 5624.756956649462
9945.870419489613 5664.14377938864
-7337.9472047556665 -5176.305620822266
-5971.215018877969 -4620.594545950785
9414.06470839729 -37.543033173402364
-3998.329570433175 -4580.477663046488
164.85697452632667 -3210.8184667001115
8632.70178264641 8077.776127540463
-5462.308064555355 -9084.000711836978
-9991.52874550031 -4560.979717184279
-1157.837610958577 -7388.156553910885
5116.5032847499515 5534.3825962549145
-2894.163648453432 -5113.783785632686
-2168.0810595650837 5550.65796168694
-7141.743385604899 -3404.521579752917
7935.323344317789 3249.789148972155
-9203.68012672376 9432.143762720709
-3675.853067784383 3945.234674363992
-2442.273996700331 7911.546815226455
-1760.1693390198452 9698.437375862937
-948.1706525379705 4849.180097990418
9118.39545286437 -160.002448287245
8144.90117446455 1325.8895537659555
582.1028012022107 -2513.4175227192636
-9030.555911944946 9767.021321826498
5125.05008499689 5415.9931899382555
-7275.122777380069 1515.5371371037
-2794.2684895520297 6479.218333789959
-5440.4476097448005 6157.995419228488
-4255.284003524107 8669.72613560897
1971.728835900194 8866.227017475547
-1564.2203327172083 -6963.377086267612
-7860.223350671429 -5853.577023222499
-8186.034811253596 -6180.252510660497
-7310.447795774806 9641.262748218738
2684.216566272493 4501.146430419236
7629.531256403381 -7990.371704559498
6299.368888825398 908.8014418899656
7531.947795429616 8412.3332071224
4586.458291042847 3074.8742722851766
510.84288245518655 1761.226681421931
-6244.551857949758 1242.152862574625
-1854.418603791879 5642.921886078091
-5215.364158955971 8228.7753461744
6221.054789571146 -4292.690995328024
2562.165604406513 -9697.277289343156
4003.4388357311236 8314.927075869411
-126.78505783686705 -8216.022159126924
7743.03926727454 4366.156014049175
957.5854820635705 4783.652154448688
4193.404487429811 6489.123088165408
-3977.4021956784964 4805.783498093111
8158.548624684328 -8857.90141863654
2881.3173153694843 -4621.072913824529
4427.785374304591 -6309.92038173344
-5203.673863159924 451.0533083131959
-1069.6799553941364 4144.157108355403
4644.385605106469 -8027.318317850604
6539.4111222672545 -5993.826586018454
4677.51315151207 1909.5871925762276
3678.571435850132 540.0796961048145
8441.132484596565 2867.8098650919055
-7270.074224581915 3795.310993311321
-3179.8709204274055 9580.123584103305
2217.5040369124126 3836.4047113323013
-6281.210077970909 -5305.492956560724
1835.9075292210837 886.9883806800935
8540.764803260703 6621.580129718848
4617.437731436859 -524.8238592280104
2420.344004795641 4639.369643366494
-121.56834957943101 -828.6840078787791
3066.500959384097 7020.168726516076
-9941.788035066718 -862.0678473274093
9116.31065386871 1635.677639584601
-7838.292575744197 -8534.372066364891
9054.501304129088 -4687.0017838580625
-9760.536230953787 9147.595107593475
-7958.941417956727 -1844.5205949920855
9186.411997409108 8549.310250626433
8398.96499809507 -7891.197726532529
2113.4239784813053 3358.886268773502
6049.293032624488 -755.8868249454263
3643.346443814582 7257.458600952683
5841.053769575456 4546.4074511504095
-294.1590882851433 5927.892411157989
3508.3329831369865 437.781317433024
753.0397529834172 5524.006595013878
-1102.5763023188993 5831.571913310283
-209.3335088845579 -5648.593463719707
-5858.195559652681 -8795.190531996292
9216.924428845221 7264.937808612813
-8377.016019172434 -7007.180792445648
1184.1303158692244 -1833.332343090774
-159.6274726030897 5551.208660719507
5045.708057656844 4992.211536144878
723.512879216998 -3003.112375203369
2423.8186329327855 -6297.86964767937
5455.144675091959 6431.172661245793
5530.570344430967 -6950.972938235917
7533.749173522483 4364.429479886356
7598.389232834743 269.8793723495837
-8410.642067607163 -4396.870920701454
-4377.1955369936495 9357.049810561788
-5623.413800838173 -5573.427035127305
-4906.451098695259 8190.32341834862
403.9873275093614 5571.975426220053
-6012.466737706801 8566.226690602241
8818.998570285927 1362.9834411194606
9019.913277680229 -5960.211703408384
-9547.106191925825 -4741.882350250655
-9002.880975195972 -5502.187055229934
4340.318371067484 -4837.959154589813
-1911.6243979420287 3511.6344825404376
1563.1381119761409 -3966.0569424349787
-4070.100742845615 4771.237674262236
-9071.508624549975 643.762774688279
-8301.38760222068 7281.525997036511
-4223.914495174692 -231.64992105926285
-4360.131450251692 5505.432587853849
-5880.061433395072 -1313.903667928038
8006.348547902777 267.4742917298936
5364.926394526841 5519.957984405939
-8037.069210305732 -1014.752586520086
5998.641447315802 -1204.797214640912
-6264.994509083963 -324.7158061803384
3944.2382059703014 6519.62452618176
-9874.648252055564 -7816.420046470434
-3329.913603684103 -2839.6360678856354
497.361103817173 2220.0212860813863
1687.2148674162 4082.8950663194937
-4579.9676986104805 -970.1586108256924
-274.3153753530005 -665.8700987826542
7392.843060666168 5914.135073824549
-9333.816519866663 93.00713199801794
416.2279895652482 -5684.6123536527475
-9786.705804619643 -8321.661969978199
4646.083191655194 6812.852099349246
-8667.959963701544 4695.079180314033
9968.343362341424 2126.5375777066783
-1370.5257791752556 -9283.37462177455
-1947.6449221662915 6107.472908510152
-3851.7731140443766 842.1022966150722
-3710.580185296155 6695.80176965502
9449.090697016516 4534.060196263863
-1004.4768484052474 7957.194629549347
-8605.127357824029 -7666.632367977372
1354.951176452898 -1438.0490756147065
-2292.0999336968143 5364.516846478549
9804.123302884404 -6549.919597181035
3158.726314923477 6985.947559137323
8902.640835545913 -6070.44954275324
2153.7363753146674 -2493.578865999247
-788.7912253296199 1083.8091934725617
-1475.493786244122 -8420.140969763255
-6706.265486104546 -9881.423896701413
-1518.0693476687738 9707.48980054287
7683.575238155692 9156.821712316578
-2016.710103563264 217.53501457325547
-2498.4502240802913 4994.74805119106
1170.5768974480561 6159.087412748728
7385.999576331349 460.49403974980305
73.57002492443826 2738.225197513437
-2507.1724030280793 -6728.799664605942
7431.28448541644 -4759.1709823453375
6546.110885714013 -5337.039510564914
4270.601958779396 4827.956437486473
-4732.470096834278 -2427.8860847960295
1791.0261591550461 156.0525419706246
-7014.478182636674 -1224.7864186590832
3139.666606350691 -3534.3292637839904
7822.711836990427 -2851.061632812535
4820.721860846084 598.7823041874999
-3417.154229429515 -8909.898680307402
-231.1260832514472 -9653.826248599766
4306.089530989188 2139.8245100171916
-5473.828696099757 -407.184784187848
-4565.775664977418 -1015.1460331926119
-8502.866039768945 -3079.4867535575677
8624.930504766427 6262.89631562487
-6083.034451072933 -5356.451194437901
-4523.01412452575 -4022.242322867298
5952.917552744309 7694.414694943891
9775.892384980616 -4166.01453129181
3269.005537167528 -2656.820486422469
-1657.9315535837486 8429.604053217907
419.43381927936207 3425.3959677588246
7161.431550159155 -2000.545902703714
596.2436884223462 -9430.106183250331
-2799.176688587404 7280.54326974001
541.8476948663993 8859.193237706379
3158.4108272585327 -3925.2699205084627
-1152.715883475028 -2578.3183246955878
5371.8324036074355 5212.958353419706
-607.835093118958 646.1151123561831
204.5303750038929 4879.17940601117
-6657.541387525925 1025.3890502874528
7453.357641201019 4630.991692215033
2907.405500332394 77.9545967851409
4668.203877385433 3957.943430913445
-2032.993651317698 -638.3561005270421
7747.04992096635 6847.348067151805
-7283.301632809174 7286.082602244427
4767.505523450287 -8418.637639111881
-6364.0179459517185 4246.274934539424
-4261.455206685822 -2132.0041075535864
2372.9099438097182 -1458.6526127720572
-5196.180417477938 7412.611474391415
-2453.479833726171 -1391.1515426734968
-6599.432871451758 -8834.60412533665
8004.443858835875 -6703.592925851623
2975.808067208731 -3265.8227675419485
6733.072409564385 -8791.048054252122
-5915.8316494486 -7169.1219684949265
-597.1688968378203 2611.1167968913815
5039.325164087137 -5876.206337005492
-5558.7446061571 -7069.1581904413715
7763.727935276096 -503.2041660583818
2561.733646237277 -4398.399248302103
-8921.092217495258 9470.468415560237
2835.9198721623907 3797.0924802140344
-7598.664253265983 4419.080349428639
9682.99254417996 5553.627279378101
-2343.5411685536155 4221.221699661621
559.0801895982913 4841.859039611798
-3803.8147312693145 -7889.181469438759
-2334.6617513933525 2340.9159102024587
2602.7568962432942 -9250.838307887483
-1346.6845887057516 -6015.616451591093
484.6019046320307 6917.4834442955
1091.396098770574 2789.0053773210493
4717.40907408382 -7266.476052177042
3366.2808119540896 -9956.623200773713
-1943.6676199048316 5924.4392449805255
-9271.397231229876 -4374.701135930397
-4357.119210885252 9442.299740674345
9351.94315160453 -5967.113269042284
6652.715099713678 -8412.65235674828
-6440.329622284753 2655.914447932186
-3821.782591058347 -8191.926134703064
1784.1708203292 1880.2910409490541
2412.3650921018343 4476.095842807368
-4641.790882773828 2809.975036923959
-5701.906281508628 3187.704724023375
898.3016645300722 7707.03134074033
3029.989371054564 1522.8811907811687
-8174.8523626492515 -9308.054653426852
7142.80652007987 2696.4629084973876
7476.318534335569 1812.717600451624
-4606.034397750515 -9834.93419178968
-698.4351235046943 6282.657812857848
-5755.1590977810265 -5992.737558684155
-7208.753426973615 -7496.773961041818
7468.302436325219 -6226.566682932178
1073.564082793433 -2570.359199270327
-5742.3654642865 7505.6001421252295
1526.4086955975745 5903.417863831157
9184.611864604976 8756.472702276056
-9715.184621505401 1767.380125732183
2452.1626419669064 8690.835644423074
1185.158790757563 2895.0994849920644
-7890.284614433374 -1268.6903467470984
-4527.615945259651 -291.86217182943983
-8753.027686616297 -9285.565468968935
-3493.281486341748 -2679.1464567917747
2654.511507107616 -3848.084063162889
-258.51876988881304 -4856.048084228495
1037.2859995660747 -6054.20227324111
-7596.25966709935 4594.364208597981
8589.72324346217 6785.216103062921
9594.750036998375 5500.441461324601
-6411.193137493418 456.30512965514936
-6062.771787460095 -5142.139423156711
3634.1631155970463 -2574.275689195225
-5568.2785640136335 7783.0453906041475
5261.840599067871 -3687.803827670433
-3155.5681128884025 9827.305939615195
-118.87596785786081 -7760.674044597784
2734.058931776186 -7743.682888111509
2331.3707552880624 -433.0863443849157
7135.350133716678 7465.952435573119
2828.5384770653272 8126.83882243673
5952.22107542903 396.9004911552638
5668.699895628562 -3156.463026678828
-6726.5429379639845 3626.896756058777
8778.516914345291 4497.9721750609115
6109.162367564937 8760.81304955982
-2949.7056032389946 -3602.0756351756036
-543.7133226997375 4805.2464280678105
9371.895467887953 7846.313879691796
8136.703682470004 5405.660248147555
4359.445676044936 -9446.80298022992
-6488.508325763016 -8859.463032020194
-6976.575798469009 -3484.0355754964958
2960.1905925727424 -9491.59400865061
7946.383985165179 5396.185416689206
7924.009779869808 -6189.984759917355
-1976.791078953177 -3949.5501273179643
-7652.930329838155 -2180.6733585219117
-4587.539589698832 626.4595439334644
-2490.043565587832 -4046.5833526150454
-2929.9602398606094 514.5318598193244
-8464.99632099668 -1407.2300495155214
-2915.9729001789556 7448.579626998337
2252.870422607857 -8730.136441306935
-1997.7678616678277 179.5465283977137
-9344.843224189457 -5364.654543866867
-558.358357325933 -2601.824549419627
8817.938844353153 -572.493510029828
-9508.4013994068 962.8906577536218
966.2660148652467 -7887.82673771377
-1229.782875187755 -7.5029910852881585
9259.826397825036 2426.532016687075
-6533.817657999101 6012.28464729738
-3084.868681175759 -7248.187166928006
2295.744233849551 -7903.951701970762
439.73312877605895 -8943.828994877265
3027.3755466564908 -5174.563875192377
-9960.852787444323 4090.4988696379824
9074.210664579954 6891.93461549767
-7332.69780804668 -4413.680334570127
5627.04753269393 295.7286221708291
-4273.501798761594 -4603.690673467253
7898.344940620696 -4650.451258615333
1083.0123581265652 -165.5913464483565
6270.306875674416 9074.559835442436
-1150.352800955654 -9086.110790850951
-5512.1965026973085 -1920.7812336270135
-1703.332277025509 2748.139728350323
6509.524141344133 -4359.042363109593
9287.739336672232 -2929.6428535769173
-4771.566345495846 -9535.553929990281
-8202.378711534708 -3355.283600651055
-8004.761941062224 5469.092842468073
3353.5459346927055 5283.0170391184365
9726.233559723518 8962.353681864137
-5347.653189868571 -3752.805223030624
-5650.425998819291 7684.32092569063
-7859.42351559725 -2990.496284959858
9441.630554216812 -8537.026918500598
3004.994835816642 -2341.4226646225343
-2872.205527071538 2598.371830373708
2805.9788037894614 2680.9814642404854
-5330.288291517362 9597.996077549975
-1103.4528197164454 -8585.721965007066
633.6106236079868 -5485.68365208187
3804.8589355914683 -8840.970399031612
-2867.9760433936744 -4110.389267901358
1918.2029300392314 -1246.4231045853594
5353.879104759399 5191.932830959207
-9908.362472209097 -8643.172184052126
445.57236034002744 -6369.946217902147
-1785.3827736871135 5250.7006614575985
-1221.691927563832 8364.097195635084
9304.076200675183 -7334.719318856107
-4265.3605541400275 2382.499269087346
352.6183209507926 -9053.85964851662
-4630.203791272332 -9305.172416115329
-5054.405931931369 -4175.307270503486
-5348.946899003653 -3006.091174592969
-3428.971823523819 1118.8439698479688
4451.0352676845905 9569.599634483908
-2418.503855044234 -9117.372041647908
7068.527615004761 3010.4736099582824
-7072.788043932447 6839.898599915825
5772.995102527924 3108.5665654515433
-9935.249054568256 3878.575758896868
-4283.301654870997 -3613.7345559027963
-3144.0199644245713 9448.335242081022
-2469.0829399379563 -7206.700132478447
7806.926039191527 -1103.951373340251
5020.48278766267 375.7269917013946
-4343.529285448358 8089.6764246970415
6593.445278997042 4097.68585439466
-9890.081576541654 7122.734698471017
6410.386004562042 -2499.3744624604424
8422.633235097637 -5542.149435375388
-4289.483735328745 -4486.407471638438
-6425.897961380158 -440.6649096963756
7369.381246166791 -517.9061995138527
-5067.057883273487 3881.106665355781
7465.632253565509 -8638.06022816381
-6401.487553839768 5017.705058070369
-3518.0164279307764 3028.3851669310316
-9985.035944826992 -3107.4596345866003
9738.145445622671 -1220.2044809697745
-5011.298124995454 48.92821074554013
1751.1498438861727 4368.9639497057415
-3099.5971200834656 -9574.129561586098
-7558.82182927089 -5725.881449656598
-2312.1190704269675 2441.946821197793
4448.623637032209 -9574.439408926319
-1913.752158335038 2777.0819728988827
-9699.200042104372 -9767.218260428252
8646.980612696563 4933.37433485906
-4235.646472134882 9510.81584237294
7217.652661715234 1472.5611772202847
-8557.907913075916 -3216.509712967808
-4150.747106157879 -9230.886133325728
8520.60851870873 9445.134451127564
-9491.835793060818 8184.356067989738
-3452.280750007286 -608.7689961201522
5505.035876207008 -2241.591064531661
1216.4138417176164 -4017.6197141687053
-8787.066264259722 -166.82736081918483
-1645.3600539722338 -2415.1317762023036
8432.315055164265 2460.9506732099926
-3332.061496318992 9435.03119404551
-4329.471464351586 -9980.25133198982
-3745.429682088841 -4796.486086326866
6638.694055630964 1147.665225111492
2510.4484249988127 2389.4247789573255
4428.974364701011 -74.78539432521029
5763.84125103047 -2446.696496316472
-3879.588443751707 9175.81168751996
5827.465326612233 6401.714433120775
-3028.350949525018 -7178.9221023817245
7628.256141651982 -4134.807955604967
6894.022407305041 5419.005805877436
-827.2620834470927 565.1654734226613
3558.657211883028 -8670.549238771937
6328.592282866979 4444.402658331659
6276.368772445723 -6607.192620702412
250.67014925297372 -160.58824092281066
2699.3075006800154 1574.1456956958427
-7247.647170442904 902.1512813503778
-3571.531311173466 -4283.51832334696
-7479.184953568991 6032.303083725812
7771.315324247222 -6636.734840557752
-9202.587262836161 4860.269677501272
2178.945342562951 3551.5747478721532
-1007.9326211979296 9324.962382341913
-8697.633993343157 -9456.085988824927
-7326.832427141004 -4480.644359908317
-9857.377781042003 7657.914574466991
6472.181429808628 -6769.3159129019205
429.64898162075406 -9330.350323912202
-7335.181389876965 -6518.926892308546
5149.908467436286 2707.6727275848916
2538.2320904478347 878.2916298142154
2052.9993154304702 -1878.6922770239235
-5873.577672173788 -2784.7729155152992
-4997.397826129797 1498.106077197508
-7506.350470294623 5510.5867662488145
1197.26952145603 -178.182335232661
9468.317310228562 9562.239222949003
-428.26724902042224 703.603534965081
8577.453587286902 -6911.49142915994
1099.5493378592928 -2314.3600372813953
-2095.4336452516345 -5338.349998651192
5253.070884549215 4807.668550260632
8691.306659263024 9891.6325419848
-1463.1297118307066 -3056.5545457229755
-9273.968596724824 -9302.730967312844
-9204.073200889216 -144.54466165392478
6910.015246632454 -6994.3692042940065
-7089.991326938425 -5517.334646362433
-1135.2917739706918 8849.602268823124
-4479.130397829767 -6332.513867082128
3041.1056429419023 6587.32185064572
-7400.980806370782 -3655.4653158798737
2514.9451792664877 -6153.820128426663
5941.981765104651 4155.177127769022
3499.0951392820316 -8202.067974684429
7106.12462640482 -1481.7446457504884
7577.174902980478 6500.408597121666
1809.2840330071613 2378.7948863553775
-9239.91622423662 3295.195311413823
-1498.422193821345 -9827.097220258142
-1310.2231275969916 -6370.425299270266
7586.9482488708345 1988.4704369781775
3662.2971074998477 -9825.08372266135
-9311.866295163949 3467.7018162461263
3614.7004145119936 -4257.37804686966
382.9293610766945 -8311.107316640755
-4181.801095272491 4252.620332509296
-0.25467093815314 -918.7036479209892
8742.475491078854 7888.331818677729
-9654.365155365125 -7631.688224412214
4403.801423865836 3575.916651682577
-4349.884586317936 1600.6411570225882
-9517.770316404985 -5945.47274260702
-5456.735555728307 5532.470941971393
6590.798874671524 4058.2009210972556
3546.7270212222265 3910.1312467146963
-7697.657593101246 508.92556185066314
-9658.564659432137 4684.097575781805
5887.146206862388 -2875.6817117495693
-8014.024363279084 4721.608534572259
2187.3576180630444 -1527.728623200106
-705.2709254922538 6288.574014578959
-4348.288625441006 -3741.1840876872775
2745.030487737926 8385.856113394351
-9723.219764087267 -8485.634671312144
-2432.2239232971788 1966.415080813622
-7951.373072788295 347.40803018373845
-3913.9491921604777 1126.2138291091396
-8548.613670583216 8063.619561990567
-6098.493164919648 -1446.819877038908
-6293.040600393957 6702.278017811415
3188.3801541401517 2834.94113503074
2632.662902592394 4420.764997250526
1140.1940409623257 -2332.5627618452627
-9648.670944863354 -8338.153528747103
4524.341963985704 -1427.0571413149119
9561.011059456985 8667.332816040867
-7665.087487848601 -8572.58766704498
7669.101882209743 1655.6215914617405
-2305.7335350965523 -1086.505550604672
2818.332996024883 859.5351367673302
-2560.963684434206 -4043.0561675333547
679.7773082560798 2624.7684968714293
3236.3695897063462 3270.5842758367016
7860.628407245997 9898.174688096617
1611.405401469483 9321.36869089373
-7127.8000612864025 689.012704678702
1927.1108816330216 5352.498961927095
-1173.7740287102733 -7534.800347762686
-8857.216891009411 5533.966027175249
3375.216848310796 -8049.493790742073
2087.6553627477715 4881.28169822696
-9114.727630172376 4417.54019038458
-1978.774022873362 1273.581505593269
9427.40798695201 4325.28495866682
412.06202914524874 -5281.321360632931
-9103.886999620176 28.83909726438651
-847.9992190137018 -3045.9413640154053
-3588.485047174124 -707.0641241265366
4832.82826752089 -2460.789075729901
-8865.827316724308 -530.2879459927371
-8752.340352358206 -1213.899141493559
-7280.811010484336 6455.102672699741
-7060.587590383138 -8809.014209443287
-4141.0215830908555 9917.156631809881
7403.915472910601 -6527.806581192668
-8288.309834744752 8793.45471258731
4465.357311605365 6884.880594611885
-4515.060214591968 -9316.262083977792
6376.924172103883 -7824.798104991896
8042.155759888825 1517.7444448908245
-8640.354331419148 9352.717232015606
8121.512532109151 -2242.827861707242
-9422.385653067486 5401.281597750629
605.066092387824 -7605.423078253455
-6042.093774067227 -6884.940571290756
-6751.625835008273 8140.93812356058
-6201.318816590587 -4562.283060106678
-621.4647977853456 -3552.483824837007
-3230.8979551947605 -6000.748559317015
7291.234574263526 9386.538386561417
4689.869516719769 -2013.6820064347312
-1574.9526841821953 2919.1577768345905
2393.316556148082 48.328099358199324
-4136.0976673862115 4708.034171207
-3002.8244561151587 9632.996460401904
2316.2627862575573 -2614.214049174315
7086.274670041828 -9038.584514491758
2442.241728267696 9069.484165120299
2581.5886929239314 2794.1519979643763
-1752.4737908357365 6915.244412614258
6486.212737650156 206.25619220502267
-1764.3655041659385 -3364.0964169064328
8232.997913933737 -5219.511703055117
-8892.306302494144 1158.6463081885086
5018.72822498294 -1055.5279478643934
3021.579357929946 4978.38035529773
2294.89120235866 2618.8837426840455
3769.908293076225 7266.546019186255
7495.234369717669 5910.202611112827
-8290.950249926746 6423.959898603487
2115.470682720379 272.9484235663913
9868.947798750192 1520.198952828434
-3579.3587074692687 -7617.266137747998
6396.23762642057 1940.934759807922
-1659.1925562797824 -97.11736593477326
-8669.232398082675 5568.53491385728
3525.892261453413 -3606.254461140308
-1311.6940459845573 -2049.8423873272804
-2934.3372256805787 3805.2726583164986
-2080.1281371513096 161.46774996334898
9040.977623785478 5309.804742540015
-7959.223846003268 -8546.99340400124
5857.6034189779275 -1326.5641472509105
-8929.876431531782 -5729.830598890593
7224.050484721087 -9069.270712818656
-1105.8252634401415 -6133.377184252251
-5329.973674214157 8818.955433011088
-735.3661711714904 -7515.0676146601645
1662.2772270444711 6244.442127829538
-7634.432078681985 8957.051531633053
7659.732575608781 9995.015940638204
-2769.6553579468855 8581.24274200749
-1139.9678010995249 -2021.0539334366122
-2737.3997057824663 5260.906404155534
6924.659856505194 -9537.82691081863
6212.935819290275 -1855.3073195869092
-6369.921246294288 -5907.95378614545
-9814.326405776541 8386.186385355606
-5822.589957707019 -9062.821647028823
-2402.3224029908197 8145.355997870367
4803.350588565483 -9660.56505659871
3483.8833200572135 3582.8653743153827
1370.1939055105613 65.48916701563576
7141.8567969631 6352.251491878482
4772.961111135755 5061.77620664982
-7169.661925668475 3973.88407167052
6286.812387314276 7058.080481848894
-7915.600299721837 -1521.4821225501837
-8611.932850740788 -3668.591733670645
-6817.507998648442 4837.167283409466
-5882.692369571793 -1866.8083289287488
8398.31696279475 5947.928563518506
-4286.7880979060155 599.2872610882641
-7106.8887873861495 9329.289700720423
-8969.096355276835 8403.628260688449
-9548.402834612663 2173.3672662803874
4168.770615843523 -3017.1948853161703
737.4966586565515 -3958.5801863369843
762.8631060183307 5850.247262584076
342.17000505302894 -9762.105845505754
-1431.87567015901 6335.096006174341
5622.597305302859 3778.1624522276034
230.8850750655347 9022.246326291232
-827.4302561918794 9869.021865467308
2567.186815224364 -763.532850259824
-6256.372420710765 -6050.073516684617
-4803.330607748406 5104.887130524905
-2470.0820159680134 6596.832129836133
8041.91258515311 -7951.430856336095
-7046.17512152875 -4030.5560313449514
1988.270597827719 -4.72662234708514
7436.857430378892 986.553386947191
-90.59441462712311 -4828.059704008411
-887.038739389749 6043.065375038221
6298.870262445289 -2973.187230514438
3039.05227963001 836.2258076114376
2908.2580832068634 2647.538845300747
4180.245254945326 -5252.548967586678
-4922.41314748332 5982.982880526941
2294.893604128705 4230.08349376878
-1146.258401045514 -2757.0981945660633
-9182.771046364951 3782.294905114233
2527.956634540429 9041.030754103009
6933.0195587185335 6338.267903873013
7883.4780566714435 -9836.459074643635
3266.3540920992527 -2710.3088139913625
-3770.3013665666485 -4713.771627316548
2943.286541652875 7853.510171148413
-7790.787150699741 -469.7877421777448
9270.752424356993 -1869.2167938905668
-5600.596145468621 437.3095064756999
8866.812315266485 7955.397704633189
5890.31874018342 -3237.3210822832425
-7199.061874295578 4510.306808561882
-9694.241642965304 -6576.285885078263
4150.7175311231185 9692.855140568736
-855.3508333156751 -4989.4088442056845
2354.002015399128 7339.663656236342
4854.935471175762 -3544.7370260446705
-5166.814675674953 -9324.537962404365
-9287.625214668595 -1227.8857934720854
4590.948162915247 -6270.857864731119
-6638.218500964647 -9775.109657221888
-1175.5260846395377 -3035.7636597658975
6788.421377175768 -1159.0798618252156
-1922.2174785756833 6999.914618257131
-2477.589329235974 885.0577900469762
-1950.504225301508 3052.501384749801
-9960.86613693063 1722.1796772025264
6895.994599101039 -1393.565141070325
-1396.1515517162152 -9561.525837989453
9717.599629612374 5827.469495196288
7218.799597726938 7658.168894076771
-1111.9580390795345 -7640.137655154529
-7133.664777062992 -2816.2520582688912
-6014.830684524701 5403.160986816289
8901.644516407698 -3595.8796849449427
-1696.5281339766934 6343.134250697718
-4766.073332063221 -2143.4046571980534
276.67500595143247 -9284.711504650808
-155.06484593149253 4894.946609021406
7611.305777558315 2908.3146499992454
2229.002345050887 8107.231131754605
-470.20843061529376 -7231.273507491713
3498.810094602546 5943.4546420890565
-1755.696980326613 2146.843862898102
-9813.67625624321 2954.5656715775913
-5369.7808612269955 -6571.803944813299
9178.463886237048 2110.6802841799235
-4959.26159172728 -776.6873194828422
9762.25171317211 3857.832647343648
6301.822579781319 2642.785791736862
-4585.691082144794 -6111.033024285292
4149.3132594554645 -9036.611931143292
2754.7604416844188 4046.275585727066
-3282.2811652945556 1994.9370557315033
7995.741421559669 6338.414117285443
-837.1747854783407 2086.511665386868
-7750.138926171295 8747.512712024993
-1902.0617854287439 -2535.4846063676932
-3775.8627547457227 3317.319333525733
5246.225971215717 6474.004078867998
2110.072864394393 -8044.786528129357
-1440.7189823110039 9298.596505785797
-4109.302548914604 3447.2387368994787
6024.684164454522 3863.186619771177
6820.555406345116 -3623.299550200576
2482.997185975353 -8122.409991722885
-7505.222122818595 -3046.7070320863595
2997.2865095239777 -2641.8389285707635
-2291.464786826873 8201.113439123052
7665.912910560091 1468.324059654853
3218.317205102001 7520.341200324918
2241.9987723278045 2147.8607684180333
-3448.3534002291226 3328.751034400346
6520.629960839131 -5245.27945244309
1171.9957332849935 8305.650142787781
8177.507907755058 822.0015223579157
-7409.186861104097 6702.223073692705
3590.4226915721065 6036.681366053115
-9571.251809412717 6248.682162664745
9147.579000690755 5675.561605877592
3963.296342834059 -8619.970847118628
6644.4556709656135 -4012.1861603931256
5360.254892592304 -6181.373863820809
4593.542539283233 -6607.59184094058
9571.535314139848 8993.200562547969
-6381.049688392662 9862.617761622529
-7207.966766323872 -7659.701124078014
8580.545207957744 2498.7008682360174
2403.402077907933 8225.616846381934
2669.923000157418 8043.760464352952
492.76320523601134 -3960.9594091194485
9443.181368917667 8976.696688956628
319.49708451263723 2958.63537469758
-2396.8806176281496 -3179.933588552395
513.4628235975506 -9054.770601219025
-9683.862325435195 429.57796933117424
-4676.888169556306 -3279.3535268710357
5946.774898956626 -7714.156591421182
892.1422406210168 7799.039090969971
315.47259894006675 -5812.067039023128
7328.482937163451 -4917.8079469496015
-8067.184052973901 -4747.830013724419
4239.562106277772 -6903.933191245058
-8863.84873932452 9748.51152081021
-6557.039685722965 2637.2589426863087
-8347.858849604161 60.77603418056242
-3278.279961165811 7414.455874510219
-1168.5276242683867 -9064.12260868309
8778.718366300647 6211.383226330574
2649.591898077102 5191.128574872706
-4045.308483027965 5164.134625014927
-4460.004357529195 -1822.4068754238451
-190.3678757385478 -9062.81382162947
5224.252379261154 -1448.6367498670752
-8672.550503482451 -5101.195612054046
925.613698909252 -3716.4509461062953
-3711.0555698064118 837.9633473862577
-2299.3074045026196 -4656.327337262769
-4731.715851274991 4331.289253352801
8096.377401733178 8120.068653029906
-7256.65051696915 559.959744984093
-7063.216597517488 -8605.213366774817
8970.455218425639 -807.1098312306494
3767.706795004813 9569.419121235762
-4440.882467143954 -106.05073263208214
8333.711218268021 -157.8371837031027
-8907.303538163267 -9922.65367596541
7435.613654478802 6165.340907631611
-3324.114415027235 7726.744300761409
6613.815042803712 4066.516328787324
2950.1985528657533 6410.051867906917
-674.442008323309 -3204.7694734287743
-96.26333441463976 7063.266602695021
9631.866720102025 4761.312347300556
8711.693941017773 1683.1325616718204
-8117.436639441098 -5140.398446603229
-9120.799591831668 7759.793936376795
-7514.571140141553 4029.8466021626227
-5881.725926945427 -902.9765917181903
4568.2185663482505 2279.4380356598012
6675.790508765134 -1390.9806383863724
-9810.093865593959 -5599.462721259274
-7760.444542032026 -8250.83815399363
6730.1877881237415 -3257.915866311514
6084.706593891206 5417.536616420764
-5816.078761404257 5651.057574124043
9782.828414682826 -3489.5745248097446
-1690.1437322960628 -2423.724864132122
6581.334377709471 6716.3865556352575
930.635549817147 7331.928098877404
-7529.19427288973 5729.938890875908
3153.7352155662866 646.9469569909106
-1006.8469742983452 3745.281805961429
-119.35586337634231 9880.200905060286
-6996.396593161054 5908.877248783783
-5305.747658736275 -2339.5515124551384
-4115.309394950573 6351.141176496982
-6937.930823509683 -7786.149097044614
-9879.429062903573 -2516.116164162596
-1234.449085973194 270.774083746579
-5324.858841691364 1441.5532193420113
3563.4711493668856 8697.511067059218
-7722.395162603768 -5139.262233611197
3319.9248040939874 -5622.546469798548
1504.2739987894674 -4366.20294792754
-4824.787552620988 -6629.832657209431
4455.560389305316 -9161.114947982358
9810.511665400318 -4994.291132616022
6862.2605361431415 8740.046840226049
-9545.111255973487 4325.44175685383
1615.3972998983536 -5432.530386905472
6005.873349294781 -2840.4811569179774
8999.039842836406 -270.62074010288416
-517.5379818264901 -3864.911863625076
-2684.32630370113 -2826.5232650762837
5002.084070788884 3038.2052973857535
6128.852591351177 -8192.785042051646
-3429.2889767856823 -6793.673295427318
1008.0228867690184 4202.627473806704
197.9531818325595 -8992.829233530721
3445.562337616415 8252.818247319097
7196.63443781434 1963.6418090717652
2526.2313050615885 -986.3618450303657
-9000.989923334277 -3286.5886994992798
5964.397505799925 -4344.5272070953415
-7580.578256448205 4745.665623352888
7284.544771927074 6266.473483918018
-984.1289198042396 1736.4288635455778
-6794.268291137393 -3810.0283184104674
3050.622148476312 3307.77699482967
-9299.168823755852 9645.222761357687
-477.38281444614586 -9834.828963910599
-3263.47124354291 -4427.967967683288
842.1389698740495 4821.03604487369
5360.216725888349 2956.215653304964
-2059.1919947899733 -1508.3798471295813
6585.081756490661 -1665.7299934214316
8957.667725314794 8258.083843288634
-565.169423670086 -1257.990460277635
6114.752308137919 9211.656765427579
-2455.3331495184857 7063.358147128911
-1006.792717578348 -5943.371492386759
9875.275732133585 3551.8718968485173
-1856.3330850914572 3523.8247774610227
-8618.261544169149 7238.986451175224
6812.270214054184 4951.14362248681
-1110.5477623337738 -5990.62114128897
-9463.658806039868 -6483.3781986940585
-4035.712997825318 4315.255811373314
-5538.58767838588 -9136.592070950795
7224.362622125667 -7182.239285440077
-3546.0579398328055 -765.0601515573417
7325.99572069263 4685.131638382694
431.7126885708585 -4257.496910099221
2766.515929441788 8843.615338698724
8806.572397619137 1016.2815414716333
5681.803317434476 -2831.4260696589417
5531.822289764936 9244.901310814796
7976.565215546518 -9580.38550200193
-8030.780851163901 2487.3753213485015
1410.5166891339632 -3335.023181577346
6638.2147537609235 -8854.730093471006
-5326.205305447922 6006.832527230683
6882.708909715537 4611.8185625981205
-7979.916954232078 -3389.460036684982
-4411.746421482492 1368.6065614038162
-313.912905002524 -8642.682599870575
-694.7030093640369 -3820.631058941115
-3888.8431933547763 1881.1960400937096
5481.711930843743 -6465.658538017733
-119.00380061238684 7317.52817287769
5980.520448998417 -8872.488076204954
-4645.417891822259 -1218.2813765195042
-8343.638434916658 -5096.9705600294965
-9906.457537801969 -2586.727612009552
-1513.0680360762453 8085.929643111431
498.41541227005655 3761.6393303246296
-396.74090611943757 616.2487821529576
-7533.630356420078 -643.2425684827485
9535.344611351455 -7465.507681214218
2420.112778770488 -2501.406088067366
-2912.643273705955 -4879.6551040661625
-9282.126351584182 9616.38898449067
-8520.786798056839 6965.404195975687
-5760.489089719874 -4010.2736979021047
-7260.942787549778 -1335.3679402481648
7853.937484647155 5189.937267074021
1803.7710641657814 -559.8785623750628
-4491.775404388547 -4708.223875091666
8382.344431339436 1764.6844435140501
-9161.10410151216 -8278.302787213963
-4640.442379287892 5931.671405628984
-5508.919131491812 -8449.531613617786
-2634.891980158107 -4478.6597918796
-9258.649363565179 -7895.729129151372
8105.950127204116 6842.99777313001
9555.22278971913 2959.8384536025987
6157.292138482031 -9313.955644205045
-8129.533402787687 -5294.412107765878
2130.333282209269 3091.9565808645566
-4317.4942977649835 5292.112386504999
1482.4919874048956 3363.1522031444456
8418.370568618731 5361.801487166427
6708.52857117675 2153.5857427833325
7120.803519585203 -2361.2297874409105
-9751.380027565581 -9760.175933956403
-7875.721210900509 -7723.324737382267
-4827.894122546876 9450.276541133113
-7810.137946893749 3.4129545570776827
4543.272436276193 1234.1287069308019
-524.0233318575829 -2031.911358199598
2348.2089087391305 5480.470361278496
1257.3152989515493 9387.06413099349
8959.415725480787 2451.9877727414987
-8035.720263460429 -2597.7119538870475
-7662.489137329034 -5923.494220813661
-6099.505312791729 6006.526390237341
-7482.977640781465 7343.582499353095
7906.096031368397 6456.508412296007
-8604.066480984457 -7817.760897161023
-3730.349656865379 6286.421166760756
-7553.723780506441 -1050.1526888234566
9351.716453538578 9850.583433571988
5685.7496094301405 -3458.930708048022
4668.218982243698 4265.5330637064
2097.978273905923 -8870.321106662552
-7408.03879962707 2688.1823595578426
8661.694350706926 7684.983651739971
-3634.2465340666477 8058.086403022899
246.7724956477541 1658.4780635128045
-4219.198192477021 4748.284740178902
7857.7132940217925 -3384.7407515801888
-6340.854787878651 3010.5805648337464
4052.8194685287544 -4911.340273611231
2189.090329954617 -8332.471882847534
5839.968352794447 4565.432418881128
-7802.237912822665 -1805.1960423231976
-7052.457740899902 -1737.2501230666767
2605.0120670606393 -7845.952650161798
-4908.270689309246 -8762.82227028721
9588.127758204591 -2122.3436294764197
-4290.929893478832 -3630.308624607481
5396.896192856164 5373.435661640822
-8404.224496404988 -8100.296159367819
-4706.232334839553 4608.402379436158
-2006.9965308431283 2434.9928084002077
7754.002335441484 -2352.5525651334256
-3120.067854137563 8743.305392331633
7845.842972508304 5563.981536457373
-7415.871786275837 -1864.66275827325
6620.913741398079 2606.0712010912684
3291.3649515982943 6877.687165473984
-9619.795038540738 -1206.998559140844
-365.30213338447356 8828.28085771987
-7158.846569825475 -6066.403717791491
2265.2621406339094 -9634.308862810238
516.4866031361689 999.0333108686427
9154.919014787054 687.6596240676245
-2974.3402144190004 4849.300486134527
353.52345663248343 -1316.9535929017457
-4405.136971339847 3503.8455437284138
3021.253560432433 -7164.657519401431
661.7381384606651 -6536.621412952018
-7220.9139679470045 8994.771874146867
-713.8992342637302 8031.188474711245
-1231.827530204333 2359.938908947852
-9021.886090191038 -1851.2560884756394
9281.509856648987 -5361.147916674054
590.5240304711824 -1048.2376043214063
2428.9781476108874 5113.09892476948
3081.7180245122436 -7930.68096484701
-7980.55431931527 -4792.185217551121
1241.5228613828258 -6370.005588233003
2691.3278423479187 174.0257252872816
-2118.17683856897 -8994.548363713368
-9704.383694815786 -1381.166262701472
-7470.774725141217 -2486.7552771024566
3633.074468693918 -9127.17601830799
9317.159612848343 -6382.931021685736
1869.928874989093 562.9825141092297
7559.961954313654 -4395.933134388745
-1695.9390222600068 263.3136949318796
-598.3651675619676 -1714.7945720207317
-4373.649531954508 -8275.738861442418
-32.853006593328246 -3043.8415538319723
-9580.519660033573 3935.9300712065706
4604.280527390385 5672.521994563287
-4640.833466153247 8159.027449707457
5089.19828818663 -6165.393216155635
-3569.5616854233285 8061.337398561056
2079.0536090240857 1143.445889958648
9444.247470906314 5226.449544652738
4630.125717885347 2181.07687321523
5237.334795564042 5555.37961606347
9260.117092696044 -3815.446584213615
-3839.045331894904 460.6100892219638
818.4084740525705 -4975.451680470573
-2188.3052014148243 8255.99600399816
-4661.778550114795 -7034.176865498572
-569.6980879439343 -4225.1120198032895
-8920.20898114197 5478.238076139371
-6007.930501615814 -1997.2787407088636
8133.818314714797 1183.383375700103
-5264.996663681283 -5610.762147393351
-760.383500943859 963.3283040816914
-1280.362662239746 4509.402705935769
4882.524812614944 1324.3758191650377
9987.030222105484 -7129.004251226216
4270.329033590075 -4699.8729069387955
4979.123680671648 2920.751371438506
448.5663900765612 -6505.432300475435
-8891.69470688461 -6320.163639948056
-7400.232871402319 -9692.716996937597
-4289.327542263985 8943.358337948051
-8518.173603023546 -4050.6702452983154
7090.153088846648 8607.50226031863
4995.869952041274 3549.684891131328
-8041.714256477524 -5558.201089459431
34.118826530404476 2468.6105258787557
-5702.863897895143 8502.93903582717
-5956.57189054469 3875.6666414474566
-479.5384153484283 -8609.551290244646
5150.320659992902 -7283.472441579943
4780.904950813201 -326.54997504623316
-6771.500688070589 1384.1418557291345
-8631.342209984094 -2928.362043856094
-4050.0226100604223 -5273.79522962617
8369.675431529213 -7647.493490401711
3646.1144683447474 3462.2987019166576
8099.196951964728 -1589.2303069454774
4715.015934076868 3650.4781771237704
3298.971602622154 -8375.172779214947
9346.898914317924 -6465.526131299555
3684.2489034271966 -1660.976701967842
3499.1837288213846 5919.096109567636
-4850.747636124471 6199.36672551274
-2661.7616668160763 -5837.166411335786
8787.506326852388 -7925.725159491437
-7225.158490929022 2943.0359653813666
8856.045332272792 -4579.179850099642
3255.6055878103725 1140.486787086691
8910.187484766604 6210.851612848886
-4367.263538974604 -6493.428769661396
3558.21963683387 -89.71485321707769
8719.684426074 217.65578597438252
-367.01865920875025 -1491.249544721164
-3949.622556974359 -1012.300068603694
5050.013236621915 6225.694970303051
1394.9019574548038 3101.525001008924
6219.566209701148 1272.9468875133134
4744.636726095809 547.5737719460103
-4397.550187945017 932.6541779206382
-6234.98921903803 4370.401256620264
-152.67042666959424 -3786.5879983763343
1124.211721073787 2429.542240185272
5919.763962885889 -5523.699193835226
1641.328042487141 5942.802431578848
7730.9039586399595 -6323.527377373699
4857.556391865059 508.4424473469753
-1003.5420089323779 244.81357653983287
8419.273642903525 742.1034409580716
-595.8446935609645 -5861.8702458211565
-4428.076876725051 230.75897051902757
640.6243500635683 -784.7981640101862
6098.818302273559 -7802.637027617249
-3573.760825890484 -5150.032015353989
4199.13025638322 -6913.724334892999
-3570.8523489115996 5571.9900828103255
9084.476995961068 -8779.039272527047
-2222.6407363255767 9528.276384350978
4483.68488404544 5751.848043009051
-139.58133128886948 -6310.569538924454
1780.4651735331408 -2696.3390131933447
-1790.1559344055986 -6022.991944155209
-1831.1204532478632 1047.9204167297867
1470.1833260145177 -8132.134047682757
5996.648656887784 -4632.263727375865
1820.1711922502109 -4464.798896816258
-7623.501171070568 -5151.5903000200815
-6323.848795873099 -6785.132336254885
-819.0931363333784 5018.771546957574
-1892.4333346107724 9239.489821175062
-7304.249527401345 -1915.4129314658803
-8883.01180455163 -938.2279290105107
-506.4601946460298 3836.775119816484
-7215.200656237608 8592.327529476297
497.0500049329221 -2016.4255454893046
-8748.680813508121 -4693.752573891561
-1260.6607488203972 -8652.778377504299
-9393.202989828449 3826.5452331487104
7986.287056684796 -2317.911581049925
4982.366134719225 7071.504310992674
9172.951079959399 5312.650985462336
-7517.28869230057 5556.87811437462
9515.18970203603 -1643.9470047843715
-7926.155405928088 2072.7877425489914
-4806.845275579101 6985.449222923304
-5862.944786878499 -3290.925052769373
-7336.576807517834 -6993.295935684171
1122.747182820669 -1918.2340411928326
5941.6818127647275 -3037.5628012960606
-1414.4643820879592 617.2228872614633
-2391.9607337086045 6043.815348333188
-1145.3657827870065 -5120.554605284291
9822.203041252782 8281.887066063286
-308.78918568025983 -1820.0893746381007
-1704.0972796043625 -2193.3312679294477
-1492.9383563297542 -3911.764231543578
-3044.895064460711 8403.601347761662
-933.4076723187118 -8034.147626066601
3934.724688286724 -1836.608898515242
2066.7657479555837 -8726.206554061275
583.6815112221248 6712.668239529958
3587.321935529597 159.60118825262543
4318.3220092066895 -1670.711395343069
-3873.7635868080015 -6292.740297265362
-6552.630803146968 9187.526464128608
-4216.956536323322 8237.976028169425
7501.731387146956 -4955.203499444152
6125.295871954368 -5821.47005126914
137.64600657057963 6872.9611567610555
-5628.899949183743 -8732.175940474342
3341.800854189267 6253.677736517871
-1256.68363655752 -3748.8311043688745
-8547.778015509946 9798.655913391023
7198.673342582246 4715.747815818879
-8581.11470044777 2422.0861845256713
7207.694684040234 3349.605199387799
-8236.851982509836 2983.927102088417
3859.002310153959 6660.420060606775
-3144.7265037404977 2639.125442035067
-715.78757709196 -6930.778399222754
-4585.5390511775895 6169.264227848609
247.2917468448668 -701.8883501603541
2545.9610188296538 9639.529707256668
-7285.093423563915 -900.0236686279095
-6835.000311224726 3915.3028980447725
-7678.052011245869 2632.0559796747893
-8682.589359993035 2889.0831805152793
7869.07322372948 6154.169870973934
-5307.991384308712 -2290.1468641232213
1336.761002626099 -1763.721849819167
-3470.089423380434 -6126.586110674714
-7626.966423687098 8288.98939649258
-1828.840463697923 -3276.3902620121125
-2190.3425770132826 5984.510195311619
4639.162188806238 -7269.221164160169
-2515.7174489717236 6014.453800020465
2948.6128200162148 8855.170552856609
-3506.3490167289556 1634.8215526389613
-1767.277149105681 369.46936076626116
-9024.353651907411 2577.383122426405
6320.74554885786 -1294.0152432249888
-384.38194774531803 8160.5841860729815
-6943.074683631245 5210.458837812052
-3704.920534909468 4812.017813414817
-9562.828678995436 4125.858047102134
-9351.484071181829 -1281.5965277897612
7549.902722481886 8695.922039788486
-7233.283845025042 -1052.0825241726197
-9657.326261830634 7969.640554894042
5882.677417810079 -5856.363203264188
8396.339513862655 8704.24784340155
-3401.1910059759366 -3234.247564807315
-826.316569818051 6705.719777239265
-3938.200808973831 2864.121881811183
619.5787717794028 -4987.830005502727
7464.177167420439 -7508.369839735318
-8475.080396067286 2516.9471626217564
-4650.744183057316 -3877.252331278236
-4273.294516643191 -4055.357481825821
-9581.209269098372 -4179.437127990315
-8998.175967116413 -9465.380989487629
-109.6405035814787 -3600.515140667251
-3577.765401726536 353.08524058819967
7924.11032690345 -8540.282974321753
-7025.592568771888 -2153.859234454132
3236.1900864353356 1923.503725220664
1406.0280266005939 4062.622579595549
1738.8177033540833 582.0603911532035
-1451.8568675495571 -4083.0023973414154
894.626922984482 -4833.991344006869
-1228.9354920747992 -5071.059077952636
9445.551894180204 4581.035048246416
767.5204167735592 -6932.343937792951
1274.1976374382866 8204.40707188621
1516.6869524529975 -4354.608529828103
5378.279108114144 -3483.1194842025907
9067.89315230435 -1353.9775373366665
5286.378904781619 2848.442023140198
3692.9555055711426 8440.961937707085
715.9283211987731 -9354.766903927779
2991.2413097723766 -4463.915510964902
1871.9671492618909 8418.913998858709
691.7281053455463 -9190.25885300133
2507.904675336591 5418.62461023439
-8818.522709620422 2643.3564691997344
-8282.854347828443 5069.61426430615
2200.0939532120774 -3587.496366982976
-3602.883000383521 351.50764946770687
-3325.08671444671 -6002.241836432351
-3575.1242269239647 5543.095994406471
-8668.214011326756 291.0390505658488
2806.1391563567795 -7860.571121605118
-5498.474964613102 6114.5516035775945
-4592.764400042713 -6749.090752311415
8452.197043201577 -7464.149042561452
1352.1297566808407 422.98124066208584
-7387.372540497603 -9746.04388131567
-2235.671475820486 -431.07618673280376
3212.6247210800248 9547.845448458691
3256.1387392487977 -1412.8459298638973
-7849.406198171067 -8779.927207135992
1415.3920592930062 8238.363739930224
3309.36834127608 -2965.3528228294017
-3487.577474258912 9986.708232293728
8076.237786345089 -660.2613606907307
-3252.274623730942 -236.81899281135884
-6516.692392560075 3882.150574129435
-6416.607180549614 -5011.795014995011
-3830.5085316397 7261.940095211645
-2950.930996574132 -6305.608597698151
3275.5802306471924 -8958.053966268955
-3614.170447737417 -780.6948965346874
-2581.0045528375176 8218.40478419872
2989.0508423015435 -8308.001575993307
7054.99249331341 4575.2385642857025
-1666.0281294873876 -1584.0272300689066
-4183.770196729412 -2613.997808594957
-6584.664624998762 9255.131108183872
4832.779829889114 6993.885709265731
8205.12496656469 258.2033062112332
-9430.18580196354 2991.5753279879827
-269.9096367138445 9011.016678806609
-2619.650822411517 6039.178939953725
5593.3979877073 8584.900755907176
8755.59640912637 -1200.1702912692144
6112.403891617891 -6546.579673095312
-5834.379082181405 5038.993986316829
2717.204123689962 378.53169592299855
9418.157292591826 -5375.098429467491
2852.2715678555396 21.170189668100647
-2376.3964973333977 3983.938329647328
-7653.85638207823 -9089.821248959282
-4860.642743487176 6506.236572810161
5061.783306551906 6407.394915040204
-7723.180667829961 5463.112830133099
6612.896184298708 7435.6203400939485
-7910.4508923206395 -6810.603115700722
-5970.870342442096 -1009.8990263670603
-7778.7920268182315 4600.121822374291
-3524.2479316583267 -3166.9409155462035
4577.081015189824 -9447.573443826259
3481.0575519163067 2274.7112918611674
5493.1358653792395 7129.950589160744
6597.396760718082 -2426.8705693263555
-4888.284504486655 618.3965132381181
-1980.6023370719104 -7760.80718483648
-1166.8672062233054 4757.336350887828
5405.58649944438 -8588.200383562256
5997.589503999305 -3205.2392977589016
-4002.711663010623 1472.3962143345489
-8638.018259907414 1937.2592805174536
-4898.671474238891 -4803.19416677075
3471.3422824390764 -8019.861678436029
-5899.27679053462 8996.233108661352
-9315.21209423949 -6781.821063596145
-8619.799899266034 -1821.7694143812623
-9598.968273673543 1179.1565025533473
-4098.955669044477 -7337.680765704071
9938.65068771525 -4711.364082631646
7632.4248669324625 -4786.137942492414
-1438.532439450346 -4734.027013887976
-8355.990739679368 7013.699245801654
9299.56454875389 2867.8526260046274
3387.334452763569 -8740.052173668251
-3498.4132934788304 7537.1061612714875
1541.0538008147869 -5497.7078408704565
-9535.826393315163 2580.9492193083424
1767.8406093344856 -2462.0189233351584
-5980.508470113693 -305.80396732657937
-171.62071727245166 2952.668504602765
-2377.9951590165374 3959.405205345607
5720.540860038678 4768.129823005394
9260.78514350173 -1102.6772613743415
1859.4832376584818 7162.793280781847
3433.8034000626867 -8292.608443260751
7787.085187913559 3859.946548129161
9455.814769069973 2529.5060376483834
1496.7681792826406 -2467.6433443632504
3531.597441074575 8374.593219862894
-6817.57251397801 9450.97845254613
1311.4628455510483 -7686.989253951775
-8932.159369793646 3609.315032004073
8056.117624479077 1576.1553841837194
945.5840804995751 6683.897989061257
-7926.8987909262305 4418.086461819279
1152.1388350622292 5445.275897649719
3747.193777912731 -5099.629440576752
-7071.468454818224 6612.790120244317
7272.334770434438 7204.761043979073
2463.503534616977 -9349.662695002024
5102.75340455864 6644.735801663563
5388.861200069643 629.2098633317655
-3823.8346368984066 3238.3163316500777
-2905.6773585512556 38.023298462690946
-1877.9466577643552 5521.004437637233
2951.8175951650355 9298.644027168652
953.1933961293362 -2780.9274244594344
-8613.127314370631 9750.926879499613
5148.760456722899 -2530.143587078046
-292.64985614862053 5997.996219143059
-9427.513952253017 -3532.8990235728934
7697.484145678016 2757.6918435375937
4329.513420595857 2725.813252405924
-2792.2029882877396 744.7223211986056
5450.7372336197695 -4397.503981301107
-2680.8492979989933 7611.961023150143
2203.5860804497916 7273.021609733321
-5868.171512187064 -5391.758079623172
3863.3431681651655 2061.8295267635986
1828.2141474441778 7363.905433312917
2939.2813345430477 -2167.468754915676
7380.277139975657 94.25125384716375
6135.018305884687 4091.4069565040772
-4879.255752885432 6514.975413165335
2732.6779608870984 -5478.307548919705
9369.475871597868 7892.557640446801
-2374.420197567504 7857.960515572591
3404.242748900413 8906.48066052964
2884.3544004323976 326.2977230873148
-8712.26747735135 5379.068856303502
-3473.4811251186 -4682.60201441582
5410.293370043586 4432.638912501148
69.71893892286971 -8473.9092434423
7080.5613873344155 -2737.443020471166
-2516.0081797325474 -517.7714220376256
93.78323590316359 7468.712238303553
-2681.4358174080553 -1785.7281109805444
-2069.697473756598 3766.81809161435
7063.8507110015635 -1271.6975711193008
-5915.675400189933 -5095.148226751702
4219.481082725841 9051.622324295251
1995.7496924948082 -3261.135503146468
-7925.661073362922 -3218.523428608737
6155.495614628897 -3323.7138977424283
-135.25540718588854 -604.1292568688132
-822.5874657042859 -926.23794426307
6762.080928313255 24.838178731059088
-9022.47056803829 -3319.531689662871
-2948.6909554661515 6946.931641362749
5674.03910883802 -2153.2556237398785
9896.98323972501 8767.114159162946
9419.077403155676 6971.812587121716
-8746.473332607991 4048.635274507884
-1903.9778652356044 6543.228827055704
7761.682150414923 4112.878673843967
-2336.3331336357533 3124.645684680485
2883.2242090283908 787.577804856548
-8098.682448667143 -3222.6447615587285
4061.1516779707454 -2924.798483842048
-7593.518471002106 -6345.009146328215
6352.755998387016 -1970.282956623686
3919.495682265124 4889.677470701037
2768.1071559128795 -8428.653013145939
-5602.9077686168785 1391.8201368591162
4456.658424980349 -5464.664919065625
-6270.448364742593 3814.6297587742993
-5080.177396785001 -2057.843482326558
-2406.2447768819166 -311.607801957176
-8412.461667442736 -2707.003967623813
3657.1019406613323 -4391.608990877343
5381.989642650022 -1364.2611660912098
-3805.0887486268393 -8635.69782231227
-5698.191173494891 9213.122423135246
2156.5909310697934 5027.779835796868
595.2413393111365 -7303.910565315099
6813.5057218686925 3268.8719291722264
2750.9087185870485 -6678.183793259917
344.1322261876885 -449.2067703259763
3319.9691735348297 -9302.732795281527
8059.7562282324325 -5643.498386490653
-8506.379550550473 -2404.449225886423
-3553.3928144053607 6229.426863292316
5395.054284401451 -3236.2433581321784
4797.992925875395 164.60757919826756
-6794.876840464092 9577.352641461697
7932.651803255725 765.3915643818491
-5473.858950971276 -682.3691517562511
9343.193128705378 1584.7768927883426
-6201.608274472421 -5084.894712877135
-3908.8492228565783 9199.356658949775
-3880.9251211082874 -2806.8501213316968
-3137.1567955908804 -9182.24355673169
2473.5803700995493 -1037.4018544881965
-7177.131411300837 7604.344402772964
-3825.8672545804884 -7240.586680457029
-2750.255174714378 -7597.092567102346
-4788.993718528216 -4416.057351295426
4410.8370705556845 -9826.101993482172
-3743.331236862952 8691.69826464597
-9268.608353184249 2212.745114743695
-4776.636345095344 -7698.018844980661
-7964.867871530825 1095.6526887469754
-3440.1979985023054 -9967.900376230751
-518.4511808532116 -7696.806453539888
-1117.2102979041392 5931.31974484788
-6202.344629407789 -9399.070867211594
8074.768406640291 -1819.8947281806686
-7500.352454402921 -5489.821948208911
638.4108054529697 7836.600739314377
-1977.445348859117 580.9792287617729
-115.43554874889924 8453.725507490024
6023.633500858747 683.1793478839518
-4560.009487789409 2956.645773004886
2597.903006877472 -9839.493095995453
-7403.490986875773 7861.8053058176265
6741.883856201082 2446.3757551847284
2183.307992401158 -8264.905931970874
124.2594136375792 -3380.9115902371186
-6070.657989107249 -5271.855056797259
-9930.177663379061 -1621.9997207797896
-3307.1129834794165 9098.157650949684
-6364.254406527308 -7948.8787251106
-2529.50729497659 6808.047197408072
-9243.14415107205 1498.534063657673
7757.70839823451 -379.876028706909
-7340.749174257033 1154.9166086579007
-9380.861870302006 9537.9272809408
8089.260466583077 4958.360172725235
-5264.481343602525 -6982.776658158802
4377.401525928555 -9458.423668599022
2730.6757719892175 1058.6002830618072
-7045.3616268726055 8815.510974301396
-9758.624260653918 9110.494192614624
-339.0869410760006 4954.261521418699
9478.239457616128 -4347.122340529581
9033.570718799008 -4205.875113881985
-3563.9585635053054 6398.266687990581
-1264.0479430779578 -9211.505798077622
-5553.119377464191 -7761.908729802826
5384.09529374394 8914.239348885985
8429.85521071867 -6621.111688864643
6252.132222081093 -7695.898114294549
-6023.960093657033 -445.8188758867018
2684.6293530589664 8883.550838960666
3317.7114445173393 6764.321054902022
-9483.226476789625 -9080.5550338687
-3734.0650279755682 -5312.041970979571
400.96694410704913 -5858.239709305515
-1639.2348523128785 5725.23278029235
6661.041955214139 2978.538507304216
-9236.50946887857 -3425.8243333985347
-2857.0290776682605 -8551.869282219817
6830.489758624601 -3691.794323888973
8503.600515587099 -3618.2972894395098
8843.432753556404 1114.0353611367136
1476.5888569995677 9902.885983556585
5030.716408326709 5165.689000271113
-1122.6035356822213 -8529.637598169089
1800.175680304952 9551.74509725597
-4543.183559636086 -3706.9318781511274
9013.273957871184 6739.325741901306
-6814.792972169847 -3443.37688851086
7166.123457297341 6749.762165106771
-1852.7688058199847 -5346.514116394547
4502.857837339821 -6962.734963481996
-4050.431535691383 -6511.75367358861
-627.9868224903767 -8996.658862778964
1391.725898517485 -2066.62495985269
-1453.2454034400253 146.10174533002646
-4877.281451347914 -6360.349259196126
5764.923788756501 2035.0143202862437
-4895.936506281278 4659.396710792616
6405.0431920810515 -9381.94482004938
3922.1700928333303 9719.563426627905
-6000.422506726321 -1190.3716767457445
4340.87796306641 -1514.4023270604903
-7803.102016389534 -4125.98070612374
4957.545410897672 -6214.052398832506
1818.555073288364 3810.562841912635
5423.748162414846 -6479.040034548818
6818.6259382199605 7763.105709738458
-3585.700969868055 -3141.1713226047677
5237.053505816601 -4582.244847659984
-6624.028958500692 -6674.836703608709
-8350.949054393817 -6580.6933117183635
5059.942613395386 -9478.351298051724
6147.808045944139 -4971.843139594843
-2060.3460783907976 -3536.817649452584
1557.8799778905632 -7444.097462682872
-4161.587045799964 -4098.23315694325
5361.808482934042 559.2480388590029
-9561.24519246342 6509.35368366152
5732.672788927555 1338.2365432928964
-7181.806119711533 -9579.25934740363
-7899.572274895761 2976.231871912283
8753.69710400833 9391.521930841296
9840.039604805006 -8024.513456911076
-8740.174672295823 7705.003529433379
5954.593460899445 7483.534789836358
-7326.820183101814 5965.905529501017
8036.691629749581 2172.0524933876313
5568.4224910430785 -8952.43121310311
-7673.372838423185 6021.241620979228
6888.809460415265 -7286.701610171673
-1654.0280516351013 -6420.80801355015
2896.8274340337575 5811.384543231821
-2629.6303009643916 -7292.9138756256725
-6101.820332051569 8447.232662952745
-84.51297094474285 3387.520834471592
-2834.975738226489 1164.9640264146292
-6554.773066081487 -1135.381169258122
4082.0254728212985 9924.731407776148
-4328.530163170254 -1798.9882855666474
3261.435023361508 -3459.0834447336574
-8900.24381335728 9278.189393372599
-4778.929342955056 4250.274369490022
8885.494313304778 4333.107548582409
-3808.2718086858968 -6791.9984469290775
-1399.584527405772 6315.354200822598
-1281.7984581775381 -9036.40014071309
7169.169996925626 -6334.414854342749
4940.761505863613 -3652.664226983393
-4978.892708008871 -6442.656676334605
-5208.4163192585465 -8298.029134325983
-7587.5618196472415 9210.779966541675
-4186.718357205957 -1976.623759320093
7909.1372165216635 -4421.79187294562
3904.354680397002 -9672.471464092
181.09852704514742 -482.1860530429203
5019.013966809192 -3559.69999683839
-8456.788238306211 -4486.7227861576375
6696.5133346715265 -8589.640779191981
-2910.8126050252285 -3936.5658883633832
5267.757825540857 -8125.588018220504
6799.106068803259 -2942.4581190001973
9684.629207705686 9957.899264547246
9661.83753456251 -7231.899216654172
-3859.8830790977254 4673.204551124572
8638.618285864777 2534.598307043656
-1004.9989525745477 -9718.699992610289
3204.2372795257834 -8222.056000958837
-7000.507717164905 5711.688369468191
-7762.557487482258 3676.7749547873645
9395.887419601422 -3110.613131272582
-5807.677973027934 4653.212184381413
-5789.043495692678 -5303.372826964845
-6232.415500179948 6757.060635206562
894.4342190151929 5300.823504490487
4700.815976416923 3103.8422787078543
-8567.358618029484 6709.296506165036
6849.937217791998 -1286.529491583844
163.92527892950056 5665.121313784572
-7615.743820997316 -1587.2292576517484
-7254.744315817261 -7622.6064135528395
692.6549357500498 5906.462338309508
9066.977308169891 -2916.895158206534
-5473.384474508091 -6312.381040302819
-6614.632574020316 2066.7202140024438
-9069.062585137133 2150.040723890188
7540.312976606805 -4482.527987303313
9675.158959485896 -1918.633341525011
-6151.93128619498 9483.270543357477
-816.1414633673521 7657.163859021213
3106.7236925910693 3184.0607827211406
5374.148799384382 -2877.3509062079584
-9875.351252102737 -4923.661078438426
2343.8594603960228 5540.082049960396
4279.861704584562 -7685.539896004525
5514.0324124553335 -1703.7028691497999
5840.904817061542 -5366.717557787284
-2385.4657739517224 7506.235506416873
127.47441164354859 1180.5766403145553
-4188.269342271553 -3985.2549029394813
1061.7116583171846 3456.5577403799216
-5687.670763810388 5390.330949742764
-6741.286488549309 5271.795572517494
-9062.343980255519 5120.9334350245135
-2472.52470914086 -8486.344199759693
8447.783788839199 -9836.773210830861
-1498.8584436920319 -8484.649042099747
-8194.915934719558 -2936.667631737475
5088.094528044861 9950.564880242728
1101.9403964846842 5058.248942897666
4533.05796596214 8430.536083750736
6537.504313862159 -2116.29279636278
-899.9361235631786 -5640.616311511355
6613.542376858146 4455.563031643598
736.7767534296927 -9892.627591328685
-6370.427484943515 -7841.747176539766
3552.327763578807 -4809.291792380479
1592.647004171322 -4834.770359198553
-3461.528394806368 -3099.625762700788
-9182.70674542465 2032.7249947757591
-313.4734909412291 -9298.579886645777
-9223.716819904768 1749.5643555154857
5500.223701182878 728.0165462187379
-1826.9443727580856 -4507.811252759863
4877.24651373374 2828.5015270703043
-9258.227772537786 2525.431798023772
-8570.114319267519 7868.54951417524
8941.14687553752 3006.0095099402733
-8462.089537690421 1379.4973410500606
-2506.6596810593064 7887.092242314098
-1225.6018169833023 -2857.230292417943
6629.37045707005 6688.718136417585
817.923441418232 6930.255370214902
8937.647849183235 -2409.7632590170215
-5437.824800626283 -3625.616721208289
-8127.607901422187 -8882.63745576988
-9143.29534109091 7820.56691007343
-1736.1412507314708 -1362.179750372181
-5839.811145438723 5018.5787277148465
7582.43895870509 9945.988274190378
4360.229458182272 -8361.669346862229
-756.1233089343714 -9591.666398953437
8111.375069768368 -4150.559737078596
-4097.021413592676 7457.853096019338
5265.707587990137 -3417.131048967106
9468.37103132945 8667.128135911687
-7682.012106798413 -6403.17725992537
5480.99877390853 -803.9803953180708
-739.982495848406 -6901.98137050464
2534.220784260391 5101.424752484538
8836.522907990104 -6576.6851075044015
-7426.479495501419 812.9340633882184
-2082.471524941534 -8834.377487734351
5198.996641116391 4019.6243112807097
9549.843016657462 7131.914066883106
4503.95898461684 -720.3685857878118
-8777.067497407415 -6349.953605732093
518.1130509006816 2855.5590548679047
-17.878203502337783 9995.04171218396
-1016.0322082695675 5595.179629695454
-1755.2921534451034 1084.345384907041
2980.2666554231782 8118.289908766394
5522.236682022598 6095.519109348268
-2183.6169353954383 -6863.005167274088
-9275.154150019933 -1711.2934029487642
-3343.204672067075 3428.0927509006106
7321.23327829429 -4929.867261023686
-1505.1012558403163 -9207.349658163253
9350.462704426169 -1788.2065563657034
-7619.425146322296 -8720.750606580339
129.48784590256946 8146.4101156961515
-7783.905887150362 5013.807045902202
-2527.0845153507616 3385.6118119233415
4970.082286181696 -4829.73136804655
9339.192092622354 6363.237423429524
1819.4391273259316 9932.882453922688
2040.0615261108542 -9615.469023021473
-3485.7475946710865 -6257.833333821097
9497.782991174354 -1134.0639449051941
-1829.093608085488 9683.095509630428
-3492.73070114243 7679.075203013486
-3266.253076688281 3565.4264353101353
-8442.051834377304 4166.429539916297
-1494.1932259917248 2062.501089341131
5492.820000232065 2275.1208313341904
-3565.731920061412 -7783.7346786013795
-8870.173563410559 2259.122581248532
-4753.516679645413 -2317.3557307628953
-4056.68467847625 -4470.885643469973
-4932.464471697646 8282.834489347551
-4998.9693594476 -9516.882123368016
8810.479730282957 -6257.538755482412
4574.7224153800835 -6470.0565416257505
8415.554725036 -58.02589888001785
8190.120211021691 1021.3958702559848
2924.8161077011955 6568.045214684327
-3645.3229674840504 2438.082600583606
7413.803325749504 -1252.8500917808287
8799.140951106641 2927.582662510389
5961.990185056151 -7941.089177079257
-6208.329360864064 4172.638160348562
4128.955902259313 -9731.802602928357
2930.867382883882 -3429.0695182563113
6813.333313820291 8181.374122728186
1796.7515733152177 -7163.0779986470425
5906.778101563919 -1776.5014556434653
-3063.63415186363 -6609.8636100559615
-1184.6553698933458 -1350.3202773733447
-2116.6457201634767 -2726.8291453977845
3705.8065398636627 -6254.7887525642955
9258.5010798871 -1153.3762235275826
-9755.370439270475 1935.4943172577368
2470.894877367531 137.0456351854591
5632.449574891683 6418.185576636446
9137.021257609442 1467.9109704599177
4897.066227325055 -5253.604277500359
9057.74814055748 8882.527016209293
-8306.872514971677 -1266.817406795417
-5559.16512219373 -4128.30623882741
1266.8242747213899 4113.981540315301
-970.767322956779 -952.1599530758704
-9220.92189124236 -9404.972951540876
5893.115197897896 -7338.733694032591
3840.864598555727 7232.221653560293
-9133.764673814043 -4766.972734475316
5899.454370553727 5526.31611546559
-45.15456390057989 -6917.097404217169
5024.540475014397 3186.677335366958
-1479.9081262258642 159.7969841693939
-1321.6630844651681 -4792.690938740132
7632.441528308667 -8664.170634713173
1213.929610774585 5715.220263039839
-1280.6462315907902 7204.272604199712
9131.28753391498 3992.6240342532255
-8524.92826583846 -7574.592895803773
-8469.48521519677 -8859.136358745634
-8025.9362547373585 -3206.7325960701255
-8262.929081072187 45.36851397809005
-1972.706050966617 -1549.8459197962584
-7266.149800316084 617.3445359467569
7043.167509723426 2054.7090178603175
-6179.8353722005195 4729.321700189781
8002.646256408956 1213.2301790381807
8827.825402674382 828.0676865361565
3630.685131682574 -5887.159119093985
7259.6867265962355 -3100.1961178543434
-8556.194532076477 4049.0078725019484
-1123.84072519445 -7720.948463005372
-6923.735018362922 2418.8217272490383
9540.363819744209 -6266.151468120504
134.94635427692992 755.359785998402
-8457.249895672174 -673.514289675175
1805.7505648823699 -9492.6482414889
-4838.834780243235 -5259.692457067388
-5468.081748525719 4522.2807886615865
-127.4990192179448 1079.5402199260807
7307.379955731925 -7430.048809784608
3417.227299071328 590.5129579516761
7475.8745768155895 4747.473928589303
-5171.750940801645 7319.0366854899985
1399.2459528588188 1235.5089133857764
-6429.302495178556 3410.1212852780536
-8044.029402016435 -5370.4751581854
1099.4258283156232 8572.617823592824
553.6400849649872 1948.736964030666
3426.112988737641 -9827.236997119446
5186.760370291957 -2570.711853936269
3698.067842616574 -5512.963045480257
8043.90784281497 -5662.851611651976
-7674.049663451444 5836.123796791224
6265.914890966082 4290.112981133101
-1142.1915206617632 -361.8121487540466
-2320.5630742647036 5957.184212620799
-5418.033137494376 7861.082367570274
9677.888660227745 1507.5298658287538
7751.472117403682 919.5054637947178
-6105.592184232658 8810.116791394044
-5642.048375025562 8754.53328911071
1909.1571450909578 -9860.974115710733
-3457.105406087613 -4350.636045626648
7955.925338330915 -5981.6446080853475
-1980.4738507627053 8276.510067554023
-6559.346323254824 5844.535289018817
-8711.397488994084 -5461.9127716886505
-4942.83634816979 5052.773092786223
4966.603625718482 1952.245676312552
3383.024552142202 -8151.737152303473
1204.9655629915032 8655.210466142136
2061.143772094345 -5098.310949541269
2964.143440532911 -2470.2132419488025
-979.6636159069276 2912.475514750726
8816.45639369122 -5462.393499251843
660.771454724023 -2427.8791098312395
-1013.1793155825635 -3976.210320084212
-2472.146572590197 3213.8784136597023
-9499.36441883361 6579.1061571792125
5720.761246759144 9313.942020007962
1593.2363210744443 -1013.8753833612864
2129.510133713231 6013.204303468314
-4054.5059753893065 -9157.757060647278
3567.0675271931395 -42.438842067014775
-4154.707123606447 8643.909738333106
9960.709030405582 8008.642499259982
34.76988352685112 -567.2665511360156
-10.548523007348194 -244.24485489579638
-3211.6367332680684 -7454.396981289342
-6097.934548861279 -3736.270285449059
5676.871002875805 9577.335095985985
2722.8109076245128 -7879.726323529021
-7492.127587687325 9355.775379662082
5649.7225077542025 -9399.671949711796
