1530
-9414.428926301896 -7722.825415141039
-2646.939642490589 -4406.48762922212
8053.089777438832 4383.098150833135
6795.896536822434 5615.374819279235
-9220.804009949698 5734.360483780143
1937.2224577032157 -7499.9205912221005
-5052.42332621034 -5238.763150060655
-8635.76249474864 2831.271460745711
-8862.211701883753 -9838.44328846126
405.74344844168445 9212.925095981373
7190.766894471948 6230.052586723334
-7401.071490370501 -2004.7917667062266
6392.880542764808 -7886.413302810424
-6382.666122611066 -3940.409203406707
-1469.5894522829003 -9247.858987096866
-2239.283657157569 5050.024006856804
-5254.7535136502365 8050.617345223
-451.0820089737572 -2215.2946879682704
-6373.519865631445 5736.643344590697
8528.262315407505 -3944.433955641737
5601.509937114397 2394.7447467825514
-5909.591705157189 -8379.699029545047
5444.147866327514 6327.395670359359
8919.990208513223 -7085.596342716703
8596.149266660992 -8821.384623201942
-5371.214759666001 -1141.6735975255197
-3997.522185024389 665.9351073431226
1200.5543317662177 -1892.4510334876013
4289.531595598999 -7698.279546501497
-6937.892904149505 7190.984012390127
-6630.5426308019905 1644.9826376915516
8912.550395756392 -5794.18509883135
1932.5949057605867 8409.974985231202
9884.08019924257 6084.51188413865
2793.986298648577 -6331.973295464863
-8825.903247571716 6922.428423783724
-5311.194051378725 -6585.785140285083
5979.807049750712 2452.039174373349
-5134.540326202044 -2069.357848065476
-2617.0908395959104 -8527.466266105863
7704.019509883303 -1336.762343243443
-6226.657711924857 8891.1393512262
-1408.441084907332 4739.155027911782
-3532.5050108814057 7005.201799245231
-585.1386135701687 -212.99659677628733
-5632.317484262617 1751.704817740234
-7715.115608454582 6382.291560327405
-173.90923603042575 8873.57604933112
1486.263764851492 -9774.364892594178
-7682.19087518127 -8700.231082348555
-9850.950943508813 9071.427338130834
2093.969115355534 -6491.221521936441
7768.774016648815 -7540.174692221786
4677.415304595215 -8757.099796387494
7454.858941237049 7465.067706179259
8879.742461071357 -4336.802801387105
7666.265152277272 2958.2919005689037
5959.938929351325 -117.20458742765004
-7802.790319904911 -9706.821762626943
5611.280693248682 2788.7893829687346
4304.672078382309 -8142.104409381539
-4345.473615584081 -9839.308590956047
-3876.682116019425 -9403.002964639254
6631.876904834084 -3683.9869703286186
2892.3763869614213 3392.0489678993818
-62.44485582123707 -9138.771349549512
3022.916685076394 -900.0503312872752
8687.283344175132 -5400.977464657084
-337.1321558858017 8083.043114241969
4220.334049655019 6240.382113945376
-2828.96021682443 4225.290294178019
-2055.76490758161 -2707.2526750781863
6790.306648221918 2713.9141430409054
-1826.3835990749385 6343.094772093884
-185.98309129651534 7276.099455678108
4681.101682694514 -4072.5190833621737
-6331.390292165599 -904.5260626381314
-130.462489552001 5276.22881175369
6589.308758321986 6293.259285431419
4791.274768063009 446.60369994448956
9944.689032419206 7644.137174977073
-9318.386230272767 9702.466554298193
3769.802977012485 7107.031080432895
-7760.068389843129 -3526.932452495932
696.4644431696197 6786.1577298782395
-2416.5769290349062 4820.7829770426
6223.199689575047 5097.8629842280025
-8385.21348118673 -6929.737291778341
9146.27467371303 -5796.089139867411
4486.589480081695 -9900.885209529262
4977.110092591531 6182.050512031439
4911.467183409843 5762.896443527801
7300.3199457637165 939.840679129713
-741.2995036029897 2024.8549746684039
-2719.5097977095293 537.8754139556404
-8305.868546540138 4583.504598964337
-95.252874448488 -5626.304239971782
8061.7832226183455 6138.7883418296715
-2947.958236976331 7587.848147596858
6771.9533135471065 1910.2251262380541
-7890.983046430369 1088.6847384137436
-6348.042203345821 5618.1064159734815
8606.19660033928 -4247.320694267775
4532.105978117599 -138.54569923797135
-3772.833013329513 5642.169547570906
-719.0976934879491 -1325.8850384372108
-8452.683129603793 5492.604227294285
4069.861165454202 2013.0150968839898
-2012.3966624464338 6256.527704345885
4839.745304627231 2030.265448617818
9722.73330115747 9151.685988364865
-5743.567672660403 -796.5434713292543
7662.039172010856 -6554.1967828468305
6886.018205728913 2746.133471770463
2125.2438933293524 6120.722044435972
2885.189983442049 4193.116845715
6464.2134960087715 2593.773510789657
-805.7149743048194 5652.968109282419
-1364.2972239237988 -3165.6210243784108
-963.1300666163334 -5057.430459154774
3609.004467681738 -3500.9395667284853
-4528.914827229435 8666.442839066309
8496.320046349967 4118.182245195745
2804.3963860494478 -8723.92105027113
4422.573895560272 -1097.0966483745779
874.8015331910028 3242.2229080239886
-5594.697266100857 -4599.0177061030945
1517.957319385794 -5304.308895227962
-5105.842692879687 5015.224935047036
3981.0879234623008 2239.983795054899
-9876.545706470813 4308.526115548233
-3389.0579596937796 6111.582898015684
-6939.867476313675 54.613741834358734
5834.480817323934 2461.502071547935
4483.364703830013 -4846.2445125778595
-9732.623977221298 1254.301026884299
2610.9872352510374 1817.8469069398889
7726.810793192773 -5871.559664300574
-308.1853165813136 -1160.5394461361193
5991.473871560134 8534.502303592988
9111.813593861141 8294.579281723385
4343.053958314624 -5434.541299658342
-3183.985966027598 -6311.089020316174
2239.9381880833043 -884.1629161298133
4226.948680004096 -3657.1781242856714
-6084.766718011508 8354.269295218044
6344.305518715275 9720.090540612618
3257.624440903819 3966.5869487670443
8339.397950353661 2440.840273302614
2025.0045806618782 1224.2664124010444
6711.956520808217 -120.83950342735079
-3742.7975515669896 -2344.309800427919
6955.6508355545375 1531.0888716208265
695.5503492953885 -54.64811496723996
-1317.337709286774 6748.775379885879
9083.437407584872 -6341.225504759204
1286.5281296011653 4971.815635850173
9413.401429645484 -4511.415397205996
8476.389136457416 -1753.1191344917734
7502.712582401215 939.8267650917751
-1605.3238490561016 3611.955155364285
9720.819395618371 -8279.726394729805
-2465.8220613989324 -9168.389946158504
-3741.577304240882 -3425.8774426004265
-8700.662070853949 7004.940077583142
-9980.642886853577 6895.150064119131
1810.5370888931338 3727.911558503454
-6967.138222647367 -5821.963835049164
4429.022804724384 -5222.950850013964
2225.229013635728 214.22761143103526
8484.049257731884 -7308.468756963409
9456.229593669657 -7088.630963610039
4812.70603710097 1165.9277586087483
-3082.8892263897624 712.9933287317144
2976.813489822007 -3174.029878911455
-1696.6179477164096 -3182.1975337752465
4400.171910683655 -1255.1072140254291
8616.995916287637 745.5413872165391
4173.352546575501 -3031.9506462469617
-8981.049250737991 -730.881818205582
3902.1383415022883 -7651.340982111233
7844.735733234917 1330.278987679134
-9270.39315436401 9157.698749128223
-5288.542202929938 -7721.199282314188
-6459.220992384611 -783.8970546402652
1586.8842303859565 1622.8316408953178
6362.641190783555 1707.6043171412584
2757.048568573382 5450.64835758815
-8898.729276086791 -3634.3067065390496
8820.47375151097 9781.770135357117
-2988.309141993879 9388.331135684377
-1846.5328465862995 4328.020988198443
2674.99326040268 1219.2158953143207
2732.3511790588163 -2507.217492172833
-2238.830792319047 3244.5488854726627
-6235.094343976121 2909.347025807858
-3514.998871038333 -3510.5925091405243
-3725.30872424627 5416.922155293389
-7583.737356405727 -442.0116203907055
-1401.6569581528001 -9904.486263132188
5184.398858984643 -4652.861265423418
-7302.6809959816455 -8171.451599751506
-6378.259397827855 -3527.2481740914372
4252.003915969548 -5165.229585265048
-2981.7590739649913 7883.75756456019
7697.463794104002 1708.5952672342119
-3585.3985247325063 -8201.402451629825
-9323.435287353297 -269.23767360552483
1239.5814464268533 -5115.775574573434
-5172.431193685092 -1441.2180486458692
3101.181702841546 507.83248567962255
-4610.275582098111 -2120.6713833486738
-1829.7008768118994 -73.33326028227384
-9198.216626386178 6202.398203497634
2349.355644407098 -4558.566955883501
-4715.227778940998 -7300.318959492632
9297.322705339462 -4176.0297377952975
2341.7615209840587 -7162.712499289579
-9613.557710298997 -259.98444719501276
-4826.225567206903 5525.594774063147
7794.8834890224425 6423.039033090026
1202.3916185915532 -5393.348161277489
7193.455507161605 4515.289862698628
2206.0039758551775 722.234880184862
-5136.584198925978 9777.344991779017
-981.9162095876745 953.301462104042
5586.3155298062775 -9722.38698410315
-9697.759998540652 3094.239397473959
-7724.266367290946 -6291.604758070428
-1389.7623978285555 9022.980968652006
-3925.353096809381 -4364.726006512005
3745.561980570619 7350.689334302489
6521.1083872215095 -228.26182153832997
3396.518289386715 -617.6086218120781
-4611.209719200729 1781.129895783346
-5930.737902208869 4392.589367672261
4937.872184075242 -3356.8627877057143
-8457.438185811066 -9682.468593269094
-8434.346857461675 6282.222924009191
9382.501638187601 -5811.519263024147
9225.170044167782 8940.535240641952
6496.7392468861435 -7022.010393833251
3484.0219042960325 4687.997474240139
274.3380259783826 3.8150498006634734
-3275.511174095178 -7502.565126651645
548.6018040249983 -5367.192518866419
-2260.037866630455 3472.7498418845807
-8563.255519867347 3749.713917121202
4861.585789834109 -7896.681691852778
-6948.367580443284 2303.5409219079847
-9247.06693698529 -7172.072387668684
-6852.750607165075 7216.736727521446
-860.5572756745642 2726.7382728272332
9950.928608127815 4040.141108093463
8993.237309463784 -7180.088614920143
-8248.1806669816 8959.28401098985
-9927.129254780368 236.69126120419787
-3743.557651908547 -9894.71435083788
5221.436007981551 -8571.104242048164
3288.612631908698 -8403.73936092016
9455.390956875188 -7362.083449182235
-1897.5984057520009 1332.781265663165
-6369.648387590705 -2015.4976322823923
-606.7750804158986 -706.3765192422925
1349.0147464308739 7835.729100012115
-3966.460405054515 -3074.3388224431856
-8219.718428778657 513.7456390257867
-373.94419533194923 -9805.561196187937
8187.548153654996 -1053.9795754136976
-3841.246505695297 -1040.390618665113
2218.0518300660715 516.9752462847209
9362.419705287713 -6437.925213795228
-2615.9503983707637 -6833.946119898033
-9187.179668649462 -4142.6714251125695
-8329.46766926505 3687.4235399758363
7386.0221257989615 6402.153086133054
-1166.938592675804 -4778.331070487047
5366.797132220767 -7900.5186214208625
-9296.757884573093 -9910.01731289411
-7673.563542647855 9328.88677233363
8698.240632024328 1406.5343822612067
-7172.276776544142 -3562.171384959245
1734.6630770077481 -7685.1678223140825
2081.1944011603155 6441.4251361315255
-123.98211370200625 5229.062055259643
2868.2590621332656 5876.192060965053
8296.896967677745 -4878.45244358005
5363.12166527726 -1024.1629918988783
4525.904136040745 682.6132423141844
-3073.1225243244835 7684.859323936409
3433.2812794799665 -4910.687627404209
9513.547381942979 7498.350567644702
-941.9257267009143 -5845.379381723499
6019.238477851783 6714.067049268739
123.5960758651072 3788.856607768783
-6278.000624217182 2405.479331205128
6968.850329623547 990.2536431429271
-7098.628548582357 -9727.822423316598
-8372.520675103662 2991.7511738229714
1793.0257998585057 7496.658416893948
-85.28913951591858 7726.246069077599
5225.288264320518 7834.178248256067
-5363.314057446218 5432.679505826496
-6399.241004852494 6385.014661775531
2415.450421577889 6010.517340865539
-8672.349635142551 7846.129961358241
-6873.194734498476 -359.6875850014949
-628.1547478631255 6511.896328716197
-9422.886867634643 9223.209622017595
-4707.876295486113 -1108.8149216858255
5799.066946370298 2352.4124416108225
5937.3731684201575 530.7894063060849
225.32886702407995 7814.76493546398
-7073.965747931028 7482.804713765909
5002.862656905827 7030.791935990768
9094.418469530607 9826.24012928659
4839.674429029017 4376.666386232515
-4708.042499338887 9750.798640710967
29.602118141827304 1991.7470841347877
-8782.166334437416 -66.58316753278996
8679.681544026153 -5539.5220611737
-8565.134986799401 -714.1900614098522
2668.534270214699 -3332.399400238839
8262.907414360132 2623.927040274346
5493.126991217967 4160.789580361521
6945.453808230806 -1592.1250740412324
-2084.8444717539796 -485.03408842003955
-4700.483251581837 4423.523947997157
-1802.7838718963503 477.7129220046281
0.27760831122759555 5124.677371875028
7722.830721503422 -3914.6292169851013
4718.400463542363 6327.317451814997
-76.70263603345666 -4525.46369505628
1519.3154387786817 -6954.871428379805
688.252685579515 773.8584085616203
-3749.8263028306146 4478.124926752769
1815.722562242021 -9753.82552034461
-8918.40682830717 6513.89034373319
5561.363571602027 761.187085705029
2937.7139315443674 6573.577654706816
-2024.5142882480986 9714.033398595973
5239.488585439158 -1767.524634805024
-8529.633922611018 -4334.732780805839
2202.542174947679 3767.6155684902606
2939.2618504843376 4262.915803346914
-127.65805770509724 1632.538176455062
2752.44423729504 1417.4423024708994
6145.818976343464 2831.9896413075057
2084.4703862666465 -764.4081283664946
-6780.0019649289325 -4733.0035114581315
1280.8271910692256 -8120.743045612224
-9775.4109895801 8343.39877615395
350.9870331841921 -1699.336563532701
1236.9072185656696 1484.5926966822299
-5821.191435075608 -3284.6794068379313
4443.89254728921 9661.88752809633
-329.8624021989035 -8290.657980482041
1907.4040753723875 6653.530911335056
9811.362186707687 -962.0930055190966
-3794.6282676354867 -7533.871615314014
491.58278386312486 5456.769041953219
-9837.203254790644 -4800.18732690217
9944.963341105216 1338.901742971544
-1047.004495888843 -388.7864036441042
7798.737829362919 -7636.500204042735
-9959.114581699278 -5274.109579874657
-9033.746842473638 -6775.268881570908
5756.528840015459 -8925.41718474884
7003.334207497017 -8907.21762861324
-4271.462193430764 -5524.72724763307
-7949.837957876484 -530.105292182976
-8026.627606357306 -2244.292786992899
109.76407615094286 4119.249991531047
-1872.0520092120578 4408.699518180372
-6831.875468813798 -8095.277679577497
-3870.606108209525 8895.163041447151
-2460.1809712214235 -9335.346070877804
-1412.8020362125953 7157.514658152668
-9172.997479553298 -6347.007750668514
-6840.618920100318 -2121.2893126452873
6008.458019859219 -4383.736645823135
-3564.2432384716667 119.86243127797206
4429.352674803153 9235.01938666503
-852.2643524218784 -3807.987367673948
-2158.775488539568 443.5573476646932
1965.5303926600172 9965.328252800417
-8854.349646362662 -948.1457409446939
-8289.958650333836 -9708.394078176474
-7876.061673641494 7128.83111124843
-8501.904180753307 6813.6543882320875
-7810.895186848173 1766.2037259768913
-4843.879162683653 1157.765981703269
3075.289853836892 -8872.657349828165
6178.743673176343 -9646.84782011132
-1616.3122933415725 -6904.287529739042
4575.214563527756 -8705.127233023244
-3967.0431217920177 4372.62866506307
1137.9488048309377 5164.436133069938
7915.997276278875 -5465.784125603763
7983.9041752226585 8944.919806370552
-3556.125194577564 -5657.391371839371
-3339.1005419912735 7515.1049654944545
-5838.412143418111 -9483.397333113637
-9322.59712154145 4279.775190292767
2249.2786206605106 -9797.895263351766
8005.70819099107 -9109.004307826002
6476.384252396914 -2457.0992365118864
-9075.157807591255 -2662.1680634732757
-4944.850114533041 -7962.594787732324
-4489.070175685186 2529.6354023021304
-8156.187451520391 -6222.779037690194
1149.1771316699378 2470.6688512008077
-9521.314829826983 4198.491040303745
1633.0093861310525 8221.513075051971
-9731.733533765411 2637.1762389311552
-6267.665684853343 -934.6590090731825
-6938.583601053579 -1235.4429556226314
6554.286974839044 7644.802796380387
1805.5362058105256 8889.406085117407
-4413.770041545824 3307.936787898294
6139.606506758733 148.44336682754147
-997.8137648335742 7499.153124141267
8120.828574527837 -9233.172041374182
630.284185240811 754.0145363417323
-7937.454031772302 6855.614956640704
3920.2084500012443 4704.180073081303
-3535.004941847117 -3376.7554573807574
-5683.950177313952 4471.549788682589
3149.3740446587944 -8586.698888605344
-6368.6438870736 -3071.721085944321
-1040.399042684341 -359.07365101255346
9339.59090826054 8522.020813945335
8775.050160232051 4485.429843955011
-5865.3826285064815 2713.381977235911
5081.458951107394 9106.801791358044
-3317.7752483323484 -8454.750787376926
8976.10208487893 -5811.022683970042
3175.1273085714165 -1538.7064021102324
-9762.755436064157 1772.872026923471
1120.2632260874634 -9786.372540104005
9966.77231148183 -3372.6449606192664
1728.6402830268325 4547.2176225880685
8318.831947847451 1816.4816497845804
-4655.6312282294 7321.356878933464
1956.1921361616205 -1343.5295650103744
5540.931234223535 -2173.8921306396987
1129.9622409877556 2916.0653661579745
-8170.842343141036 4274.320514590045
4657.204382250968 -1100.9310031434252
8362.75406212137 -7202.530374359124
2574.876208886719 -9041.996924747924
-3406.3279120431253 -7253.787825943951
-9122.538256478587 -1976.9984516584273
-6479.017710969645 -1305.7721746216885
499.5360952273095 -9109.80202727052
-6006.655970425183 5266.554896458076
3583.4286908077265 -5700.974119194755
-4533.444504558582 4761.297290718225
4076.0581069828368 6238.010845618623
-3315.9188833455164 9506.227286749447
6827.901847656984 5453.778662872617
-2060.1410288369216 -9010.52768123988
9620.986570057437 4798.173967277384
-100.9056099465306 -3973.876325682966
-4068.3123430065034 2833.5336155949426
394.1569449417839 6570.264889322749
2738.02447479267 9026.305095284726
4179.096898093729 -5745.424676670483
-2689.9470105148766 8894.382288869492
9317.712049201644 3337.314287647694
-324.1397608402385 -5366.346227451994
-4303.503976703951 -3540.8435799206627
-6665.425746431323 -5965.550290898178
-3904.793236278705 -3540.0048171982053
-4208.30040245247 5908.6976032814655
-1685.7966380017424 -5521.501362923625
-7378.9857821234455 -6216.220107634059
8049.099643895272 9654.845912626704
-5988.858898138916 1279.2214492016192
-3480.3076824516575 -1020.2585735873799
-8866.150725198251 -7632.489801430546
4301.535802687858 7180.4471452401485
-8824.98974768262 7630.493790327946
-6625.08006679875 -3992.7574127860325
-5501.929753532746 3657.962517333297
-6902.557783247307 -118.63105735320096
5163.784933199851 6895.179305210691
-7377.253149299152 588.1722363849076
-3091.114726710116 5531.276966615713
-7770.573717255227 -2453.180474292786
-9309.767315612087 3430.5981896838985
-909.5240560106886 -7839.383037363661
-2970.0528586535247 8644.208197174616
-794.8916566902826 4849.611530848597
-3349.1174998545566 5698.968437744854
-3468.867959868665 1589.8198261997659
-3729.2674543488256 5646.71579535089
2797.5091419744185 3131.0801008470553
2926.9670341801702 766.248309180588
7043.114750789518 4538.179258927763
9833.692814331192 -8154.030973721602
-7380.879010727094 5297.5687490767905
-474.5562536451125 5135.210290159423
1208.8428030248124 954.6308880562319
5921.811488425161 -6662.606017263901
8360.282854273526 -3905.882809455774
-4049.263318484728 428.3674966985145
-6906.9809384622395 5449.043533967022
-6502.819317300783 3618.384424829408
-4667.5093029613145 -4979.032473862603
-6302.189454940839 7436.376823679631
-758.8622396317405 -1682.7530022728915
3981.231473193362 -5299.69309108643
-2042.7401710838585 4158.519844164701
-242.7888338802495 -2952.450226897905
5818.862987157971 -8017.6826246867595
-2712.7597793287105 -6265.581638297673
7841.174043460178 8166.358841019799
4022.6916125798325 1574.0855784903433
-6967.09872090239 -7382.245945412791
7575.731621559735 1167.328039079166
8077.736665753968 -1278.020306173872
8492.054323499251 -5009.3357353323945
-9026.010225928982 1718.1590817578308
9123.412167468 -8558.378123457198
416.65692182686143 664.8331477700413
1151.8253939288206 -4398.98469710557
6022.634548035634 7383.055586592189
7696.248993420788 2257.283107955176
6941.190203205057 2111.320286150294
-7563.601022714925 9648.087430642965
1958.2120884893484 79.46385072767225
7817.328242929852 3409.522242140378
2894.162201022282 -4193.64052094978
-2847.7366791008453 -616.5469716124499
4912.06898209819 -7351.134699151964
-8679.889536765004 1218.653105223404
2293.2971238566606 3977.149571161044
9757.944760786482 4111.559360649113
6305.239173834187 9324.171967993745
7577.7146256425 -432.36644831311787
2976.4819108714 3954.7546358833006
5890.284320494333 7724.462606871264
2911.4050840126856 -6477.666368079226
798.8505194657482 3562.8957801172273
2717.5799489028686 -3170.861024405265
8027.682196992675 -8757.335709065412
-1814.270459829264 9178.204513114877
4781.025303043187 -3165.904861580384
3053.436188851758 6403.270691665981
-1819.0720922906903 -6122.323352844494
-5999.821895346744 -4614.7070603096245
511.65364609324934 8488.39833115977
2462.678080312533 711.9262294025793
5502.241397896607 -8868.060637203207
6925.966354440785 -890.9774426969379
-2992.3079685250896 -9265.063811478436
5536.957051017505 -6629.186821586568
1703.157336557224 3451.717960226444
8203.745286586265 -4261.871341682171
784.421435207063 -6804.94810668348
-214.75834444671273 7021.644180619078
2171.865234129151 -6051.3968704918825
-8457.839551124107 -7760.1885071618935
4344.008638570223 4913.960139779361
-3288.2058440843284 6138.780269481113
-4319.355386296819 -1294.7588744517761
-2114.5980076049327 -7315.7216665236265
9074.465473760523 89.45184587601398
-1191.546271698675 -8536.926636577633
-9425.991982015224 -1819.085012382231
-8709.6236717688 -9095.708462887142
2949.634319768533 8533.260041869882
-898.1495408899045 -6671.470633737029
-9671.817111865234 3232.604460199782
5054.120310284781 55.35303441718679
-1579.175634640682 -3119.277400046012
4896.176155776937 6147.420852583853
-3627.440449172781 -5732.846537311211
2232.084007060479 -6157.85020805093
890.7220384430566 -8435.64510550254
2352.137774535033 -8680.531444331345
1063.7215975093168 -2959.839679093814
-312.0879258820387 -823.1169219794319
3160.205036095831 -433.0317932744292
3542.7169575316548 830.723765179433
-1297.3059121597344 3617.22571743399
9815.336229997592 5035.1041399851165
6238.675754927708 7969.95217878816
2626.3610343635482 -1192.2295948176961
7486.026606352105 -7986.822999002044
-927.1793807820322 -2725.308507900403
-8091.44735423398 8312.34774330421
-7221.769976465343 3292.8766645042324
281.34198494947486 3024.897106379971
7471.569733939865 -5816.417264130145
-2565.470519101842 -3223.6629710240613
520.126926053912 -4494.284304904856
7117.96935941897 -2226.618655549304
-1842.466623675432 2521.8920887124914
7808.240908830125 6214.774731209285
-910.2672825679219 8857.286293457917
-2716.7080744697314 4470.648078628172
-8771.969000831834 -1175.9619832626431
5918.950692304479 -8963.616276956087
7489.774969423088 -5018.344087959026
-6084.5655296010245 7927.127590434669
923.619923061764 5726.508124170119
6040.890126686263 -9035.756879380238
6857.751954803691 9051.148421994203
-1017.0895351310464 315.15529946910283
335.83110876373576 -1913.1216063496522
1027.8727202153168 4683.1929195878965
-9203.161962706958 1640.6071698215892
-8458.141588055953 -3295.807998660487
2771.4004103010266 -1340.2766823440197
-1394.1904960102584 9391.777009193342
-8691.4040748037 9406.352620087382
7161.493048479781 3883.3989280007427
-6086.380565479539 8095.02939592972
7153.748221958205 7274.355683983387
6968.1226339551395 1845.4640836279796
-8591.60978268266 -4012.8089609001563
-6078.570090706435 -975.2495236908817
-3635.9352079005184 4909.006628648445
4982.2480306667985 6401.008548716571
5280.23830863938 -4560.606184423115
-6393.113270822896 9003.116668777882
3172.428351915927 -3373.1591234110138
-6228.58078674623 -821.159100773657
5479.675832787989 2731.6265170889346
-6168.384482116174 -7933.668713173383
-1651.8303794762705 7838.366277772297
7715.8882562413055 -6458.398035493634
7418.844000010882 3551.544774097072
2262.891217470138 -6322.722470281484
-5864.3301328468115 -657.4930539324632
-9293.166255395789 3845.5382379811217
3845.272230248398 6776.553108220385
6629.955944002941 -1179.1427101922927
-1662.5948642749445 -1366.0770064597618
-9856.961752999936 6585.770752269069
-3020.2666339572115 -8151.370062548373
8621.211411297503 8015.593782283708
5229.262866304516 9224.240362999139
-1986.2533635792915 6215.6329245176985
7056.680402206341 9045.873126641047
7562.903417430542 1007.1157621297534
-1301.2402483539772 -6007.175513547867
708.3326249855254 -2094.2908189127984
5157.901654341365 1166.4055105992484
8019.922519749434 -7090.847209505729
7996.786165269237 -6417.281839411364
4193.394993641328 4508.193728245378
3230.0093090924875 140.25485772488355
-9540.645066629275 -7442.335767353545
1493.4983996870214 5857.373343631611
6197.913118666525 9992.196360622736
-823.6075332286091 -2915.1610901770628
9117.396901041167 -2156.2692953428586
8828.98867058575 -2566.20437445112
-7952.918959429815 -3384.3768322477554
-85.74009896433563 9319.677863634846
6210.266420342796 7790.825435569561
6849.353976567294 3307.7306289320422
-4214.549279634998 -1900.7503572888409
-9712.60752960894 -7144.037007404749
-3370.267122315676 -3857.8975421602136
9718.791833101906 -4413.481307875073
-6769.9946320675 6068.6222488280655
725.2371117212606 -6123.399950953672
2263.890875468127 -3776.689102827202
8598.3447153595 7345.238002201517
-1406.2102378308737 -7970.597776817772
-8461.041374675753 -2277.6401292852124
83.8049113511679 -8153.022808082802
-8718.078324396618 2621.763274433326
1320.723961061285 -7858.217244524808
-3254.914198980705 -1100.2468074452318
-6863.356105579812 -5976.533549704553
-2819.78237129064 8566.368639508102
4772.21942376251 7059.606583035231
-4692.635034440155 626.2652170055608
-1414.0593491386226 8244.55657999399
8043.16249678464 -9238.505466429224
-6593.767563517347 -5900.199313591829
2687.4531795795338 -2571.438867685487
-8060.40891739191 2105.145786121677
-188.48510500341763 -2272.6961749184875
89.36835083274127 -5992.2366780661205
595.0765322704119 -690.6984407588552
-8393.77589176669 8028.720366538371
5988.236572899175 5628.658447455899
-9817.326834436966 -415.6806692960945
7828.272499987212 998.1834371295608
-7079.435052814122 862.2068278291736
7920.2654226112245 -800.8685103191401
4041.7261093495526 -1560.1244669675725
94.34822447593069 4802.833557747832
5778.419747393302 -4894.164898085487
-7618.6893978528915 9897.691825324258
4571.669010508616 7141.3946810334455
-8297.82408790515 -9424.815287992178
-4978.098117843992 -8456.365944649
1846.3044235661328 -2686.3274931585893
1477.788048445529 -982.1764962733523
-2983.550985912455 -8691.04981593001
7715.527469321019 8040.189200557077
7848.123378370572 4835.661346701045
8852.280245449918 -7110.415176396951
-5435.4699249692 -2116.170312809507
-3546.1922597711145 -5730.715453923585
2807.214290922888 5599.929233570643
-2262.17449094968 -5012.227591683382
1686.5086941105947 1472.0694793608964
-7159.04327828647 -4859.947316339732
-9275.25740832783 -265.9747826478724
-9691.41101605178 -8671.332969905092
-7380.902344871614 7122.999173273351
-9716.654118037623 -7313.737947172543
2129.8928895074114 8911.163001016208
7309.282719382882 -7190.802057591425
-2096.0064324936648 -2958.827103955233
235.3285248531629 1184.3611593464884
3671.9434543876887 -768.9776404033419
5392.905897517479 288.9788263171722
8011.322772624706 7073.738058290863
-8960.946784389043 -4734.088182457718
-2252.2562535144734 8442.592955513515
5997.79575794174 1924.540180857015
9068.803775143278 4922.659536995257
3498.9043705979166 -4209.974022534378
-7444.78563218065 -1475.316376448407
2404.6041425448802 21.38288855168139
3587.2432283496855 3597.4202965903078
2331.1781182083487 3241.4443163039177
7963.497529530046 -360.27853458055506
-3386.161498623488 9669.481933956755
-5927.00192570893 8623.827593799364
7629.635586995086 -6580.131080102838
7590.386202462592 -3523.5303613319056
2684.5767703197635 -3572.141699203182
-7581.975406977781 2524.545343622276
-4512.4560368259645 -4813.817279691956
-7522.350535616617 -7002.715843418891
-1825.0057838638577 5323.852048919805
2958.140852250497 -4913.01746292806
1916.8410661335056 -4968.81991474929
-3245.1125730994336 -3394.4645454285637
-9674.680442678145 -1567.2837642454833
-7909.875347184725 -7065.843053060812
9205.040787640963 -1767.5681624044555
-9317.468979756082 7748.825321497887
8623.849366626797 3303.155295764762
2338.277782618876 6914.165949344719
-1149.4903700558207 1364.9056734873648
1464.6246383314628 5973.615265681865
396.6408948965254 -505.558897357294
-6238.924156773855 823.8847404367298
216.7372018890619 -4069.0208846256273
7221.999918733654 8446.897957118508
-8938.484846690937 -4509.2781659270395
588.5322265754585 9982.515282331035
9046.2253948215 7875.45419656788
4516.485365484863 1960.5366073479654
-4313.00886127509 -6741.844179271304
-4019.1010667146475 3170.617433523217
-5025.378667430334 2751.214142873987
-5183.242145821252 -5566.110227622192
-6503.226944555869 2710.489820668112
2799.3311708719066 6450.241872579296
2185.721052448309 -8698.8668149318
296.47193561222593 -3069.6408938906443
1960.4243820990832 -6651.286546242336
-6720.861725650624 -7618.207454955809
-7652.035905801713 -4778.123063466426
4355.293093982211 -7796.527963770754
-7889.1551744761655 -4659.593891953442
5496.251314796329 3153.239881502159
3973.0526593254126 -2124.7921028996043
-2746.5489426445893 -9211.86504713193
-8270.820609031152 7304.412076032411
9517.52323283724 1137.3174341117174
7337.30881222929 9712.42919607124
-7749.551891899511 652.6755875099607
8037.7876804425505 -6933.5440885941325
1125.4955879120753 5392.31647402666
-893.595869355695 3177.5857548294334
2638.5386400144926 1427.2989965840516
6541.888492445236 -5348.663702588549
6008.253273713492 -2377.8865678001557
5804.084366491805 -3144.948041298803
-4938.387921387779 -775.4097186519557
7660.516924585212 -6222.686155320465
2304.9892207235953 6111.048749294947
-9734.488843298228 -6372.872746356293
-489.8990752599184 3067.678474716793
7787.409499377543 -881.6770859719636
-5602.089281968881 1149.284119587377
215.84736841657468 2607.2680123712453
1382.5372462979685 8941.691895425567
-3577.551296737626 1599.626607379023
-4158.894945975795 464.26489021819543
3114.7151216809125 -385.42157340376616
6004.386977822998 2484.133258260743
6014.284992340612 4992.551131764942
4316.995959128033 8173.909087252614
-3592.85690974755 5955.186832846348
-9005.21747850208 -3670.2090173322777
-3845.2283218225093 4073.911079977428
-3488.9889166200637 -4222.849127011774
7321.6382331134155 -9723.86813233778
6871.782264280049 3125.818713759105
-1234.175660327568 7615.759895682444
-4204.9114352559 -1302.5369647916814
1355.9966201666866 3257.3808363234293
-8713.21996208911 -9767.392306328415
-4080.657292456808 8471.086454286291
-9389.355141890528 6894.981991488756
3591.4865675456513 -92.38860357017438
7278.689411212024 7126.070735261135
6930.81188282909 8021.086513946571
6441.633221977514 -6937.1387496417465
1976.0263456136236 9229.3770033349
938.5280766016276 1516.9724198629083
6367.208169974276 7249.62624272237
-731.6883944837045 6923.479345617907
6716.977009095055 -3980.719188741037
-1124.9693524957747 5202.9205458151955
-390.15915997773664 1710.534473873131
3392.3518661849994 9140.125354399224
4924.183788285229 4568.784288531726
-9128.092471004138 -4331.348189653925
7612.7475048903725 2653.3365739637666
-8476.091088406287 3359.7899524174463
-5356.113856254159 -968.7213319409275
8127.381903647591 4450.232562974992
-2502.729009011684 -8426.936255435096
-9978.720837394814 9902.680795662676
7424.11815151581 221.03640175528926
-7533.374077823442 8278.798523319543
623.4447808811128 449.75913586757815
-2826.2269591804934 9614.095695415206
-6447.768012768273 3609.6780416046113
-3082.2761804692236 4019.4654773306374
4778.809397830877 -5056.694198683749
-2581.577020167065 -8605.727475160771
9105.163642989912 8285.767096733278
3041.783493051782 -6578.974244862024
-7874.715433256465 2809.2007028001008
9381.155090678938 1921.8429165419802
8953.070218077391 -8356.828581600155
5407.824114329587 8692.06235551737
-455.27734440115273 -5199.095883156863
-9366.948803750915 1086.5124146427843
-5143.043423700786 9563.804705366267
-1396.9349633155452 -5080.893005944009
3023.771360133642 -9675.615371980388
7052.318487254157 -8353.40153792418
-7199.074073564047 6860.379379988448
7169.239844599615 -9657.539918052818
-7281.334079549784 5110.48324858245
-317.3965016988641 -3372.95603071212
-1300.3280304528998 7744.795901382939
3855.55946593493 -9494.69617012593
-9659.42250878468 3170.7313046574345
6978.262739263249 2973.5338217414082
-3378.158343775457 1087.786801998216
6578.951322489458 7291.730507227156
5502.144063597731 302.2347501432796
5327.226531507113 -5021.659135930803
-1330.1103752209765 235.45228586460325
9482.200376893914 -1130.6872702216315
-7334.190482471387 -8592.740302318081
-4257.928188578808 5993.527675209765
657.0558966610588 2148.2995653751113
8480.612643901666 -8448.15995876902
-4665.408310997048 -1106.8632547777088
9609.935235403274 1947.1221787078666
-7277.91701728395 -4371.577970186735
6687.833133535303 -402.15625561539855
9125.90786222694 4418.116652367846
-8608.112137819255 -4822.098997898578
9022.305019656407 -6599.567342345665
-9888.565825202493 -6039.459643189224
369.0834887128003 -8751.20639607351
1162.3987233078897 -7895.601817455545
5645.732093896097 7811.787616844445
9008.909216647058 -3995.1830121170624
1867.165241556886 9494.729955957719
4879.510196841709 3243.7708974131347
882.749408120244 -5081.883299741843
5294.687607913935 -2793.1215677682467
-7536.3332598000125 1485.9009369098367
5276.352346028869 9096.139668032913
-3001.934674417128 -3280.8119531229104
-8611.197378366352 -9147.808951613028
-7945.128518827223 9558.586791642701
-8735.381011006313 410.03426823903465
7643.525116284745 -3688.865624285333
-9102.166261095572 6747.335916107822
8688.317584834982 -6484.662155525359
8740.633108294558 -3655.4305085690794
52.42101275736786 5720.563861692786
-3481.249459635731 4961.410960523042
-611.9130435397437 -9975.363458218082
684.6233232575014 9043.971428008244
6155.920913034752 -8813.820546771585
5556.27966742619 9612.59110931553
-8652.472206987863 -8774.118198722232
9443.840673081915 8140.084814348575
1762.2390369699406 5653.532889979764
-1555.576457526724 8715.48512799139
-4869.965624932453 4805.319877511025
-909.8648015469498 3698.4807641098196
-2060.820334836897 3248.540945800376
-9337.243666534585 -8895.093306869765
6518.507859826765 2808.549007862275
742.6241028537061 -8876.201725761974
-6259.327352701823 -4504.616550171825
-6561.883535572335 -3548.31550942333
-1345.8781343452374 -8544.77929252694
8746.068448112255 6539.933005010902
4417.926891771658 -5955.586259998268
3622.3266707018447 -613.8575414735842
-8894.97583631496 -778.4378538345354
595.5918045072322 6160.708961671748
4255.830507188561 9675.699760826254
8136.565817814517 -6255.132935148358
7505.5882831528215 5456.347095147565
-1501.6390607905869 8166.6523884370945
8175.219188249124 2343.831377064729
-6626.987693028002 7956.39318565376
-1593.144862326115 -3204.0611665192255
-4537.1498085356725 603.4941147011323
1241.6380893342684 2029.6060057006925
-5055.607624256098 7581.429795725002
-9021.227630340223 3644.0311610000717
-6193.6744374614245 3818.0254756731083
-9778.775708257019 5164.227988836379
8172.0496896788245 6023.252120523843
-7795.125648693693 -6018.2907314645745
8971.161377147786 946.9312160501686
-3675.6698094935628 -3608.359186581464
4703.168490332355 9423.883397496575
-2789.9905037351755 6773.460635438896
-3459.3778828774657 -5025.77028563179
-6722.479579838278 -9565.379403090128
5647.770122718079 6761.696621640338
-638.2417325320348 -7765.243933861967
5344.731969784807 -4127.061576796383
-135.43929174103505 -6169.746925957719
6626.110886325056 1166.0512275012497
3786.151366440021 -8773.170007361285
4546.8564961527045 6346.592627694208
1077.0248684854287 -8699.57973140438
-4882.895540020507 3464.6020860488334
-9061.678792237597 -8955.719398267052
-2398.3773132637616 -313.7537046000125
-2984.8528861344903 6522.9243007446275
5498.3972917289175 -6021.104976437859
1868.7121082667927 -138.88004308399468
974.8037471928692 8258.571050031464
3679.5445608156588 -7931.133681720945
2168.7140945504943 3583.8804295160007
1825.4696286394974 7100.8933326639235
-9484.213612056186 6140.6899396815425
-5205.5693029861195 8271.915601831872
6143.109438654017 -9953.032941781734
3833.6382222998363 1996.499868226725
3373.2578378673625 -5582.641097155123
-1197.0474185217845 -4204.915402753589
5511.742432169573 -9337.758220266482
-1108.2107316361617 7605.330033298047
8344.72603483353 2656.1294736168875
-9824.73266559251 -8339.359992165937
-4847.199800810802 -2804.5182938190783
4426.705514312249 -7454.643665946701
2550.5046997666595 5076.11680522723
-830.0085697632003 3508.7741933153557
-3909.8007831068826 4155.581021674587
7646.749816626951 7717.792006859003
-2677.2156534075384 -5074.0076028032945
9189.642076751254 1850.659706627015
9886.685899393098 6408.019091005757
5434.537201469038 281.9480186692963
1200.4198916748628 5586.8320127718325
-4129.301319719129 -4918.484165252215
8462.96265880291 7145.994112486136
7419.540368836882 2147.913105190286
-7079.947810191174 -8084.556612667624
7048.908001156848 -2980.692856495024
4733.463960412251 2234.8484430168064
-6128.748612432344 -4747.318943647845
2294.194607409374 -9656.204279235775
7740.458764277948 1734.7057237352055
-5550.5906524677575 -8054.58879809342
5053.525681307146 885.3492351116038
1866.9065793229292 1250.1789817600256
-720.3499259747023 5437.933413470944
4639.755121668157 -3908.121529948592
3680.731201823013 5327.015072321972
-2762.3187634123233 2117.7136759353616
6753.6792493626635 188.1170346308263
9040.671206552666 -6410.136901502064
-2883.6694710860565 -929.0050292715459
8944.17039267359 4995.84461915262
-6124.825230534936 9190.779028361503
-4095.829604875021 -7549.7674941481055
-9045.481057698478 -8111.010172371669
3794.370250238526 -3219.5667415358084
9433.094730306388 -1550.9167345245241
-1423.487813347694 1224.366627566058
-9374.45424227755 -8991.175857548958
-1461.1006884303406 5828.080442939421
-5537.375003789327 4534.471678166123
4237.004687788802 -2083.5499247683
-7334.660858612711 -5330.619912422596
3773.9860432938185 3420.3029784720784
4274.691039298477 3242.306572061254
1187.835874476712 -2621.561433476327
-7709.9351757328095 -1681.644256173011
965.7934571892529 -6406.811134712989
4485.71809786781 8898.14904938993
-9914.447526921524 3203.309660609566
-1083.7585364277857 -4281.5288858929
-9513.288282260932 9848.15410520785
5188.257967977774 -919.7042961071693
9504.814628400643 -4867.76705771014
-3732.962440546923 2227.744411129859
-6445.767919821057 2259.430000718039
2403.1109497983452 4524.2038692394035
-8774.948379455866 7991.28086555042
8705.372823301477 -7480.5337439956165
-4036.9612168909707 3493.9042799118433
953.5664784008295 8974.422068152315
5630.64337097464 3173.303925900129
434.455611203457 -9992.503481215312
6500.93562668969 7258.938859891521
-2097.610976598541 8749.658477199922
2615.2504665502183 -1319.4007302095652
-793.6273866016436 -9757.489605300932
7939.23834706136 -2306.207797932696
-9307.829150018275 6786.606885677898
-1619.0788328097187 8743.992983222572
1179.3613702165312 5544.811741618994
3488.2520512056108 -6779.729288955923
-870.3195391278714 928.1598342968373
3522.5988709810263 9033.965316850765
-1435.607912850328 3139.3478720855655
6608.462587713439 -6631.767786831768
-4645.167366840402 -8778.371140868137
-7211.345520912022 8479.441324861433
-3298.3221543672944 -5941.453343327883
7068.066929130819 2091.568797639191
934.8956074718699 -4007.39772839092
1908.0681773520246 -6290.128742446528
-7792.257784611434 -4921.402533985984
-8862.534370105357 6090.295185502966
-4775.423606428113 -8539.940345073112
1874.8888022298688 -2863.770705624267
8833.669474390903 -9045.1917178216
-1188.6586075522246 -8345.639776322607
4132.591554276805 -5341.625151208566
6080.590986618552 4686.5506360100135
-7324.838475087223 9221.657377461004
5948.95410711536 8544.817653104503
3435.3639846998576 -5568.1753342866805
-9315.038915554393 4211.63747940664
-6624.97552345771 4823.168165992569
4223.271182924693 -5572.027592924884
-4221.539947724573 267.23406766354856
-6383.870165609713 576.5534473261432
2958.7136039931465 -3160.7673702123184
-3230.439594293075 -1621.8696068175814
5506.39643869469 3730.3838380209163
2590.382910629056 8453.535059143123
8943.56128971879 4573.504027003164
-7575.926471605523 6964.578594774161
461.4431191527201 -7728.201188378174
7542.370152191455 -1168.0543740813082
3362.306675380187 -4731.51079857797
6443.440230260228 1438.4161437911607
-5107.958163743558 167.546423135027
-2143.6579143779545 260.8919608588985
-5658.436297883615 713.4640321507541
595.3999049542635 -465.13337187114485
-7388.527684552819 6360.673918373499
9789.03587363911 840.135695664896
-8124.161037901014 5010.832656791092
511.49791763007124 406.6915403515468
-5452.614271701206 -6031.098975244305
-5525.165016850946 1974.9170606947991
4437.73768044741 -9233.438691356812
-6807.630828344074 -3795.666806254898
-177.16786288447474 -8775.801935343836
1903.8331989690687 -89.67633549894344
8064.970293067283 -4029.6903636245897
-7443.766013924342 -1181.5877720558328
-5490.590973217255 -1390.1225162713909
1263.4199750479947 -3939.1786143947093
-5435.204891731695 -1169.1160607817183
5921.231657511977 -4699.79837737962
7193.1500577025145 -8039.186272231409
3034.0181965728025 2150.5773788769275
-9523.484074776807 -7167.362280684612
-687.7813551725594 -9524.29452928856
-4506.21155266387 -3707.569085906872
-6770.402247750038 -8819.796514751468
3432.660709392485 -721.5582508855405
4482.652428899537 268.9663668285175
-7321.990207151174 -9875.933772541466
-4826.41190746637 -9764.467983270875
-2440.5313083612864 9584.858145139817
-4457.809182954422 4250.2259370315605
8507.325613134974 5062.351913760909
-799.1833996429614 -3845.9342344949546
4557.305881678643 -5404.871125887956
8080.625509279704 -9075.437187355239
3461.191810450462 -9589.775751424599
5676.098781359651 64.71465612450265
2101.643068119607 3175.6157159534505
-1321.217472841674 -5723.362806338212
475.99573033840716 -2432.8004774419433
-8279.898413263194 -8183.550882361974
-3794.7927939796973 -2638.6858204141954
7697.007279314996 5087.160194936918
3340.53676513298 3986.527953963796
-2966.8912930749784 311.49555870120093
9181.94726776785 -3683.9405284158256
-6768.134774686667 5536.719355885847
-4111.373287075202 1454.862441060428
9207.309894307804 -9241.302981033865
-146.5723066143346 6373.059381557094
9131.679041162835 612.5810400897153
1129.4349862843992 -1539.9399317619573
-6081.756101786872 4862.663634709985
7638.277552053707 -578.6276666714384
4961.527138650112 4834.097976282306
4456.200263267203 -8587.256705184303
386.0109609113824 -5035.657302450482
-2834.674014685801 6903.957568176647
-9191.66676648453 7812.344306241663
-9926.059619480984 4487.244849820801
-2503.107942522862 8148.625046574605
5051.038781711008 1692.924500889285
-5183.332506709364 7159.602963799
4786.778037692013 2847.566390986989
975.9900831654741 1334.6221921096294
-4518.109919397184 5107.600913323096
6345.884042444377 2264.3353500783596
8285.510983746335 9023.96764967687
-2998.479514588528 -6635.77013164566
-3757.7098356257 1341.0522416321855
2639.223849313663 7447.249039471619
-5923.946059897927 -2794.1843270593545
-7348.619895839764 5104.612264101606
-8171.306050945992 6560.669982725041
1895.5031531071782 8014.099888961529
-9810.62875453806 5216.323252380764
8572.615906183262 3580.2218837255277
-4709.483652030497 4948.4601350120065
-9365.981905413479 7720.842348146474
-6186.469095463467 8934.790802837539
-5735.584626457311 -8850.008179165323
5438.481055599394 8946.65044405948
-1756.71771855513 1166.7621074054787
-1011.497249217231 8931.98867818138
-8634.746208084014 5745.313459633102
1061.022518753587 5974.249603387458
-3395.767726674817 9631.210693009969
1504.3229117254868 4084.294634261387
-4665.189188788983 3184.432065047018
8789.372857647733 -1119.8262462404
7678.517568486088 3869.56884505187
-9856.742133202733 -8067.780895040808
-9078.708624827552 -2421.1146533995698
6251.9536530148325 -7601.426419786052
6952.505457697567 2384.0626083312527
-1593.4188034418567 548.9400049435499
1804.7689058391043 847.6056851802787
7158.700338506471 2871.9825655899276
-4372.37745721899 -1314.9408789152221
-4133.400557525874 1684.4703373430839
-192.8175877138965 7354.313640871704
-44.05775622953479 -6492.087303745952
-552.3413339842082 -3941.534117313521
3284.5456895457773 -48.912676521644244
4059.60704863916 -5316.171651612731
-3307.535611670318 2434.5222020933634
-2946.3376506041186 -6645.142644041682
634.964923002035 -2184.3541141641354
5517.422787249097 -3427.081903066025
-6262.622501084119 -4179.020012648544
5757.042612111016 -9684.043291464426
2177.2227353607705 1164.4011781116715
-2785.9857079293215 9011.318340169622
-9009.583461069513 3328.1550596662673
-2378.483750986067 5954.093419680637
-2285.245270451317 -4794.031791086412
-4356.38511378359 -4471.461802081818
1225.3003321622073 -1844.7507936147667
3744.511415134655 8500.268580303815
4182.6865552543295 5478.037441496817
3663.931125996518 2682.0858245395993
6206.767950073445 8948.004354760888
9628.663469759489 436.44429124791714
-3295.55196631703 3723.477843389044
-9690.837485456494 1762.7329605656123
1221.9257858899437 -4165.8925155376055
9534.021822751172 7127.690626723041
-6741.994503565842 3401.4505896165992
7904.053016344078 -2267.5543847700765
-5333.477078043445 7851.4166313906935
-7298.405651103765 2569.806418936667
-7907.659586969269 -5400.846282483179
-8130.413627420569 -8589.393290066004
-5673.213819603855 4034.6342784998196
-661.1436914052811 -9231.951328090057
6034.794707529827 -6890.169377397
-6389.038270414872 5924.154203009697
-3002.5644072215837 5426.054205809507
9257.845721318336 6262.58641349055
2829.910391709758 3442.6607563160687
1878.4670937611445 -6562.740815284471
3076.504079243443 -9723.995629978723
-8943.528018859437 2316.310366285874
5650.391216832322 530.160795769465
-7008.120772372106 3176.171784164497
2777.594142727243 9698.61143888835
4733.662790008637 280.6212500726142
-7079.1945221874485 -101.27864815613066
-4680.986688188303 -3235.1407718913188
5600.185682979414 6048.515660227633
-4371.026037113206 -1345.1812913249305
1594.658118830277 -8932.097729668185
-1600.9518435651335 1887.0530154308908
9698.628481078256 1284.1540911319244
2577.2855413129146 5354.7230615997505
3025.459171830935 -6055.886172336937
2101.2531179144917 290.34787569676155
-7209.558345228006 7583.243996514437
8169.214282927616 1706.1469560353635
5572.409077357832 2974.304938759773
6209.73728923867 -8852.044084439021
-8755.457242496077 -2523.913322282043
4007.8595560186295 -8321.152817645141
3081.329260267743 8825.292384074914
5824.852037107501 -4206.239739491284
-1009.9653670970856 -4237.679886946322
8852.515835883347 -5123.419565748862
-6618.538062960815 -7645.658406461533
2971.8687951120664 -5153.719314565719
2886.1740387015907 476.74231012973723
2539.971365249772 6798.886273097352
-4061.2376881812097 -9363.3623861751
9807.554990700039 -6262.820700727583
-3805.85297738016 5169.833304799673
3574.01976805945 -5109.776389139249
2806.31324739121 -184.73441164850556
3815.276720623724 -2340.064980550118
-3208.7250848357244 -231.40154835108842
3273.8105863519686 3892.0882924978305
2012.4815449044836 4539.324326248225
379.25358581656656 1954.307301780569
1768.278455078762 -7716.639804208625
-5628.339387828698 9013.73079059069
-2472.557210707576 8755.798697208127
-6871.415385360888 8942.21771256021
-4949.778322777578 -1373.880966256569
-3049.0445884992077 437.1029342568763
-5051.296718042495 7620.821432004552
-2558.3211189208187 7230.6690634258375
9681.76471773798 -7193.883037376645
9614.763359181816 7671.662370847433
7046.237822017152 5295.938293666948
-2498.2901041412124 -5502.665280950445
-8582.653280747969 -5231.781984032616
-1224.2148256764285 -2725.3516657306645
-1692.1253111024307 8395.013904624058
2293.7191813939426 9774.435563057636
-4743.074840250565 -1860.2606655777818
3958.26947079777 2452.467402225082
-7374.453263410419 9847.39293986428
933.9969002449889 6246.534699047101
-8432.101996730129 5151.352585011413
2002.514183081803 8058.804753356584
-6736.961090730647 2942.9484579924374
-7277.638479263506 577.8737795901034
3433.831568801661 997.6845578755674
-1937.4178531300613 -494.9109732383604
9245.85391981911 -9675.359724128704
-7692.032567534335 -215.12715554042006
1870.6203665092944 4903.237499241821
-3712.1458780167795 9098.936278648132
7313.822973683626 -2305.793632957966
-4640.740633865561 -8330.576329557352
-9449.295967156055 159.25964865028072
8079.043811707372 -1673.8034807656877
-6422.91627336758 6996.6151069952175
-4871.295532424815 9828.598364963553
-3324.0349195240105 -9602.814205865185
809.3009973099142 -407.7688441190803
-5983.945703985556 8848.901196474806
5302.924605695467 9256.39709640657
9639.932743610454 -5635.723921788289
-5098.969528890265 5938.04080224992
7966.025663086777 -1020.985274985529
9528.854250782144 -6446.8336208845685
-5880.078746015633 -3532.923704359343
2149.044393188389 2246.8737166266474
-6273.00243928624 8440.29979838953
3006.546651901892 -241.6972837486519
9239.721122584364 -4651.673127269729
3180.680076453109 -3543.0625415560453
-9560.614004528927 2367.237109566884
-3460.741730801613 -8178.122958200213
-9556.524810349338 -2237.0575719518456
6943.505146477608 -5704.162977400631
5366.220494905312 7038.069410033713
-1568.5680453509576 -1269.2032979410978
-4278.641832982648 -9981.309852611055
111.23686542417272 6052.371130312222
722.4659345061518 -9990.061848388821
-5374.793696115845 -1694.863009367169
2827.6924784363273 4247.189021871978
-701.5037746313556 -1098.6982595269274
-807.917286195061 3092.151000691989
-7533.925496148035 -7319.741171748926
9132.114204551708 1770.8574369639773
3975.0276236453083 -6703.270198663087
-7726.537926692321 2923.216988669981
-1511.6818382184574 6490.3477306810055
-9255.573144444757 831.4328004260824
-7029.993039292505 6949.699906104677
593.8498746415007 8917.255440443787
5610.845251679864 3768.9905070432014
2553.759013363666 945.6878657600482
-7542.94071263391 -5094.342515487005
333.39399649478764 3345.4257265640954
-9865.953214032697 4582.418722320466
5822.652986524134 1153.9687802574008
8310.61763358688 -762.6150807329959
-5100.567605979644 3317.984427941301
3928.311928312396 7411.04236991602
-5023.289198510115 -5572.815568390399
724.2431026276699 6869.04007042454
-4008.345260892279 -567.3951112574596
-7795.1902522292585 8294.902937063369
230.42333236776358 5497.860350265641
3981.5329453128707 -953.0753603521644
3198.7515599499675 854.5802005212681
-7740.820136513699 -7241.337694602464
7689.803677373315 4380.899407482126
-729.757490320626 972.6069005123118
-3732.8100932126617 -8405.460324174854
-6421.257584765814 1531.76248094306
3572.4528192692724 -7150.344139270206
-6569.756242522099 5114.020117312479
-817.2733689675752 7749.294936942231
4703.860817378054 -3920.6272551599895
-5814.315808547163 6132.962751227258
1525.947881891363 6710.166691984214
205.29666553140123 -9528.550596678475
-2765.920496561458 -5040.245400296503
-1696.6742007640696 -2901.2714070024685
-3866.185729080443 -5014.949595335314
-3002.110073636477 -5566.609567428284
2369.6634133233256 -2976.3312974698583
-6418.166776493572 -4810.266923583093
-8764.42590415014 8586.461274079571
990.0522867823947 -3448.7070188089983
379.15889721786334 -7528.555526707858
3656.32962311713 -2622.7567609186763
-6392.208783701967 8765.240916708473
116.62677689865632 -5265.242830824343
8383.611579872471 7783.344765771137
-2442.791403612141 -6601.92181216785
-401.6153420747578 8810.648311558194
4072.365840347582 -8572.29481260686
-3151.947932400314 -4461.156839471385
-1912.0880052460489 -7459.2539400593605
180.74146379161357 3257.4572767618793
1223.0386991567175 1706.1636571577637
-9829.111829038524 5140.444627437319
804.5189959813579 4246.277283979458
2176.0401521387776 5380.405713845257
1313.6543762557903 -9301.443864163399
-8238.181451226304 -4542.329753085705
-9762.235360542301 9789.381851694114
-1465.5868654730457 6491.624200587743
3114.4332185291314 -9905.871549343397
-1001.0999610919389 -4593.164603824518
4998.116233364051 7305.550638089117
5565.572350432565 -4443.333180459761
-8854.855957414218 8505.13617390057
-1544.613587260279 3482.2413445944494
8404.531051643262 -2570.266601575091
-9990.479041197776 2644.7707600460653
-9381.561892980208 -4551.584419441557
-3213.0284362213342 2254.409813496821
6277.518813186354 1812.2106481197734
-6162.017951808302 -5271.027501789869
-5257.201327536416 3711.964868424171
7670.055612391181 8850.982083600644
-1462.8609333246732 -8222.711671037532
9677.15841430052 -2648.3028911152733
3525.7404824507885 -127.84108114447008
181.66201976637967 7435.909672236925
-3753.4461557398727 9390.441855361303
4742.463456239258 671.4564117325026
-1782.1296732008323 -2272.7742807083077
-988.3693994667028 -5297.4372170794595
741.7598960551804 8199.529354327147
-3824.1676770431777 -6593.72913369275
538.4509181455032 -5587.393913381782
-8102.291284269229 -5603.623454140092
6488.131448457709 5915.704716229562
5676.252020060367 -6810.551018937854
-9176.924183924024 -6036.174740490974
4674.172241058079 1882.6649772660367
-5695.609205272503 6299.650717058354
6314.125419908083 6853.3434725627885
4234.093606170374 8092.494869591224
9324.59248263251 4775.2269973860275
6594.637511818688 -7481.237915828223
-579.9003104313178 -843.2905538471932
9174.399350204923 8941.079372992004
-4570.619513829801 -9358.633760517025
1229.060913472249 -759.101978794466
4438.982275166556 -6528.704393733282
-2954.7805551085357 -6417.954994921413
398.73131931570606 -2201.0469869991
5713.955655712081 -4269.6660848878
9639.370933892951 -7056.716812186616
-2511.481812800982 5027.019826520855
-1118.4039522535786 -9778.846717619503
-1708.3305739099287 -2788.4654277740874
-3430.3803889024384 -4354.792359861745
-1745.3542238638547 -488.4142452917822
-3258.701528652412 2564.4472133114486
7611.110828461755 6766.374981031586
-3849.2311110849278 2233.982076324455
-6164.143503925006 -5178.667510245098
-11.566271184417928 6335.561998875508
7609.4367088831605 -4969.567412338783
-702.936749124061 -369.3503782744665
-7993.679165191072 -575.2017475612811
-5938.3369942353565 -6787.048200832708
9245.543309120116 9953.97842290115
9954.682547851367 9237.490380012452
-7590.741357703081 7178.914279297249
-6152.964952804652 -3461.5631591399906
-4274.005946582662 -6106.711466464681
-6550.690835276257 -6791.895660825268
-3668.187536073364 7372.590956236763
9826.458097131588 -3005.3632545227774
-7135.999542596874 -9702.095602087047
-1966.8394916932994 -2713.9009349977905
-8191.705438251291 4874.058512564263
745.948048901173 3483.8204146390544
-8787.913866443618 7259.464523623792
-7477.891237059184 -6271.99187615269
3192.423330247042 -9852.405058608434
8194.274193692567 5223.796067149908
1609.058875773615 -9812.26692405138
7913.510530743431 -7173.94119960697
-660.8157407746348 3905.26405209983
-6517.366135707376 -3923.5337106065463
-9218.091272477897 879.4523543282467
-4124.619031074383 -3453.5779442276835
-463.07048875281544 6159.286337035412
2215.975126463585 -2875.3239847613195
8643.270576173596 5245.641836274781
1997.522673190917 -7201.436559224352
1330.3505211512584 4440.671071555091
6946.595387597114 8512.975465702184
3925.0621744589116 -3037.0325232754867
-3304.7511629878445 -6148.675517774558
-625.0562054441762 949.7330746496609
3300.640886556552 6567.924027419533
9788.932406347532 9314.811283825267
-8343.683252746252 7411.356088474669
9463.594925142217 3404.119121996815
-31.86819489869231 7213.560527437916
6054.138297884781 -7512.338270086328
-5278.301520051161 -6120.469041089047
-3134.092584869659 9349.968183730358
7947.136027653563 1697.6642442552147
9683.482163023593 -1411.549004638353
1090.817522685693 8300.960268713836
-6879.099426321409 -1298.1666900026357
-567.2802829316843 -4355.567738370676
-9832.073658097823 1648.4654155004828
3741.867905611429 -9475.76270759031
-9576.29826348376 -5723.014090676819
-8258.700627705277 7449.197356071214
-8549.48114124446 4879.453489174039
-9042.146938830561 -7914.463633284173
7746.857826598873 -4910.267819993123
-3338.9831699329006 7030.812769603661
7030.246413830886 -7552.4456081376175
3848.956375218575 -6666.811484886177
7836.889859967196 -7828.636815374892
618.7656018039634 957.3261215481562
-113.55241053995451 8030.674183148007
-8238.12158552371 9308.363177724845
9226.717055727502 1681.3637085070004
6054.492839074066 -5039.427165764571
3864.406707972421 7424.937866872373
8466.760392526015 7897.473941659919
2404.578177647685 -4924.492200242654
9393.402487587122 9855.305812972521
8162.7518338700975 -2534.1675761856504
-2987.6775481683635 8771.944420940508
4280.06529239293 -8903.536401506672
-3993.317120013051 -8121.504519547929
-8436.711466180488 -1470.3225310998168
-3860.1638250122087 -3369.054524360249
-9912.091848280585 -647.4692664879203
-2448.616417653311 3464.4185450644763
-1956.1132225948468 -7118.959410072481
6146.564522008739 7262.740962421045
6870.125724754711 -9749.858910307066
2080.069960050172 5471.162897776134
-9584.947556811809 6131.7258241744275
-2910.7145223592834 9940.26020967008
-2322.8307703967757 -8954.258395008232
-7689.12374535438 6874.174318603342
3620.8015580734846 -5923.041560647911
