979
-4078.0188555358054 8345.80822083872
-8448.801781073435 -2741.119140506309
-1300.1981539181816 -1381.3120738719408
-7472.114277192108 -6303.118480947152
-6901.633984744894 -3105.4630348392
-9635.129778094473 2797.5783465735058
-7848.01865240472 7245.795497244937
-7259.672681725413 9677.638390842058
5759.459886846627 -4886.199375679467
8844.297536480593 -4584.408710613046
-38.75819561112621 9590.561018253917
9055.564425434884 4671.7883052795805
2872.4992971701395 3884.983271862222
6183.258252250618 3318.065561715579
6489.132647636965 -2937.4611203754866
-9570.434412669252 2808.6836021411673
-6006.253074064236 -6786.232187750829
-7797.427834023807 5153.018927533267
-9276.173348529006 398.4200776660746
7005.919691174608 2604.3816292048814
-6375.490214167956 -8971.553579939091
-5145.377622661633 9558.249592976372
-1206.5094605199356 -2205.5526949862833
3014.0353292132404 -9342.88699568599
-364.2332166867418 4806.604182873845
-4668.3651648653495 -1271.9792173070073
9181.07285599113 -7687.480194053777
4028.9096653185898 8932.840833153023
9277.023246124056 5170.796124738608
-9456.656864556782 -8609.854589587134
6656.129120717142 200.59837593560587
-9141.906151933847 3531.5290293666603
1285.0154536349673 5593.839947835593
7729.664159652664 5584.098266340827
5939.317472889201 -3231.9525165991854
-2678.5158282701514 7824.749283040448
-2392.100394549403 -2645.640578628403
974.0066384818656 6630.775767901836
-8884.817411713053 -8543.471083621176
-5810.443957824012 -2144.748172281652
3260.5391746556834 3883.1910695442803
4382.839570991739 -9315.468558501505
1808.8555618534992 8747.08229295786
6545.674270422056 2889.1252306392107
7826.525230172501 3641.2868524631285
1697.149290236035 -741.8858146451439
2142.296629017579 -3455.9939068720614
-3161.902504099048 -988.8339649690333
-2877.455580347172 -4330.262438205746
-2898.600561434064 5111.129583492027
-6514.298585136647 8676.176786067612
-9112.692271001026 -1345.9119014958578
8540.732624645028 6952.5387471700415
-3004.3676700096557 -5107.34733798613
-2980.2980943926523 -6843.579246396554
9114.28355996632 -6047.804414372442
8584.626446262071 5732.725236235441
-2503.6744844281666 -1071.385407077545
-2876.021489813752 2839.5668981063445
-9744.650337103929 -3189.8587369109155
-3885.6546823153985 9922.501577801588
-2568.3637821927423 3544.5933757693383
1607.9169396123489 -9880.189420196375
-170.77841109473593 3577.401059070109
-183.3727204274128 4747.991043711505
1596.6538574723127 6314.6237007933
-201.070300832489 -7691.996788285609
621.870579598597 -2780.915699937601
3415.344211173877 8769.227091621422
4034.286335333263 -373.3342903945759
4504.069811616313 -670.4963293832898
7454.840358958645 4873.705669372794
-2861.8832780174343 -7583.98307215171
6107.408487843848 -7044.6600405433
8860.55760959057 383.20898149794084
-6497.366666825892 -6311.450821607867
-1045.3361155329258 -1819.7038448962103
9127.895548009874 9232.570244299975
-5909.1486554302965 -8797.609549881196
424.79353718995844 -7176.759490880946
-5897.500778964318 -3394.395110676489
6308.1621329241025 -4293.252609865654
9177.884089736897 8557.964175036606
9578.31284719946 -5487.83885174112
6415.611255003354 -2785.6922423213446
3800.8404670016553 -5318.955200003912
8476.088892450425 3644.817196335016
-3424.014139289142 -7923.6785835536375
-28.255639935721774 -1486.8200336597347
5592.217915383655 4521.5100419551545
-1726.1583428441572 -9008.186406954166
-3543.6658480441374 -2224.6749321456045
-5426.091765744032 6217.993025954256
2015.0557646219895 6325.55654995879
8322.945949652563 -5463.890315874349
-8269.27037439045 8390.045096934846
3581.7438028599445 -6162.284978171735
6646.422289123177 -3358.521312200016
9350.78249801806 -2497.6013783407816
573.3396137396558 -8573.363575992065
7608.362402330691 4758.95618556796
-8643.842578895754 -8370.37934644833
2570.749518254079 7727.7148722569655
7419.520011687873 9832.514484177773
2598.293351266935 -28.714765011756754
-5728.4016627516985 -6944.181846592381
-7793.380826844421 -4927.58365787886
3238.2789487895243 8114.917791698343
5802.158697667812 574.0372552590561
424.1896873119804 -8492.2580188336
-2953.562366428737 2557.975088782763
7744.440716901219 7752.68663351137
8163.698774593959 -794.757090552077
-156.39564939454976 7224.764965496823
2041.585854917721 -2127.798621470325
-9183.873358809893 4791.87849727773
6634.780913532715 -466.69920549979906
-7135.002895507394 -6068.017535697507
-4033.363266245222 -3117.4794413662466
-4616.809784253519 7515.84627814783
-5065.992950027962 7952.019601575394
-2584.980375970483 -3930.995260920009
6155.625310249186 -4202.064598987007
9052.219761206245 -2919.5967031404016
-3735.4460884131568 6619.652641838482
-1957.779163983455 -5195.846972283886
6330.36097581174 -6379.708252691218
-3266.2619706703545 -995.2951013001184
6506.863460693319 1982.5536317988608
1457.4540430363777 3224.678095653506
-1463.595836812221 -8474.521229090386
-8462.772640081253 -1591.5381257672416
1401.8132580614401 7924.076150284211
8349.922142322434 -3906.367959211212
-4797.663074678957 815.1842190989137
6199.5995332188395 -3113.875736984357
6239.992019333362 7679.3407437586575
-3755.5186880514357 4564.011983020968
-7662.052652926585 -3920.169562571401
-7687.261225825324 -6091.355328269321
-8427.300846709673 3656.4982015487058
-6834.171620291563 -8759.192841127759
9886.954662923115 -4786.680860911725
-384.2583289533377 643.4639892889318
3460.3032389704967 9305.111636581754
6875.200144790928 5981.570883319639
249.90262431609153 -7079.7924078721935
-7382.520068439504 -916.6750949553207
1773.5745055900516 2172.2794857013578
-554.7944537167932 7826.14189571383
-9007.157821659692 -644.0607300800057
6815.110186130245 4374.556857735317
5063.624633142252 2287.133241034964
1938.4182035497706 3446.141171283556
-7242.570637730058 540.7577471971981
-8225.844579776154 -6764.556069239716
5516.070576754508 5014.325320955739
8955.354841879034 -2495.130241816779
8388.066777218184 2187.9282281530905
-6664.2164134845425 6355.30695345073
2505.0573718059186 2517.136570777455
-2182.53868300706 -4681.767321499126
4291.708733992766 3586.8884853976724
-7783.088295815952 -2335.0763080928937
8262.7540896879 -7029.171512521153
2150.735477101429 3207.3104298706294
-9954.041416595455 -6818.0426784529645
1268.751310247826 8368.91227958036
4179.95805022198 1666.8662313293462
-5364.391572914329 -3066.790168370828
-2728.9176525632183 2487.2269515959197
8659.431467909286 8630.701324139005
-8746.577496301354 3148.631707259694
-1311.288503659087 -6395.1885691762245
-6218.438051880974 -21.74375801627866
-753.6834620949339 -5199.285626004766
3195.5442296558886 -1480.7405156281056
-6157.848780079092 7450.0462550926895
-5967.183826173239 -8398.796725557499
-8596.353575826539 -4921.608862049021
-4277.977161905813 7062.216475559791
4585.922763758652 -5158.681617332694
-8121.28955532345 -459.99313103126224
-8428.875006504331 1498.6718002326434
-9466.871928765026 -3684.7524341898106
7439.0782921524915 -1034.294032494694
6655.486347958464 -4117.742826864967
-6210.920536959575 -8866.429450334312
-2495.8058069116287 -261.6810109964372
-3984.715864440551 9530.563299280322
-1392.2726140844443 -7175.634302858376
-3514.1819054041453 4399.458853804905
3600.9689732520746 -3883.8194012970616
8848.385492058951 -2104.8546396335887
-5328.005858013645 -3943.3279293967335
-6217.189669477335 -6639.308697705852
2035.4385873813444 9836.168550948762
9743.60611302955 -6981.114642841692
-9366.250668866363 -7030.893009820343
3583.312090852587 -2079.811261181577
177.7590699958946 -3818.118087487809
-4579.990694005985 8616.945942807673
673.2001289226191 -7681.967310197477
-289.9332259345538 -7212.385066810732
9739.914002935864 783.3509873342409
-9790.158404300748 -3086.3279244810556
-9684.321307993354 -3005.103653150043
357.69976358562417 -6884.238040038923
7746.727436004898 7364.323275011091
-7419.612388439336 9384.567868612692
-6197.808904095858 -3462.6913336871175
-9874.561080317777 -8304.224382263867
1809.8533622403502 -7072.7015858903815
3243.959181665128 9877.425823534952
1895.757241852638 -8976.816198637787
-2104.2200981050255 5601.841568985697
-1779.6285105933894 -5483.073151697433
9621.643774195105 -9496.769943037601
-8860.835342945336 2988.5607499770613
-2175.2773078058453 -4824.036018420336
-3624.39160502261 -3297.5947927647867
6426.438991758365 5687.458485914649
-9420.23336228328 -990.2741542463718
5709.210233937041 3243.450348306429
-1944.1857467621212 -6080.508068202038
-2868.6042737115304 4772.414671732051
6976.943337859433 7590.276003076287
7997.382592819002 7449.7403750515805
5066.318245086048 6812.764363799419
6088.396232965617 8561.205793168254
-5492.14508780447 4993.729370760277
5707.285750520388 3609.193955021492
3760.7855375950658 -3281.252762786291
-3936.808332026043 193.99819451397343
-12.888574470138337 5662.324991498417
519.6453080034571 2956.4694141579894
-38.794648584569586 7430.533641984974
-9047.673906396925 5747.1727904541785
-384.0162804050615 -1137.376365349015
-4689.656833920777 -8808.8880374867
-7209.771020234805 8384.527056458272
8447.56836626586 4946.004770029307
8276.778906694868 -1801.4559018578766
6388.213271651319 2205.982493650152
931.4910023772791 -1590.074927615031
-7586.521238071151 -2618.501922958605
7388.007214268619 -4367.5449553826675
9703.78659964136 4390.148007940839
-166.46908097554115 -5818.426442416433
-256.26303006628586 -5378.012066595146
2335.967575035762 -3345.054806268624
8294.606674409297 2396.8618646790655
-6627.057067438631 -7483.182904389654
1461.8527962763055 -6389.850219601809
5498.3692991040625 -1756.0930141061017
-6767.256732524198 2267.2520096345506
8492.380791858945 656.9632716499054
2831.890826681907 -8263.96747632362
5875.624822294305 -3746.4543385055913
-4659.870699349438 -7199.645825350624
6329.041699280275 -6326.003968288398
-7755.178699165235 8976.739704850614
-8654.56987799634 -6126.051874124094
9937.341587827701 1060.1014903834475
8349.249785574044 3143.157919516045
-6353.857693819491 7493.388555435689
-5443.738314613149 7801.8305476245405
1891.4589382140566 4909.905571657118
1004.7749287518054 6222.020473915252
2270.3755588814656 4075.9674267279224
-1524.5839910919676 -6236.901386590254
3228.613336868453 -9534.549499723616
7426.49773407057 9276.68300582144
8448.080731331898 -4173.2777035281
2607.214404566521 -1972.1682126499581
576.8642980505101 7356.322694848059
-328.94220720859994 5195.7078616170875
-749.0009125249198 4472.687332449312
-4103.004633441019 6558.329521452451
-5294.977610941644 -312.89550003027034
-9963.894873456215 8532.428368707853
-7259.042174727512 9697.998707510073
7336.532025830824 8430.838066669734
-576.9570696544306 -4411.44238645431
4959.7762887474 -2383.7488697524313
4588.163321925671 6886.601132749307
-9713.521978195326 -4828.4186230030145
-7890.381597206002 3249.5168830447
-9979.970515952838 -2226.424695359766
-8175.503349203969 9665.985558292381
1531.4907926327796 2647.7280181853203
-6867.4089850323435 6320.121930555273
-450.545932262743 4798.958136440464
3497.4513375403785 2642.5742139140766
1083.6396365747805 7153.909973901955
-3572.1846976711076 -3422.9852629534553
9381.185954909382 -7182.851966847244
-7009.673722627301 -5280.617352731049
3749.7307075355347 -7665.0728019346825
-1497.9088318393206 6741.12095993563
-3758.450185269555 -4323.385694460502
-8225.696202808003 8386.579849342234
-1521.8259702537944 8585.256339381987
-1874.2058910675642 -8661.353160340142
-7694.944443728413 -3984.8091573755355
9358.041132682632 5375.57776402602
-3498.982904968826 -8434.008026615606
3980.829143329265 8495.913790691517
8427.374004607154 1138.4722267333473
9200.391148023955 -5932.734540022806
-5713.233001599922 -8520.155718574259
-7470.469133654708 558.6558271709437
4571.914654245591 9851.569575980051
-4648.113024185085 9045.025669161212
2319.63089081396 9744.81748861754
3370.1357006261915 -3573.597634369534
-9054.367068191747 -615.1322512158767
9590.610428163971 -1816.8553510985676
-4279.203444146769 4707.197619526209
4344.451597682122 3492.5791545772117
8359.69209019233 6554.398201373831
3818.0688727720244 -2338.746481127081
7727.379163846141 -6965.530735745824
3663.3505160982004 2080.9401876525153
1330.5989704951626 2297.456764896491
-2519.2913794026817 295.41575515072145
-7955.341754640383 -1571.2108313361914
-8684.291815694396 268.970651704949
2437.451121899976 3724.0909148917253
-5217.313610313836 7576.491095136134
5087.233172785334 4301.643344915452
-2973.5851640872843 -8011.130852865289
-8549.096362047356 -7174.919415657133
1455.5279348397708 806.4023073883018
4124.715678493303 -7949.6911894446985
-2970.9154455967155 6296.750572950905
-2250.503969349913 -4022.9606717635843
5850.293172526828 -8277.076095686298
2347.5926156689347 -8423.252304594294
6919.0858721196855 700.681043143326
-461.0448996378145 3385.2564635775816
-5882.120874113721 -1996.3767249455059
6868.875851178211 -4310.4405561464
2852.5220053963512 -3561.820776735518
-1609.897946932775 -7395.0868977320015
-5756.918639665514 -5960.424150274408
-9322.828844527605 -4970.388449779355
-1643.2212485985474 -1406.1966485610628
-7389.014365624391 5281.288677480092
8698.038529098656 -7630.517164809494
-5443.212103739925 -4840.021123852445
9018.274836051249 8947.454309382156
-2031.1267428878718 -8750.412248309665
480.6909809919507 -3835.188207578628
-9.488880843204242 2460.8166070361494
2313.0310994274223 4444.010878402105
9277.716974548406 -864.9889914251398
2303.869258067087 8156.589042667947
-939.3301080194051 -9530.21576950541
-5154.312205367779 -825.0642583955741
1366.7243389047962 -2406.3044024303263
3700.6456706379595 6394.468195794576
-7635.881123456209 3308.6570677234613
4262.595178196758 -7237.538934294523
-7054.343489357027 -3664.850819666174
-4188.431199380329 2228.695890394474
-9043.240594982955 -2163.258898339577
8104.599664431582 -6963.006137198239
1882.484403226621 1066.8035929757789
-1380.5896046137932 905.6081287486268
3343.2299887263416 -8828.279370724667
6865.153255032303 5898.355180906476
5409.01584113987 1501.3108341536445
397.04196989867705 -9832.72930335352
-6472.613871040394 5218.562081425791
-6480.629248496543 -9748.517256222733
3770.132413456289 -3432.7868956376115
4134.07728482596 7245.901074449197
1139.195334330032 4847.098918304999
-3210.3427536929094 907.2249469257731
-9167.746379891883 5963.599622740645
707.8954852132483 -356.3133294827785
-346.32518613492175 -8641.075032794553
-9586.463192201516 7338.840482137082
166.65045285956694 2199.3892482792526
-6435.324744032551 88.62828972100942
-6282.50597492209 -2115.782018613557
5679.296957240116 1184.8441633766724
123.2452306318537 2257.853568915105
4676.063570400078 1057.039314375892
1598.869397178627 -1650.8808523587195
9495.088048594902 -9611.190200854122
-3589.4934308496977 3027.0106937073324
-3462.8958273098624 -746.6879240385897
-6223.627634399247 6654.297324897816
-4742.911575900473 2866.763978640918
5697.077943688913 9636.51141512513
9971.051307658618 5437.591282697578
3682.282657360336 7705.315843832825
-1217.6289709481316 7592.789812415205
8750.759900753663 -9158.352768413757
2506.693689705471 -8.029697324827794
-8383.896059890423 6935.433779077732
-3427.909147524888 5993.473451818654
-3369.5327588554783 595.0996621011891
-2906.1897990128327 -384.16339244417213
7843.872135274618 9961.463547309653
8670.61859529145 -8458.192787492677
8446.794194247701 9947.061386243571
-4077.610089722052 5540.996630665391
5898.879915638723 9013.309143213119
-6613.751871693461 441.1870436802765
4206.80369059172 -1585.6515077100867
-888.7673128136248 8657.195466648649
2099.4406842147328 -2222.190302173026
6139.101502509917 1290.1168272325012
1258.673305483935 -1040.8648881925965
-6968.437443864459 -8061.333118084713
2299.320174127959 1297.520568877395
-298.1464394371196 -3381.74439064693
7851.818898144345 -4282.070127455327
-1968.7256138847433 -4437.669893873531
1886.4597114114986 -7434.956316398829
8098.907809594493 -5815.575727929181
-7671.878484392451 -1378.5782773863848
-9674.55915479188 -4891.733957268693
-9954.38772311064 -7546.456335003064
1429.6406867940113 -9072.798660222481
-8540.11768890006 4045.821859386404
-2181.2963568350715 8233.088325721295
-5699.476991358423 -5375.930342352753
3881.346026931993 -2541.2664820609225
6450.132089244336 -4363.677687450067
-5374.826244142885 -9793.154414097735
6351.273046052547 2050.310592363998
-7802.500007457718 -4007.619622776466
110.91799262491622 4443.299255846345
4051.469572264881 3704.069608793927
-4777.582686144532 6801.401868649129
-3133.0266414861317 9594.823697639593
-6264.8035247378875 -7488.111995558784
4808.5121443990465 -6760.3976798105705
-1262.4641077678425 9723.420581954731
-6700.181286606148 5653.266995390544
7177.949862123845 9065.546894600342
217.70394761790521 -360.1805892711345
9335.826740160555 1660.182953397678
-4744.750514627498 1448.3442731431805
-9337.837654254676 -6575.753907674953
-4822.8784923919975 -5060.116613492444
-4753.634472454771 -7146.026510679282
7787.447444959951 4723.367837753325
1825.2698878632254 3797.8971865224794
-9346.661086241445 3097.6443041078855
3035.655127916758 2166.8324923654163
1974.8130591281333 7140.540633646895
6521.715257776374 -3904.3476882082277
-9535.486381720271 -3085.1839403077074
-7455.906641543981 2763.025341972736
-1301.7095684557225 -6485.24555776379
6897.232659116846 1891.6983421573532
120.35616015445339 6556.055580254539
226.97749581563403 5893.31584463995
-6265.6120908078465 -5284.398071232106
5250.483490988849 -311.83210271548523
2484.6082097282324 56.56310091209343
-8084.3188419595745 9421.673479348974
1428.5223647170624 -2871.772983774068
-2802.3261953647216 -1384.2002939457252
25.65876866529834 1208.8372838360374
-8985.384624463428 2735.0384776225073
-785.6910201512183 6563.635756233354
-7344.229021724107 -1287.0396167221352
-1579.0837844469988 -4780.797978403144
-6850.389813550604 4676.764579845145
244.426774412721 9509.09888209865
8159.953896567273 -3076.3316399334362
-8719.43143491978 -2475.2632566284547
3283.335880968427 -3855.629589148448
6398.677086923453 -390.73491529347666
-969.0874817992444 -7044.7693174673495
-9243.649623870273 6161.229898011032
-3686.6091578118558 -6007.774872128293
-1065.13430169423 2268.610086923032
4907.627988844664 -5863.872690138852
-6199.052664394238 3072.783409099793
7168.67883333335 -2120.213680174843
9048.135788515377 -4734.146478775061
7161.25618649281 3414.7648022990415
-1156.3414075354558 -5246.306114517179
1419.7031260123676 6706.022814599983
-4395.633526638058 8270.959596514964
1705.7391509030367 -360.27893390867575
-7352.055558498154 7613.231378845987
2418.404044597384 6270.641118366466
2313.2761812471417 9155.353111797998
-4279.229884591631 4262.112135618985
-7883.5153532282275 -1546.0536107918197
-4016.8423643597225 -5197.252601496838
-8393.15930026274 9985.97082599343
1802.7376358659058 -6399.29719122017
-9190.630509238723 5454.125164853227
-1355.4303629844908 -2002.437606919203
-2511.3352953518615 -9406.221897569068
8059.272299851771 810.3842182518401
4941.052564484828 -9954.9764494749
467.68379680293947 -9798.179884599554
4619.922413014863 2607.3733705022514
7663.02404406467 -3305.3501595652433
-1378.3121683414392 5073.494513031259
-1533.7694790365695 3388.4717598449315
5907.496486869268 1842.3033194706459
-3619.711056313564 3502.684829070895
-6891.5246372415795 9640.650773948495
1624.542797435579 -9438.675663564634
-4140.063061326316 1936.7183704561994
-8409.880686885048 851.7039006312243
9832.643785551241 -3992.830815085733
-6457.23656144453 -4769.769477031376
1976.8728906243523 7123.989106424477
-8690.465955333142 7915.158469920541
1967.6901226129448 -1044.126046138841
3720.9659700678294 3597.4662656733926
1437.4886568716483 7032.91156706911
-3259.541296671273 -8982.566489161789
-5695.492404379745 3002.222494012789
3497.81842403689 1095.9097860399634
-4646.294207444288 1406.1270057988695
6854.018115606967 -9224.330407102118
-3800.9813603369876 7843.312079524094
7659.414897122711 -80.34371041273153
-2146.3211465857257 7627.376118104443
-1472.190370549397 7929.323862920133
-2642.052269323005 -2563.959830707314
7733.892955660434 9187.686653582266
2261.2460628264653 8948.217659852195
-9248.22274990019 -8001.896514649545
1228.3496301166251 3095.0388179983347
7987.472030809389 4381.218279999066
-8363.053942683522 6304.837276232978
-3581.6838300611153 1908.8917181158577
-4243.473393113833 -3998.989775555584
137.5313322443908 -2304.6360096748294
5946.236095927969 1615.5655820656484
-9787.769569596105 -7267.7068660732
6281.950985706855 9510.086369455817
-2201.6478581450638 -4054.279258997147
3120.5308021085475 5449.735337496844
6116.168316640484 7669.423975390517
331.82524083406133 -3345.1588654883935
-3324.847298320661 -2329.4837287127375
-3723.3119681698936 6958.504061365664
3047.162246275666 -570.4295714478303
-918.0982042452033 -6772.424083783992
-8477.96048554166 6068.936505390535
-5639.432059869891 8958.260452380684
2139.8961138712675 -9860.657855665564
-4750.813447858995 1836.5057866815168
5879.498353651956 -583.7398184342146
-1519.7118854907203 -3942.7544202620666
4192.327597480968 3923.9433454570844
2182.1535240953635 -2674.527569665923
-4392.94866549847 5596.424871104768
-8805.197513501422 8716.01391884981
789.287643820544 -8698.808320472204
3914.0920677676204 -1052.1934141225847
-7773.2923356824995 -7607.350183178219
1023.424654656681 1132.3528258497518
-2380.3161065848453 9528.89896024713
945.215423482734 -315.0354152012569
-2907.1740700870378 -9823.259798967536
9441.928545717281 5841.294616250943
-6497.066608522837 8046.25602735945
-8480.845406343773 8100.568718698651
2404.020457746743 8637.697825565192
-7369.1596583750725 -7079.161797703784
3640.247322564808 -6850.172328345954
-6840.539537814876 3120.4696193281234
72.73392603278626 -5809.735547058514
-4758.442867623938 -3305.989568936152
606.3959459958478 -8955.2035716188
-5768.257500073301 7129.459340534202
4468.098780601607 -295.9800399574997
-1554.0888602127834 7817.888399203144
-8402.424871038042 -6587.924062462953
-9702.935273220844 7775.262415705547
47.71693533956204 3193.6646826418328
9534.806478445116 -6349.786964623809
-4548.997196670351 -5368.084461953471
5022.2280200345485 3870.42598032722
9893.978967887193 -2888.893537005979
5331.551322274185 -5215.787902964248
7951.869872317326 -5195.374712039748
412.5625687619722 -4217.267492054355
6170.550354271465 -5120.021946431321
6685.516764312961 -9357.738766512013
8943.266293442026 7709.046802984794
6132.855540577699 5704.7677230471945
8514.64729425763 6313.2165649904855
6311.738234589131 -7980.986966212691
9754.713867471244 -2160.6096862228096
2682.035227362967 -1806.7388703247452
1380.730714176816 -1445.6826507584447
-2757.9072991643416 3464.60557507669
4464.926310761786 -4338.931152247212
-1812.7571542378028 -3631.1737941404317
6351.239359887391 4182.900413685722
-5846.33024788811 3398.590969745159
-6485.577074685434 5226.1482967094325
3582.9160902428976 -5833.271717492823
-9570.011370524811 3125.205482261521
4839.967852921167 -5154.8014437403335
-6816.379234735877 3289.0447230520695
-4059.4994356227 -9970.698356600868
-3666.1357460106656 -9989.85618437456
-5909.461810774419 4680.5620561721935
9452.029975004014 -5936.910992974808
4714.429132369409 -7569.358072208703
5798.426001924634 3611.532890370232
7244.69681412492 -5717.466462202132
-245.82175925193224 8758.58616442368
669.9798030579095 -7375.802094539173
-8086.9424807069845 17.137727763061775
5684.938094424917 9473.7106778444
-8852.110522236357 4042.993758526265
-7741.353325011042 5003.892430986991
1501.2791201227246 -3834.8584551387585
-8464.330877219438 2648.3032907324286
8410.538075716773 -1436.1563935217237
-793.3554614327168 469.38755739953194
-6438.146470248315 -4611.324074050325
3832.8907950706143 4973.460401480654
-9421.089768135338 -8324.965368865043
-1917.826531759013 3186.1327056915907
4786.306611160122 -8390.968451970046
-6569.5477787652035 -8444.31274083753
-551.7073485457477 -6492.882070651786
-392.93167793478824 6130.80565492399
-1831.5118406743204 -6181.826153147598
8908.50044393956 7462.974311865983
8546.41224744677 522.2026527660964
2478.4575444491147 5812.784206336557
-4278.198500631341 -2508.8056570241824
-9250.244439429058 7493.263218827404
6097.858294797867 -4305.896674906933
-6533.942767487415 1562.2664818320081
1319.721162017744 -5430.685287222825
-3950.769608300211 7579.8780301457955
-9505.393947946597 -2545.639976899043
8550.724116799094 9775.665342284261
4675.229011291594 -1345.9273152316837
1023.0228543669309 -9275.458009610813
1788.268388107197 6544.748916094846
-5130.104646077931 8508.905763884319
2474.78914100793 7053.319512128932
-6418.192217074267 -4651.391456465126
-2280.2979735269964 4916.915336181797
-1764.464943399109 -7190.754259407513
-2317.509724112263 6319.640667454247
-6765.352733918646 -1046.8701732254685
7801.59151765002 5819.748513174434
5990.2182898845185 6176.248209805488
3029.978825086908 -7078.156929316621
588.7514582705135 -5021.612196640097
3969.6388930386693 -784.8735788130143
-33.02619987665821 -1457.4714073792165
-292.19150729772264 5690.114386730738
3710.810871172047 5753.513855217083
-8682.023104420497 1662.655682208635
-681.490202012028 6164.901422493165
7273.828251979838 -8324.50453138777
-6384.474900053698 -573.1793555993463
7434.442234233895 4814.027076096416
-2018.5456561031988 -6183.446217090281
5794.241889341145 -7935.7176395637
6146.953609353643 3767.472809173749
3851.321840096196 1657.6215860504144
6541.223779303335 4670.870070959583
-3767.0481647526913 -212.01492202831832
-7481.684528498958 -5270.880143249521
8127.205740035333 -5346.021858717951
-6736.843138318755 8267.528207832336
-9895.176382739535 5469.466584707638
5775.86025309996 2666.115583312594
-9924.433172775472 -5097.23828877157
4055.5305798555437 1951.501498876214
4408.490059821417 -6654.108881730472
-4547.563503050327 4092.9540888593638
655.6965250971807 6481.845148197757
6130.085919786279 6175.580452797185
2854.3209862789117 -6190.897546115166
7676.380442564052 -8122.461180112843
-2958.3856110865936 -4900.858206328924
5125.690435300801 -942.9493002190284
9403.184849258221 4204.058428541903
-6998.643651960812 1758.920220887252
-7615.412653002253 5197.799711947853
-9539.243195827295 579.1408710842206
5131.625511707081 -5474.050683917751
9222.765246626972 -1919.88499960863
-6215.128291550576 -5344.604688581156
8680.050333519568 1827.8749407492396
4439.080157671811 -343.38152074676145
-8553.647840992493 6626.643933657957
-3011.686807649181 1217.7451147691118
9561.50295578986 -345.05308469806187
-8387.235017591214 4780.921084600726
6674.636194317733 7461.404038949266
-8676.578169434233 -192.03982363882824
-5251.334959816587 2157.2483487739282
3765.847935361511 -4376.366207201263
-4823.212846570262 5646.503555830481
-6605.4473221833105 -5148.629300213701
3674.4124117642077 -4636.3288117316315
-8835.45872491545 -9852.45281301771
5907.574706663927 2742.6882284278836
-6953.18500741501 -3243.055093200942
-3458.455477530136 6519.807337702194
-9040.264853204442 -6646.630800123505
-1758.9851974881858 -3023.023853793583
118.33352095473128 -3304.1737166439234
-874.1137511066354 4361.179216861654
-4661.207128303952 1822.0529738596888
7284.338336472269 4969.133966540443
5495.4897623504585 -1182.3839148052648
-832.472676109548 1765.6156998580027
113.1430168220977 9640.187696555062
-4962.093114412353 2907.613708788909
-5013.234193792111 -5954.975516385299
9115.82335078236 -8824.592736914505
4757.282229043067 -7650.9316207141455
-5333.299313204762 -9934.42197323437
-469.1836166458161 4587.514402677412
-5006.224133081607 8179.858154035563
-85.17565099562853 -9441.928948951945
149.00589985461738 2547.640152861588
-9745.603361480315 -6685.4318659910805
-3852.569842482425 3648.8674739183716
3387.2096396207653 -137.03770065408207
-1432.0806705794148 -9842.06177492867
-8104.235139741485 -2870.806521147766
5645.899494868809 9808.156836434038
-9379.289610025757 -1290.236478931889
7311.305246614505 -5719.823700343525
-6890.807407916853 8482.302036752
6097.656142936463 -9353.222163250794
-9292.650737579566 -9155.201930308207
3445.823229721771 9660.24982354738
-2833.8002780373954 -5831.417798029521
648.7012297179426 -7952.4849441297165
3915.359938235024 3991.5441951897956
-2469.3489154562467 -2017.9128758419847
1569.1462289312967 5544.4883111468025
3928.250400133049 -7969.18171849607
1764.8131351266566 -8605.080570269149
9136.53234385642 6127.32632984277
92.79922703949524 -691.0233010628872
2707.5498849891046 -3497.1166041136485
-4335.965279272811 7873.622444791843
6335.771065399476 7009.457043496062
5769.506538357589 -7012.390341887305
1037.4511071165634 -9101.491689896995
5122.438548350916 -2978.8442024021424
-3571.2041717439843 5873.046629558314
-1666.4023295607058 4260.653441493816
9630.376788647296 3109.351889042171
1555.4002920988587 -8803.843066386438
172.9268229173831 -51.31375161793039
4640.637022456651 8275.79562353305
4252.289544194951 -1911.785949134668
8696.80012300608 -9057.342266242236
6778.9591432081725 4354.265024327642
5577.156602911322 -7913.892190085777
2890.2996491998856 9519.969604497797
5634.851115576588 -4519.096897691408
-8058.804569691986 2133.2165712504047
7976.49502028594 -9646.125308355979
-3538.470326279473 -1050.223159756897
3486.848527972821 909.3523114381915
6166.553643032048 1320.3473048304386
5056.357959599467 -8539.080246660893
-7171.133438542354 -2240.8156526836656
-8271.54091962162 7758.482720496711
5668.36805443396 6925.879887558949
-6106.259831736198 8166.049973290352
-1110.777132393072 -7619.232346775652
-4806.826993162732 4537.028973716033
3090.5144642998785 728.3333057727068
3452.8210349616947 -8049.758072608466
-9500.069268219506 -1858.088440804202
7757.551565144993 -1088.7219604889215
327.4820489337635 6766.86919926068
-8318.535304765066 -4809.79808368464
5008.8976011618 -7871.630382422634
-6272.112435311692 -6841.954702566287
-9293.981483534133 5423.721323474114
-4808.050586510178 -9699.085369591246
-3845.8537629467382 458.22601313064297
-7056.091234411612 5531.9554632241325
2793.9720321661225 3987.340894108058
41.55017156320537 -12.18479313559692
-3901.635407286015 356.87952222869717
-9384.854565665499 4187.6602635373365
3101.9534527502165 -3413.1200905079395
7128.599064544414 -2250.796186999498
-5635.909669178926 2423.680027293238
-2094.4091338183316 5297.607561081208
-56.55036427077721 -8611.364187173558
-9280.350330829433 2769.5297125902616
8435.154823393881 3480.839495645536
-5717.7233934657925 -7994.005413198124
-4280.994448662374 7945.08480510829
-6376.628971428085 -1655.8320276133945
5790.011253503068 5395.24477086821
7643.387754321611 -4140.4733146246
-109.89418592095353 -7412.871190088677
7526.792501301425 7976.318000957832
2132.5753868940938 263.79244672327513
-6758.45112872627 7355.609909304749
-91.62261526200382 4750.178483480609
-7990.469368145033 8286.64364971262
5586.198119417393 7352.878685153199
-2582.1061898388616 7248.597526776575
-7634.259963416541 -7875.297811310611
-9248.383540604336 2876.2860053810255
1616.3982193832508 -7817.339774903106
-2837.4418184536407 -4745.2795822955295
1631.1285717867959 -2478.1415910641153
8450.553378807483 6283.863984469946
-1552.018923743868 3146.7192946356954
-8482.791780853411 -2203.679321944818
-1760.587065255042 5344.845245817611
-3036.7740920574124 -7822.898243424876
-2257.8333405998756 6057.750014305837
5835.238951900785 1426.0233242676713
-5701.859046610447 556.5852217191077
4188.291412338458 4919.694083754615
299.3514552089109 2009.9000471737181
-5084.739341751825 3571.4560301298934
-1822.2747641872575 -1965.6243961164073
4204.670223886156 -1345.9548244212365
1553.1313116222245 -1051.6168536404875
-3976.496916556065 -2758.8418045774606
-4249.291658977854 5202.122322092744
-7818.230964053677 -6959.502041485586
-3378.7916807654565 -7663.005581545496
7820.760418732665 -8667.706996015098
-9554.280444483002 5830.790527745858
-7422.946839594076 -206.3140680086217
-321.19149101372204 -4685.848744913393
-3790.498096154589 -6819.20978954458
-618.2442446299574 -2102.3067062704067
-5863.3988119321875 -843.373851063383
7420.232452561973 3728.0817673015517
-6883.22701120818 4994.54776746843
7848.411159401519 3395.2391349057343
-9785.738040797154 -9546.81584798039
1374.1671846135014 6441.7939568153415
-771.4861464358564 -9189.683990753878
9397.676681212382 -7020.228081451167
7925.037401878708 5859.530446475686
8838.381979967617 -3701.5604388099673
6690.918880620156 -4385.11688436426
3812.9391990927616 -6648.879284682756
-5351.67559307147 1535.2185956927297
7199.435063831312 2137.7068500697987
2794.4592594017467 3271.1997286340993
-9779.199591508519 -9746.509969154418
-4603.370090558021 5254.504669439626
1403.0145332123939 7253.86212098211
656.2008114181244 4890.053249810824
-2388.653976902455 4988.309905693084
-434.607803369714 4678.537683887045
9340.53714030173 4686.068062364942
7916.03459579041 -5712.0713524088915
32.483648114855896 7329.675876701047
579.5299135168298 5409.045382658896
-5082.364482396522 4731.6018615687135
9462.450744658858 -7828.32550155197
8723.980836839117 -7266.996795122966
-3047.6555152641804 -7035.864091643282
-6429.848613916329 -4927.40339386617
5203.477409686186 5690.598126955043
-1543.1758126843524 -3272.4858130118737
8272.403235343525 -2183.1544747518246
-6.731842655844957 -1093.062948268731
8898.408563535766 -5003.378169217963
-9656.473629172955 4383.194429875013
4634.021627355605 7637.056369829061
-7150.603552221322 1473.9286857070729
-934.0465845942108 3453.1167540167116
-1614.9958158364025 -2257.1680127139834
-6973.022293632145 -4122.594401735156
-3779.547676782553 365.36475211885227
-2015.5799913727442 -6866.952264000898
-7980.345333562953 9109.772407022236
9201.079410148137 843.8166129436595
2570.1389607963465 12.624621331578965
-200.43021727952873 -7752.956536123182
-8059.746286504954 -6917.990004307828
8521.2093398949 -5608.727007911228
6981.866331150693 -4259.583601856618
-6244.238520629271 6142.029875428874
1444.3022935459921 -4776.755674446446
-5671.527138543571 4385.461483325655
7437.9295714477375 -2222.2006133171844
-6433.988511036919 8511.041289377165
583.4433559470708 261.5206516129456
7323.07756447342 70.9084104419926
-9094.426947234426 -9382.896968661371
8936.593338473638 -5545.160985905069
-4622.422632014178 7706.086094681497
4484.56115505382 -5513.761612566827
9995.56185541394 8111.376014812529
261.8062485779519 2035.962789778865
-640.7005774035697 7773.0857719871055
1045.0040055811696 3067.1729835490332
-41.10742691222731 9700.979897381796
2504.5317354835533 -6034.1630826212295
9714.284510736547 -4489.285809247663
-5969.160288024777 2577.901362678258
-9212.742440143185 8159.965299798994
9278.208930405326 -3934.4413354743256
5283.243752354274 6014.465010813168
-9111.102651191482 -488.5563299699097
-5817.099945688265 4252.8406925788895
-6854.15047065828 -5859.004578887823
-1308.920181201198 -1376.9157901133622
-8287.703925833257 2099.6348681129493
-9836.525258095091 8692.37253915786
3151.717830664058 -4087.1914909887864
-131.13849061629298 2985.867522388293
-1418.180334819508 -4926.648267879379
3067.5459743999454 -3210.9664388015326
5601.303478699481 9642.041592481164
-6765.750559753265 4891.915977092642
-9461.60821487219 1313.6084715514098
1726.3437208976738 6182.725505560702
-894.7904604008236 -3908.1192841042566
-4204.00942695913 -5248.014512845732
7702.283288325481 -465.85228851555985
3567.405148015996 -6952.595344893378
-97.41811145532483 -4533.769975177246
8448.112498519225 6623.541188539009
-6945.330765535433 -7863.8490407660065
7415.72622502804 7159.230353383882
-1520.2964223348317 -4034.2860776196085
-2280.5622642540156 669.6576957892303
5397.168259712658 2375.690670446118
4758.0475262457 -8781.135065633556
-6500.61819715365 -4398.262651068576
-9755.951485038937 6942.377014253932
2004.9821252499987 4984.5547458809
4235.900265580773 -5181.44915927236
-5943.251096370434 -6090.772993015495
7218.3194736101395 -6618.845004093557
-5510.733548565834 -614.937854322432
9133.035990512675 -1555.4166619541738
6277.107249555931 -4801.318505927399
-8889.848435211718 5917.024320146174
6384.352395411443 -360.49969666576726
-7377.131794430834 7905.813996149391
5271.436615933595 9988.149738210763
1886.0271408062763 -6426.908971372743
5975.450131357944 274.8046653271376
541.5471173748592 4578.801705873631
-1534.80386244299 6255.769722016737
5021.509825373114 -3548.0063614081537
-7117.548045982285 2123.1088034270615
-3547.706463800242 1860.239696913708
-8683.961301701753 7153.48346282955
-1439.1802830718607 -499.042490029864
1915.4669078020925 7318.787362788673
8766.62042763162 3217.2811364990284
-8563.930005889064 -3177.4333575911287
-8508.894102511373 -54.94901002850929
-7282.291810615371 -2407.3804521875263
4688.059357619259 2226.394903817163
-7865.730021644835 951.5812539581584
