2323
4176.465654645572 2643.577742957241
-4981.326616466486 4217.54615819587
-1490.2479308616184 -4818.295557946124
1380.756310415827 -1031.390039832031
-432.5834285641613 -987.1698684136081
-5338.511829537016 -7663.431381979955
7539.434896133913 2605.7531455552526
-2368.7976147829913 -4093.187586377724
-277.9042694187974 4116.180447234554
-7774.47706808426 -9995.979998953213
-5956.844381758435 -318.3458820497126
9273.913771681582 4031.9229745368393
-1711.3839534926137 6528.965044083678
-6489.766278326215 3347.0589755951023
-7600.1088775971475 -1322.1296012346502
-2271.7944557424 7335.086701014323
5604.6756075633 -5549.29222105095
-348.2521098957877 2596.5237860620437
164.3448288566833 -2951.7193917337518
422.14865878429373 5012.05761159585
-834.7387697685135 -7871.824838850263
-5438.914517587663 4945.835347956172
-2949.117916674899 9622.444701036671
-2149.4611075536804 958.4568793753406
8486.100554275934 957.3837028082107
1777.6623222004764 9139.639433973553
3664.7826000773603 7388.887826880218
-8975.283378412736 7533.82988663506
6315.991298179579 342.6898863840961
-6058.797401252632 -1879.6888405154368
-5566.071967346835 449.5260475813229
-4982.646478867101 2422.6273227744114
3151.1342825671272 8391.08459807928
3085.1858706966814 -8939.555545741012
4194.059512832184 7723.359222682237
-694.6624569351261 2420.234092693747
7004.591539396515 7519.815440373539
4954.949003000636 -8890.546843935253
-7119.279894613144 977.5576440320456
-9386.12193085175 2972.175241718729
-4616.003438350504 5055.46756401301
-4446.426238739942 182.40864814192537
-2218.9864080614943 -4235.935098955708
-1035.0450042386 -2705.3840412955133
-8569.357369335365 3902.621813350759
3118.6828154810173 -2880.7630491028594
7798.303621162122 6839.8445995003785
-7366.758754376204 -6095.711411304561
1173.0734446225924 3360.2197822804173
3733.267873843688 542.4065973192446
-817.0265372110698 -9351.105839106569
-7287.38096299681 -3614.0313658368495
-6151.703528102704 -4836.242892140428
-6226.325364345513 2741.22319891559
-2817.6190175234915 2444.149599859509
2996.417766069988 -5774.376115486973
-7756.244081230088 4831.434151829048
-2602.1256064468016 5910.862478704759
-6936.876140410755 627.4124043062475
-4125.503037775866 -1462.6403040364785
5013.1739633019115 -6607.6150499100695
-7722.857645213766 -2925.735616412512
-9041.255252424362 -4114.588164038606
-49.70065915829218 1512.2933531737217
-2080.5988318224 -424.8877607600407
1774.266700164837 3015.014241178791
3996.0025748561056 7700.142865659629
81.00382076584901 3417.473531177244
5957.389641695658 7534.250483312404
6771.421116506361 -8450.66687361175
4152.831192246009 -4188.408578037577
5543.891759071865 -4027.02534024554
-6689.580720104429 -9806.211862913833
-4649.186652716621 -9534.692871878287
-4698.884709882218 -789.0237104183725
7032.065360139506 -4064.7101916068195
-6907.298165130602 3284.8655556805443
-6468.749605105857 457.47544621720226
3887.4025561527124 242.63975079241027
8182.6346408060635 7715.146678563426
3831.4855426525955 -9843.71946813851
5263.729492012077 3384.9080520695825
6704.681549851455 -3607.3008300291494
2340.4983485765824 -1142.1238670907733
4641.787290918457 2435.8239802488442
-5110.809143932129 -7819.10909409419
208.35156622276554 7342.594445662413
-9739.150629231945 -2785.551241625195
-3953.1230029791195 6620.568660143097
-9738.445095621466 -6257.650088799828
829.5010008093523 9865.654110141106
-546.4787601213047 3631.315300367385
-1602.3607605409416 -8325.75954029308
9739.16310566483 1127.1359205280187
-9261.367739612399 -1855.2009433769936
-9127.69029967373 -1012.8324919447659
4843.934876157853 -2290.2073999774575
1247.757215411997 -3612.7044341517967
8512.946602256303 -7910.479169802842
3652.386984927907 9404.750608543236
-9188.907091956133 -9164.687569228065
6618.112643548164 -9633.546345220308
9160.31755871953 1230.2467571149336
-6401.06155507147 -1534.1541128244298
6934.650999974208 -5758.619867020489
9401.458168697867 -9210.56824314901
2953.0840620606177 -3231.77517481263
6130.142907240706 257.5583169980582
7406.474768486387 -9391.989658331162
9365.801174752243 -5027.772023770179
7524.776578416422 9359.05116975601
9377.627147761097 -7921.980182985642
-9314.62053616729 -4090.7026550223845
-8123.712803253811 8480.483876016151
-7317.086226651981 -4792.034223582226
-1852.4872748175758 -9370.352000348274
-5474.623145801312 9693.890253222358
5362.719657306563 -3935.438684568151
2390.983166528744 -1944.9599999725197
4445.185117131352 528.0765005001758
-7725.325335140947 -8080.57569211323
5077.358894907045 -3800.6417057660547
3372.7401691018003 -371.61953192281544
-4733.091977588886 8954.883190684122
2398.554807438004 1419.0318928045872
6346.131580600037 -4443.01924576813
-5208.054631372316 -3856.523008710439
3361.408449842578 5282.242646731462
8179.251642551237 -3921.943413709794
-4483.625458155527 4740.409117990412
-1539.3358266275409 3426.819496559274
1664.5588847496456 9497.629625334095
9545.956063961446 -200.89798787340442
-8195.765893678072 1606.2656367511736
-5970.739547225616 -1758.0962925358199
-2889.7230618237572 -1743.3076817273668
-6011.925156836426 6333.53063252514
-1755.148906164044 -6495.170476707164
8611.200388224588 8395.758187072453
4520.774879356919 2392.428542398531
-1495.1356829910292 -4942.454715951842
4948.451228082533 -5234.59748550402
-4704.202872082028 9204.11112716301
6279.2760292612 -5291.216509065151
-455.43169568047415 -1229.0246948686781
-7134.527562508907 755.1693061353708
2.0218476415720943 8893.327263411182
8488.328776606006 -8113.204504533642
-7113.821410957117 8596.893648697376
-8736.153120226974 4839.663402280867
1126.5006353856807 -9482.76565626181
9316.84219770204 -668.5815913418719
-9583.046332647276 6060.187573556472
7121.56811629585 9572.974030144782
-8561.171982948597 2966.9702744345213
238.9643557736781 -7212.8596484491945
5758.808582815533 -2576.7905429038747
9637.665592256722 8445.81017618649
-3322.6782434536917 -1348.0288836861782
5867.934562687235 -4449.472117493431
5696.71169603942 -9643.366249776867
-1935.2856844239932 -480.4454369085506
-9701.662918445116 430.2264361473499
-6911.970066330897 -4892.181837125396
9362.20285205423 -1976.355618113641
6065.998165194345 -2725.5747374367666
8832.2755480999 5365.927997088562
5187.731706495775 8025.683855113293
2125.168940850057 655.5749088523935
800.4629173325975 -6000.12298151239
-2700.595539992838 -2107.3633457898877
1697.239255329414 6923.300033960539
-3853.005854455966 -302.8687685074001
-61.42898710126792 7055.362508604696
-861.3807748307954 9960.089117526059
9633.452055274618 8353.832034936539
-5451.789706221916 4599.318426195528
-5187.806292433763 -6670.420192204614
-9897.73349812869 -9257.223845855837
-3144.4475547868087 5423.47247768916
1143.778166874179 -2661.8034022199417
-7098.339474676427 -2773.670291614896
570.1597720173559 -6511.5889392996305
3234.300951330728 -6023.846309964809
2699.1160926414595 4737.593411999245
-2136.9089228052344 3505.114077954304
-4264.092272283733 -7915.586131755676
-9661.812997330197 6172.058256777973
-4339.9904924175935 -6326.102533547757
-9700.864724593242 -8695.410179649552
8118.683084753098 4920.543372761471
-4660.458712306093 -9711.94861404265
-5690.478460317314 9241.052858425282
-2523.752250238327 -9322.986654318842
1853.5547426028916 8625.790979606423
-156.2490559307571 568.1666082974461
2305.0283137538936 953.8878996641433
5191.6187711993425 7961.792648180686
-6786.4892445003115 9257.671584277065
9344.69053617102 5952.2591147767525
-5451.492177801089 7067.897591541099
9992.890916575278 -8673.719145351879
-3183.705710839142 3522.03009716397
4009.5012208362605 -8489.035642437957
1343.2077022967987 -7906.395086996707
-5046.2196476276185 -7198.073296778253
-8030.819823309314 7601.489148949924
6495.8410396477775 -8584.923929780975
-8210.189220901008 -2416.3706735493442
-2791.2643033380928 8143.910599781539
8604.816185414329 -3829.3319418118463
-2495.272139576352 -2732.5253730812474
-1624.7692814205238 -8729.416469383232
449.75110185773156 842.3991461028163
-2738.7492032867276 -823.7095979045716
-5227.89270607162 -9374.270715715858
9707.158289258383 4633.925822519544
-9411.536015617912 1613.5254783925393
-7440.719001655127 8960.312507262854
-3797.7378089030544 -6456.500883880353
3347.486851651449 -6026.106283084933
-2213.3374625513216 -301.7593217049616
4630.233397655285 -4695.808755598246
-7153.803506177319 -4041.1418781806606
-4302.266151525538 5070.640671891833
-6941.676530696663 7297.145234126427
-2052.6853116342236 -9027.577003207347
2428.1119817511826 3757.667083522256
-9110.401611150752 6506.704996305798
-7353.688191349325 3469.4343405303243
2013.6479085855317 -4666.527068387211
-876.8942292519878 -3659.8768337600713
-4366.238582360899 1730.931744612195
8376.858600246913 8824.078382277992
3360.1256053477828 8636.220930380598
289.21798333002516 7518.605812711416
-8019.930095735302 -5058.024070263507
7194.952951747342 7331.367473022248
-6693.798441271201 -5479.94700655273
-4143.057603444691 8574.945009827592
4942.219141720683 -9130.489607262176
8083.761423567925 -3417.061734515579
-9063.252736536664 -6663.281336678974
-8920.659634490785 -2694.7586437723767
6940.061924156838 -6468.7355752669155
9571.210477791472 -7171.585264895568
5748.0970562903 -6137.920443536106
-1654.1296191533365 1880.3599845959452
6012.673743916928 -5955.983073130123
6026.849299214618 2116.784878923416
9416.408235953826 -4024.1213619450145
-1236.9343390872727 -6649.780129352834
9755.290110412057 2566.669458758446
-4047.8794910725946 -6129.361673793463
-8858.538594801992 1887.6498159303737
-794.8175812970367 5620.009970058774
1933.2464728261602 4453.524004232049
-9532.832442584198 -1778.6082800414188
-3980.9766416330003 -1513.1044489573778
-4462.0584815693555 6726.455056443658
-6273.950186959251 5695.892741996873
-4802.704560268722 -6566.379541659366
-9105.098530761023 -1604.3430219667098
-2281.5050463524904 -9757.749964364824
-3445.304447535742 -2269.8399693190368
3762.217841054553 -5253.363976895726
7153.812647763803 -7698.39710784306
-2525.2656517444393 636.8015536193689
8445.366438745452 -3309.572378866441
6071.2131666504465 961.4145200412877
-5103.812375305856 -9850.241629140337
4267.070975205512 -8578.615204460672
-9117.368920630277 -2816.1383336433673
-372.6906974924623 101.0178937395849
7956.045702720523 -6228.994802296484
235.8138819510259 -93.14585590528259
-1894.7305996138612 5666.872690931559
-2956.3668792837734 472.6252135605937
4213.054921647172 8525.470535603166
9837.265037629862 7402.027664702015
5797.851190926007 3500.249027473712
7975.036380240235 -1540.7007491368586
-9348.092141164087 6538.936464100949
4871.663008424297 -1319.1321565272192
-8868.80960759917 -5238.629439358829
-1331.8637276906538 -630.3854639257406
7622.136506116927 -889.6106391559824
-9393.904582823614 -453.4120668929136
1104.8029321681388 -1108.3723924329497
-2667.117291876757 -7326.72743733334
-8248.506088803868 868.8406989085597
3695.508862489889 -3679.1923261361317
-8855.510580551427 -6742.829565862836
-1461.2101469638274 7950.827793445955
1966.0199152819987 -6742.465485155558
-2395.0606153850003 6085.880145113206
908.1712483407628 -4298.887105121987
4838.946538109718 2885.650881265474
-1930.0722353301626 -76.31987736903102
-3763.914850198087 -8491.47858775235
-746.8966371316528 2165.317036981296
8824.937539773764 -373.7494756024953
6338.425798762499 -8408.181079082136
1461.3556162903606 -927.140490948781
-4682.411198361436 -540.1173967351951
3815.795573889336 -9152.914713937967
-8423.396011280147 2998.9666999627934
5268.511850075289 4551.03665547737
-2329.679487779008 -1741.5345566247433
-3615.8856441743173 1835.984563167649
97.51368531901971 9469.643424883321
2219.0300184416774 -5460.518004007402
8480.47391369809 -3602.4481027232277
-1077.557576166313 -63.69398954786993
3072.555896091404 -4291.078678189766
2923.3082428383223 -2111.0158609229557
4661.679720809654 7557.81599155119
5453.08673622342 7671.954714553478
-5292.68565206602 -5608.3823023135255
-5764.153098067391 5856.689574723812
2942.99290855067 -4594.3249613401995
-1115.5517271746412 883.3894870480035
4695.949698342069 -2874.246961502665
-3126.477284572291 4808.145968727193
-9180.00447371675 -1726.817748389969
2917.01731013859 -1797.2621543041441
9407.284445938596 5368.403349873661
-3839.9152376667307 -9702.477777945638
-9660.854187044852 -5545.629674951065
-3197.8498463893557 -6803.849731662935
-8744.297794983942 -6127.9313740418775
6599.994999445229 -3645.872576665439
6668.507299171979 3196.1761015651555
-3843.244556512842 5501.514543620462
709.9865734293398 4239.68477134862
-4015.260503425131 -1196.6488049711697
-1592.0208605992939 1462.0717481152988
8037.013456803703 -7710.343816351519
393.2240036137973 -8833.596604793693
-265.26242635733615 -3549.8445410703107
-8407.846835587041 1546.5231736248588
-6525.746905309077 6377.150938126699
-4273.103944921677 8946.26337507516
1179.9683506545516 -1046.7603254809692
4338.9226225359525 -381.5948640068491
-4323.88957539983 -7681.12835018917
1572.2876733219127 -9178.12004939488
-1517.554379033516 -4781.997427712161
-5903.030559075913 -9728.500717017956
-2903.8986357638105 -3191.5992937536193
-677.668937929333 -1244.7225201000583
3903.662197982556 1136.4300351382117
4445.251250128786 7160.189227021889
-6425.279395113293 -5285.576675952027
3897.020287445628 6197.988489437883
6120.130026332674 -9497.96770101705
-6602.38335769271 -5201.503369203712
-1244.7987019135762 -2918.7639500426085
5095.5085813661135 1438.5467894140984
-8709.857874941785 -2072.0480699755626
-9834.328156501053 1600.560631721737
-3022.9400287309318 -7578.508771643035
-7241.976070166167 4105.495944348406
3574.877438445217 7596.373945466865
-7666.9740707947785 9240.709797590229
7850.547636288313 -2370.699356393504
190.724003110794 -7595.957192041802
-9183.019228490348 6667.358194038905
394.0352305045635 -1588.7738897298168
-9284.866506387807 -158.1730155042551
5306.614837565296 3664.476667082141
6079.732776298253 7175.220147674496
-8389.823704887485 -3944.049383231345
2185.1483055478657 -4422.512021691587
-6064.341650487339 -4219.51763745009
749.9476794390539 5240.586330205024
137.17266997818479 -5842.163049927256
4985.7113081040025 -1521.1060558257832
-5242.804375977666 2115.470464981001
9907.70850169869 -8573.751104717345
-4624.006604066664 -4841.4129891229395
-8717.936884512346 -8011.351767435026
307.8079297741351 -2544.9508518824123
-4333.918814729019 -8935.057251832348
-4499.141237213537 4088.4918509273884
8705.433404226067 8286.134429855098
-6482.25476584402 -2416.2354370352505
-816.0815773649556 -1612.8277432032646
-1882.6283375870871 -7515.395848528053
2278.5680660844973 -186.58601665039168
4229.0404443955085 64.23539842432365
-2945.1141889775936 -6722.787116083715
-4996.101981707128 4175.361910283284
-9555.964472937854 -5281.639043079316
5148.440191999258 -1203.198869873284
2775.8361765041627 -5514.591025755375
2889.327593058524 -1990.2038617584412
-1601.5536906311518 -7456.843172402274
1688.275601698173 9937.815752623046
-1002.3491663422774 8124.897945830315
7220.335523258305 7609.44113586095
-3064.2984896489443 1486.2736723797807
-4851.6052275351585 -8245.29067213747
-8738.31996767647 -4719.118029440865
871.2703694699958 3221.0770215060984
2.402934165305851 3566.065228348196
3692.289799532773 5995.938863316307
-1075.100281716468 7560.57396570958
4749.795438469817 5748.4235287151205
-831.4575126813488 -985.9000131988305
-9429.469024725277 -6646.037971456509
3976.9199886156657 4411.9418127302
2251.4042482061013 8040.919661759359
-1783.3956810677391 6226.349098965598
-5955.351402537321 599.3479219916371
3451.95894128906 -8960.622523873039
4515.942107691142 3517.7030114499685
-3947.8025341406656 -1399.635404887651
-1535.4287025238518 1964.1591418855314
-3861.0861275128873 744.4138955527105
8439.251255292696 7204.921085147242
-8860.654818055456 4586.568294222587
-9047.238832030202 2352.7254824725132
-707.3450048826799 -9480.38352700148
-5606.931899728318 -735.5003711461759
5663.562569636024 2281.7772202765045
-6851.843460282005 -5042.066176276505
-3950.336649806274 3723.771879167356
-4393.699111104807 6092.488225407036
-7374.163972749871 4893.087839463024
2463.061048019581 -9138.836672556996
-748.862362483922 -1333.4955718030124
-3839.195729969174 -934.887830035028
-5929.357760423913 -1599.7483600956039
2306.089987392099 3193.9849944577563
2376.6998329702255 6930.435443243521
-445.21480897244146 -3989.3462619776774
3651.1197780859184 -2255.3435294212168
5724.312147903858 -6560.242770965528
-6708.17821432362 -9740.977432384952
-5213.0423581296 -4514.709195930808
-8265.47209080714 -7126.9527958839335
1917.7036453027995 -7546.764577884815
-8487.907321468152 9838.19250681586
-8085.42334489946 -1068.9875011381464
-3748.8885117233986 964.1095278815174
79.03957032670951 -6223.67294949085
-5312.536298522066 6799.903113109391
4038.47340082502 793.7415025464325
7489.499534372771 6166.034185756855
-9987.646768612794 1828.112240780527
5009.583115515121 -2224.2521490744857
-2331.78432516848 -8320.213315082077
41.76306876748822 -6826.800070840304
3983.0838986288636 2547.259059796781
-8754.645370470846 -5671.258912082213
-1579.4773773219786 4628.7495805795625
-9898.746297081598 5970.086688258052
9253.03641605658 9064.955119804708
7099.841357660407 91.39590889173996
4004.0557625988076 -418.98697035517034
1316.353774349389 8070.552602560925
5753.284169557013 -13.519561337710911
-8388.358724266529 4438.229768165949
1443.711722829481 6117.9323425032435
7403.256386696499 5580.597895735744
8348.134158147197 -7140.450151384195
2283.8536132586996 -3479.182126774356
-9502.458412586951 9552.85776632716
4720.905705517498 -587.2598558746104
-1856.7183670373443 407.5485531459053
-3346.2255325136266 8493.519333429387
219.4221170781875 -9548.886470776139
-6988.780706690341 -2019.8771192657232
-7708.719945136107 2105.782717772767
3004.4287080615213 1758.004758313673
-9379.394025574102 -7342.946253951788
7507.7211962204165 6698.4908758413
6747.451003952945 8678.874505796888
5921.079289980646 -4945.295174173687
-3616.7292934139805 -93.67432281328183
-9384.295563348314 -4375.854457652721
-8570.645423527554 2097.4247859701736
-2604.168972823626 -1770.6925380477915
-5420.803554199576 6101.463455548812
-3632.9470346530197 -8443.983957811122
2232.9563762730013 -1347.9334844254881
9183.451317979812 502.4334338635945
3346.6967004543785 9328.935173483958
5852.849326754345 5929.967439542039
-641.3989435030726 7683.03843340186
7111.542011121997 7070.605332071325
3478.922809281301 4695.770468174025
-3163.111892523807 -5166.535659188438
6399.931647907961 3543.3995329156005
-6951.822398044773 2866.64287295314
-123.32626716861705 -3936.1056715599525
-4246.778429389282 -7531.271794557977
9648.87014294459 -6625.989775203105
5230.141712381495 7307.607692774145
4818.83160591772 -8239.71095389354
5290.8675295739795 4392.5006580705485
2069.7865019861674 8268.409748864138
-7345.116548331874 8858.419686727771
-9996.45227841535 -5658.885345778106
5768.795284382839 -8139.454825396231
1395.9871971286102 -9594.293047115898
4239.318608092046 -6760.724634318551
-686.6924340494206 -512.0948440803659
-6495.676004675375 3605.01005256397
-3198.3636961442953 -6270.384064586121
-1551.3963239078566 4104.985664795258
-743.0026607041546 4113.972227321323
4378.05334030722 -3627.221071189372
3602.246961425466 751.7591836218144
4098.0030495111605 24.36799803453505
9042.095963387907 8759.139211696682
-4201.551239125119 -9447.071970307987
-9563.14095642191 3057.3624016575595
8030.979024734301 -3412.1928384758758
-2769.8782840630565 4350.929488690621
5269.216193356286 -7778.57330146561
8385.030876606972 -1908.5329122134854
-9623.374012612727 7471.118240637483
-3071.547723232213 -1589.665132948914
8762.579202398563 -2068.8066180223805
-3528.2261895904003 -196.211814897335
-6910.423212726753 3283.831339174707
-3528.3483520620875 780.2888297271766
7101.592966318978 3575.6392987279905
3013.54809182823 5730.334072349931
-7524.496877753745 -7969.9721417442815
7545.41811302755 -6045.028677147946
-6445.384368879761 3653.8270224099197
7258.449292931982 8089.924713327953
-8594.661915287877 -9990.153495845154
-2293.7116630406736 -1911.9332117636277
845.0606047533965 -7734.639146108748
-9226.2916370898 1473.7232942614573
-8078.656265464215 -3010.2075220066135
-749.7818209272264 5758.103173968078
-9220.439111701226 2163.1387479612877
-6966.367380922143 4705.912548249158
-6061.851575221046 -5530.03301656491
-8616.837345175814 6568.996751988077
-5302.3359017342855 3192.095931769645
-9338.889701372093 -546.360708189979
-9258.116550430463 -9123.651729873023
-2353.2132052920133 6663.924367761581
-2053.8138525622808 6442.052545546529
4775.80494355012 -6835.651909158436
-3009.4656472047473 2506.243882227842
5552.424322340459 -6769.346237632499
6581.347453870156 5442.802446558309
5902.163283432616 -1091.3633292835875
9918.644066515011 4055.044584708754
376.41694338332127 -923.545960839514
-498.1805035444522 -9270.437191612093
-9109.636664399563 9706.751454634334
9449.483664815369 7552.399785779573
-9930.04719362431 7350.706037480351
-5784.197840603464 -893.0924996092454
-8696.672569611343 9916.851225596041
7917.8176202044015 -6464.0573070484115
3236.5334998848484 1493.3518218988847
-554.7386768707911 3939.314459240346
-2277.075056146582 -8736.836892431193
5106.393504373393 3290.6899384734606
7130.193660474011 -9512.709616508339
-7229.552408928213 -2203.5521977600947
9428.485422404876 6082.157222082482
9299.273930710431 5982.23810019779
-2372.4056397411396 4492.858314590127
6517.825162706504 3781.3035532096674
3900.758653582796 -4635.137423301774
-9944.858872568886 -488.112632954957
-1872.8783498799985 942.5137293724547
-9905.467214549055 -3130.6616104781406
5604.43208565752 -5826.549607423084
-6596.304335999314 8921.808963669344
9328.1124704244 6173.853102040037
1972.5029646060339 1586.7113241741063
-1497.6585947809726 2010.2123449727478
-4831.721323368354 -8821.607307031023
-3156.6718705479316 2679.0788479033563
9525.364195057628 -2644.2373511434544
-8245.505340785186 -9282.946185597108
-6882.164013712774 161.88748575570753
8597.80873725197 -2950.9504457017365
-78.74686092308184 7835.853048357651
-6944.963359109089 7483.630367376809
3651.3565842186017 -9309.530024878604
-1032.7704598185774 8690.03530601634
-9725.342509416965 -4412.310850585044
9060.275267201385 -4457.747816203994
-6282.09656856851 5406.8594982455525
1608.8822620517894 4391.303306647882
-9739.581910659099 8389.26094755311
-2639.0984154762527 127.68122264083468
3675.368004028638 -6644.392460363422
-2061.5905993195074 8821.655793486305
-4606.984355182395 8531.514245771632
-548.4806812072238 -7720.053709910126
1791.0693620444927 -5920.813573950341
-6794.586159285956 6033.053046984749
-5825.737562468307 1421.8866778685624
9150.618438110843 8068.2988645375735
-3912.677829827174 6061.001859806976
-2878.9245431875133 -7950.563511132084
-2687.468936858768 4823.827619041836
-4075.8912070412043 5814.438269922826
-5764.896462288069 3343.4536537283857
-9009.11261769489 3618.884520878277
2216.6383519308456 5060.431003589392
7565.548153053896 8893.129498868875
7198.93818874492 9149.169701433017
8305.65062095361 -6792.776302148067
-9032.485706230633 -8489.695816429583
1686.1796628976408 6688.336465594446
-2663.868617155036 333.54216557995824
743.8407200138699 5311.217605302019
4970.777230442176 5723.797228888852
467.91288604826514 -8716.998112288067
-3346.531051688644 1496.6821261233727
6538.480860895754 -5830.5360671796325
4493.345294441526 6487.7207200446865
8132.366291381426 -7539.411022719747
5924.518169563005 -7417.072219373739
3161.639108925592 7949.119580277922
6287.202226874995 -2833.328781392235
-4420.89896996287 -1403.478346342068
-9629.35483459507 -1203.9753261175538
-8720.323719104603 9486.581158890782
-2496.5493171807293 6649.097682066109
1646.168475676348 -3982.36049839475
-7391.121225495937 -3341.896040817369
1932.3760299833175 8660.245641515525
9099.769815674888 226.22458083629135
5446.0970554086525 4407.792713286915
8569.747760660837 -4959.414933910444
3889.070344695918 6473.477183136212
-3055.5919863250683 1731.9651330995694
9230.444569304596 -9162.288433947608
-2911.790417704472 -5004.871669976732
-6865.1033192231735 -4074.0994554300114
3819.8345836491244 -6728.055859458393
-3763.9613053664216 9997.259730402806
-1129.195755741668 -2787.240064792016
-8559.693967791643 9751.15623006197
529.1718674646854 3869.755645020774
-7033.968574293963 3208.21415566026
5542.1492412079915 -9060.703336567438
5966.946984379767 -9900.772808028107
9308.539483860906 3358.5860651137973
-9641.104043086381 -6204.320513356006
4473.909259679598 3175.1932472108547
6863.0511650248845 241.47862072256976
-2251.572736284422 2846.3192408786545
3298.4844582771493 1396.2748414859598
-9900.639924646626 -8012.059435147971
4801.448861293027 3376.521120247424
-3572.7694913888427 8082.255386887959
-7081.721917683295 2781.2132718540925
-2583.327584970294 -7234.86505717025
-4586.6676790594975 -1384.9655342295991
-1539.9342201334093 -2946.4341046976124
1152.9495887045541 -8227.60391050342
-1615.9589687249227 -8763.650067795872
2570.8995293201897 9221.667757585186
4165.996228542679 -1860.3907164851425
-8009.635289891162 -4170.349125962727
6909.78759046477 2091.927397218271
-2528.0020826926084 3192.14616412127
-943.2104090298999 -9847.767238667591
-1122.8476685564347 -8112.761524820562
3140.556214687691 -2973.178482002483
-4520.104721590145 -8756.292630467235
-1649.665566959111 -9409.812754576082
2730.959026108316 9017.750820702167
-7249.269572749157 -8962.385517375867
-2328.695646254131 -7703.00670026248
-3788.1608910829636 3435.7747825709102
-9987.480339439026 -9498.472623395906
1936.197047771253 800.8310630162723
9045.781955639068 1527.5221792934499
2925.9403585014625 2821.863212995415
5310.67048865457 -7120.287184163194
-6184.420322883161 -6039.321550523835
-9650.369868404889 1064.8642578654162
-1797.1565238723433 -6102.619074173998
-2106.5789011145444 4569.084785063822
-3057.934022920461 -6845.668167186232
5467.427839001064 -1582.35001604016
-6178.3773860590245 -2780.5727169659767
6678.221023715541 -8383.228505333047
1628.9619648665812 3602.898516410214
-8665.690543558214 2702.5317295062614
3813.800917253682 8000.117375354053
-6925.46307291906 3172.987872424297
4792.083967236556 -1903.8238702559165
2322.1244134269873 -6244.775882327292
5390.343376683495 6536.288192858665
-3848.126651970949 -5740.083884442253
9012.126371749364 -1800.6621252436034
6052.596499597465 4201.753743248859
-1184.8207368629282 1150.1924732937787
9586.352469561742 8414.849695819514
6520.124611641822 -4490.335004062602
-7409.389570318385 -431.96515567803544
-571.6160987956227 9969.30239346148
4838.988721847156 7785.735444000646
3809.1367696483867 1791.453296034886
3970.75152683974 6505.900969521495
22.143948594342874 -7126.65048423182
-9981.225566064108 3257.2275531245923
7575.273519080005 1817.219401696815
-3989.778816715959 4213.7191833354445
6772.631913864203 9936.728668654672
-1116.2934683086933 2185.3885737437013
-2308.8036397865035 7743.330173680861
9361.253513776992 -870.2946201198429
-3069.089347194109 7694.383083317582
9432.876307522412 -3680.8450341080825
-2084.7880668464613 -1151.8203751608453
-8243.837433581515 7976.073655125911
-8524.000016758815 -440.6930408993012
-3457.2496775217323 -2513.302636271568
39.09085888147456 -4538.9565539665755
-1601.8638814070418 -767.8621390747285
933.2236253915398 -8280.22005125496
8100.764913327148 -6375.202561237726
2177.72532959638 909.7270095268559
2450.9112339397125 8114.49396950976
7560.96458426083 -9155.536671623224
-910.6410620877286 2729.367494379063
6903.763287794172 -9684.857238539209
-7419.550454631451 5142.4086733707845
-7891.043133048301 -5076.514394544572
3073.5742349532084 7305.23721075735
9930.33624641076 -9939.068170118719
-498.26164972428705 3366.5367397142763
-1648.7701205636422 -6426.363250263072
5545.340831992469 -3106.6661780926515
-4954.992288372573 -3233.7370712970005
-1516.1518510307942 -5660.906412513682
-6403.157812612312 9135.798353439142
8577.58278515574 -8746.620899161804
-4001.934033813066 9589.92681134259
-233.63995352856546 7903.609331449476
8381.518154370842 -5107.263196720062
1241.2561709956535 1780.2289875517417
-8951.70899396086 -5306.141390649102
3840.302738416636 -4117.615050145758
3543.3219068269973 -8264.617550761459
-4761.542054691903 -6268.017634887171
869.3141727582879 5694.204372625225
3546.7105640600694 4739.782631638185
-2114.51324149053 9605.719021489731
-9795.278787495405 -3152.0212909820348
5519.6998275158385 8928.06578565876
-54.06406038291243 7299.467234406904
-5370.472757765186 5044.411197744788
-1866.3758534644548 -3065.1815833186192
1179.8716323645513 7364.039823443185
3910.8412150057666 8593.730164071349
9861.764845619378 -8828.708258771918
1376.840474911658 5998.521220923565
2359.011741536451 1984.6859803770694
396.98583285264976 5923.018120825223
-8823.621047555296 1426.8344723955015
3672.754445481698 -6499.046336939291
275.05204124323245 -5530.9611211226265
-2657.0523090848683 8203.79072076803
-281.8780160623828 -6597.256713691233
-1343.2385180087585 6318.651907327758
-6889.109341935029 3.297847965382971
6153.891159513016 4682.834951287145
-6172.184244961885 4089.769322668615
5306.389816044406 9982.155822060755
8849.950341218297 4047.8117255591787
5721.516035762777 -1903.8426597393473
-2506.244328022968 -7129.102323708179
4774.354615738479 8773.99327535816
6394.209107569288 1888.4912198021157
6933.504803590247 2350.5849264380995
1812.1479818752941 -6411.984095953289
-1937.3172701859858 7263.4259512868375
5667.827652297614 4800.768424263857
-374.4003499053197 9806.191291701016
-7340.2931503016425 2010.1933480682437
8991.020908694827 856.0904189460398
2409.4942283224627 1654.2285207744426
8929.429736483675 -1762.3175321493782
2781.5327479872994 -9968.299630420468
1912.2642801559687 7936.6566383026875
8356.61999105864 9786.043844552438
-7030.783551138291 -7447.140574340638
-8502.59912814884 2927.8859333164437
8628.620474191517 1182.6291414494244
2524.499104114082 -6028.67106211169
-1139.5191476179934 1346.2882335434842
229.57972353747027 997.0412957775698
3961.2382772047986 627.4138182568331
4283.57151988033 -2681.454574060471
-1036.1238433387098 -6633.701979139703
-2944.6882916905824 -8083.621480902492
-5573.4705278736365 -3949.218643475927
3937.898707313705 -7081.919443694977
-5652.726560719281 3973.4361940596154
8487.07484286531 5140.240685918043
9472.299482548886 -8725.156141899892
-8492.007225943848 -9927.875191331634
-2590.773733506886 6668.502381797567
1683.7522026223687 4668.676262345431
9726.821288937124 7943.676128114563
9421.111192344404 -6066.026540741381
-9383.067227794932 9768.285639859001
5295.8355106694835 1514.5005938445447
-8286.025655521737 -8635.294241617406
-187.8527059447424 2384.8767613601613
3311.829029992654 3307.1378658908925
2147.788451629698 -7803.0353868057655
-6512.4300053795105 5989.992326251957
2138.244688578048 8976.562583539133
-6464.067869792276 6242.494990782665
-8039.311486355175 -5409.834780751244
-9362.00697451943 -6884.4716763815495
1810.2554870609183 5767.56138222423
6832.060091410982 9042.482025939684
7318.282031431325 -2545.687213730256
-2875.7166216343057 8376.679306157399
-4455.831450428982 4881.450644786983
8971.055511850715 -8266.276184912886
-8920.430107484712 4977.987431352885
-9615.21964597865 1617.8930462766548
4135.633748191283 2615.152107026286
-5440.866913322427 2487.484009793665
8441.051874073164 2659.5050131433945
5179.457665187274 6714.80158733809
8360.709207652017 -5074.599777693181
-1521.516887979269 6822.2596307820895
-8148.245029898504 -4144.479533949006
5617.073300200918 -6073.1595307765065
8705.949618904498 -1878.4906251966822
2114.2485684184103 2500.9559693900683
1984.1675668661883 -2675.0077256209215
9820.257638847335 2358.5094698265857
-5369.028621080059 -6407.431702121739
-8678.995522539004 200.76695607429247
-7035.790256262193 5096.633157381377
6681.666018369073 -4892.597142162575
-5933.393159331879 397.17741812763234
8081.868001987441 -4966.114994736806
-4936.639187694667 -3012.027293188271
9164.322618102084 4677.131564249938
-1148.214934313226 4543.866675830643
2813.3547216597017 -1002.8346855604213
-6943.931440577948 -6895.845783240295
-6400.723354755218 1233.261542668566
6812.253896393497 -1209.6929908593265
-730.8849323144532 9428.872650072168
3445.569204691379 2644.5960666976152
-566.301266692446 1280.396835320842
6184.27641921443 -8210.552162653106
8995.675438222788 -6449.370511198891
-1238.7626773600769 -3654.3641257818745
8882.541366970512 -661.4715143919875
-6913.581427167497 -9589.295987654956
-2706.7012442625974 -5827.302132166661
-7869.4018326473315 -9112.709390391334
-9063.108606091651 -9803.222334911037
-2257.436494173122 4064.3142918456233
7635.10463406776 6640.7139619643785
329.120010689805 -3407.752240502009
-817.8679701891542 -5677.34539723566
159.26541469282893 4857.0021050269515
-3502.438318706695 2102.0046119386043
8510.91401447693 4745.220582709455
-2120.951175342876 4004.96093949812
960.5789135485575 2407.05574677814
-4444.514897385865 -2830.393241284414
4823.471019705476 -4139.208066712084
-4239.001364400024 -7191.539477289443
-1916.5193101682698 -2853.038993586365
3194.657046723005 -4937.882034726815
-1890.4451244803204 -4772.136846454056
-7999.733611236419 -4081.5586532034413
5037.014579908993 941.7064962482109
-7704.79639506572 8297.503003828548
-3100.6247164723954 7058.845774129648
3796.7395531586117 -6046.704408445576
-8571.719753831674 -1149.112019608452
6238.846055562948 -1981.0208233219173
-7103.824871591456 3571.7114808685565
-9957.982490574183 -2176.7575987701075
-8541.606241703079 -9137.265795674557
93.15296124925226 -9968.892416288321
-2841.6532233074786 -9666.971600344932
-9487.908153911825 -2786.681580690475
-8908.455716372086 -2571.8133649011324
8925.923377709081 -7375.788038278999
2181.207993347376 -5809.8926452434
5041.709252593095 268.7605726567381
9600.268185712906 -2376.8522849114906
-9797.183096242035 6265.258716056442
8081.559557641383 5120.390175119424
2133.553190836328 -2939.09432691033
-3809.925280218389 -6232.968917758694
-7778.6345495511705 233.30918992807347
-3911.8449210946474 8326.191634126768
-8544.636385958693 4411.734459238054
7406.537322676602 1325.7338731761938
5534.483502252608 -3722.317290711563
-2458.8013138372826 7902.933206846286
-321.8790690924525 -5344.817886419118
-3972.018443319418 7927.160240724894
-683.3934672845535 4376.947260045343
-8395.996076527703 8408.98514761265
-5891.578618482707 -4086.659059648923
7146.896370811228 -9682.583946722687
9625.582543160304 676.8660537412616
9889.937124544416 5665.2486644810415
3568.163019368263 -3534.319333523974
2143.18826510689 3085.804056523006
-8486.56270284172 2685.424140016541
-8792.23466355844 3112.593352292801
-9025.324722525469 -9210.586309632075
-3747.5930413708647 -2013.2580018483195
-8060.854181070247 1803.0592986794545
-5371.459738437032 -4944.712825681332
-2925.5897301778487 9849.122545094127
432.0679581583081 -2313.2695370932297
5436.527897179974 -1733.776097102278
4077.139628828818 3118.5334091627865
-216.67581323844206 3213.787778589145
3229.193624762327 -7235.506932433295
-509.6041588075059 8582.40124127646
2651.591651810548 -2751.752766467046
-1412.9257628076666 5579.325023776566
-6647.798139494809 -4207.582597624404
1574.0798302772782 534.7028413255975
-126.6925880099734 -2418.8096191262075
-1545.8469113769042 5274.771100390297
8650.264161486994 -8672.581674583302
4801.455974152997 -4165.829866929911
71.3466758825416 -1486.405688705814
-7284.90942070118 -2669.7662671837197
2203.262010470382 5639.350655345879
-5853.401001906682 5497.905952224672
5103.843027287567 1296.3949521455634
9360.841226211262 8684.736232082185
1225.4581398787614 5005.096296245492
184.18899175340266 8031.161158837473
9619.709800088753 6485.201249043774
-9786.511355710667 8112.079623931633
-513.9783778007768 -3603.5514813208256
-7696.205417458728 5491.502913905491
-7936.2441778889915 2573.1284843065478
-2577.610278078202 -1557.1561146442527
8949.51571898329 9389.920963905337
8351.157651113535 -2486.814431470503
9628.33558469989 -7865.385122691028
6738.882068517014 -6339.337754587362
1339.487296466812 3126.606926550523
2649.605079103938 -1630.146758691195
-9645.345347107459 1808.3510826244947
-7977.319887550613 8450.883805208352
-4671.725363382404 7150.210075201081
-645.2875023473462 7153.697571740835
586.8598482286561 7447.446911906751
-9566.911419496262 -7220.244398350748
-9943.840512378203 9951.374997434927
3095.3459738795973 6149.193615849861
-9017.961851685566 -9235.043002235741
2758.152627691201 9082.246969431508
-9317.007449418506 -5953.557843981032
3854.203772649058 7479.544375355592
9279.248023735232 8802.89345087361
8334.873199536127 -5363.358783598284
-3324.586074902267 1418.7507254107331
-1959.0142301033266 -6896.0482888004135
-6969.29090641917 2552.8521459663916
-986.3872928394285 -3295.9802980716504
8532.792793128214 -1849.383869536041
-7288.683023797252 -1756.155718248243
498.2754593066711 -3943.6275077032024
1619.814977905873 -6989.235027454126
-6344.986324753181 -7925.89469055814
4884.54425322112 -6683.814528078636
2918.3160649976962 2313.1595593993643
3366.1629226900895 -4847.796574848726
-2944.7654182245533 2268.7369702726555
-7086.4626989925 4451.985545995483
6338.129082885796 -2674.7063708498354
-331.6971997759356 -2504.4806325788295
7620.739177508905 4234.230011162708
1859.617022170034 -2321.8549862572017
-3772.9840926383386 8605.54814732551
8817.256582133916 -839.9412894448251
-4374.989184299289 -433.57396660269114
9825.733847224106 -3159.247302452266
3065.1353488328223 9477.948447240462
2961.650256031431 -8346.84896523025
2194.150709042233 3964.510160525777
7201.025236550253 -9652.037043084696
-7886.7326640411075 -4501.313294768447
9852.879421568556 9739.575862240457
6430.768838361022 -7602.344057250701
5769.873304209474 6810.5789853787865
5566.611336975786 4325.527437716983
4806.341655645168 8122.793086231788
898.4691217127129 5259.221093905546
-361.4092640665076 4658.4661891157975
-9704.25849292904 5363.822128842528
-2668.1440412749243 -8483.930499411543
-8829.943598488908 4336.611644229859
4932.856691602343 5810.919731084174
9377.844517579484 -9482.739109052853
1886.398907441031 -9318.378770684169
142.58662335908048 -7575.047269818833
-9780.96690029899 8479.114869343306
621.3663952997649 2371.484962262888
7202.278868524969 2015.8984869937285
2822.392681608404 -4587.324591126223
-5397.520095176371 -821.2431281967365
-9712.806715382565 1138.6863049554067
3643.874471977182 -6740.862314842419
2283.2000037417565 -9332.842430608463
-4544.002857480389 9031.067331706035
-4790.5109665308855 -3308.6820410919418
-6953.935490036434 2907.3089545190633
2500.466285756149 -9451.463475835764
-7268.4776136718465 4430.221430907075
-8480.684143060858 -2986.959628725441
-9512.530054075085 5904.576796591096
-1234.9317576736466 -5120.17833307207
1808.2002654246207 7155.366269738901
-6825.833507049434 9395.030188423876
-7548.364650600934 3194.4068519725406
-8620.545862292078 -8798.571494260652
-8170.041888845079 4005.346284419069
8496.522629949384 -4294.22610091833
-9170.72136332145 -2292.561265968283
-6660.601776807902 6638.264692740278
-8514.293333944486 -8965.746199156274
7924.580985053592 8062.475348489348
-2785.27563713608 4364.250613675029
7704.470035619277 207.4871239678705
9185.292910089422 2465.9413255534764
1178.2527228576528 -3767.8045109284476
6949.655852934771 6671.144891671389
-4639.646956364425 9395.06087991842
-415.67114492091787 -634.3912946704131
7043.579530514933 3090.8574107466466
-2632.694559287843 -2512.9287435128235
-1123.8659101389476 9829.238037079213
-6588.974104736185 -1853.4028631526935
3978.6772546951197 9468.235761429089
-309.7912843972117 6539.822275555343
-6840.31544440252 -8120.911537759434
-7451.849928699172 3990.5122475526186
-5255.659865762003 -5292.941912571365
9034.649049544587 2269.6176689216627
-1385.730551606248 3006.204643116169
-2676.763968723739 -741.1940059849203
3262.4274119481615 4264.341823655182
1974.9166649161689 578.2092839480028
-2500.5064328205017 9697.701491212869
-2039.8262950593753 1973.9331914236973
6905.159547899257 683.092526183289
-3879.4955074836635 -1938.3739507405508
-800.2750314014756 -2191.354461558055
7145.2960870035895 -5551.782960161516
-7581.554629342481 -737.5088996013201
-8840.625829915496 -7695.311606582329
5103.111892798401 -4857.972242109636
-4338.901015985339 7138.543782201399
8682.370220013712 -5245.3125783578835
-4179.595851333171 -3184.5860602951225
8794.319812251142 5094.414281232475
-1959.2930354384716 7805.011471987767
-5488.035817540833 -9583.664894881289
-9791.84093124803 3177.442621396185
-7735.885552383954 5195.392372444527
196.22009260295818 -8948.341501068498
4701.380622006622 5742.9846729764395
-2036.9065834375879 7998.601389776992
3838.9160731151587 9368.944291174674
5974.061197097615 8327.401172041999
2514.6081309049987 4214.46465991554
7700.324301088585 7233.7397885270875
8533.449018281484 -2255.134637650369
4590.449764083825 3465.2954285215237
-8174.161794766524 7379.371630522819
8180.088299402676 5459.9546295771215
6529.6127316316415 2848.3596304286602
5900.129207917464 3838.2580772771435
7112.620859632323 6606.801182889951
6663.017955897387 -7317.663614836385
484.69756806508303 5995.932842153126
-4548.530713513856 2209.3660729030325
4504.9219924938825 8833.43510025699
4903.354820137536 6248.355382176605
-2627.9293775397346 2725.70972870303
6281.071758211483 9354.86252330463
2093.219335231235 -2365.883721794735
-7766.773884692147 449.0143040499679
-4442.540311346914 1090.2987583757713
9401.002386762098 2537.989565968328
2698.754522238207 -4055.9613409185104
191.11488595508672 -8615.102545747677
-7186.044251115218 1640.3314797102212
9931.775752161371 -88.2197566848572
-2690.930974550137 1760.6690490276524
8147.639839160129 9675.233600873758
-4021.13867215347 -7073.197244584826
834.2158252010122 -4071.071232915986
-7618.054188546013 -6846.469715527277
-5618.222440941081 -1411.8958025291886
-2044.489072139153 1350.331705456243
-8806.681385167121 -2163.136297409019
9220.888488376153 3909.9752894477497
-7939.35147574582 169.9169289088295
-7236.812845963301 -814.527807142229
-8992.757621352517 8336.156426820144
8625.25488310571 -3854.9332615692338
-5424.006799462486 -3047.7252617636896
4338.253828555236 -391.80002785729266
-565.4484429000095 4480.378215321718
-981.8245250192194 1203.6982735824586
-309.5399145012798 1814.3577501330637
9789.641474840391 -7445.306735973525
8452.831725953522 7895.5426332098505
-8744.618773908202 5183.072438113773
6946.83659680179 -6421.046835650079
2811.7964869932857 239.54326401937942
-1118.1856064124167 6397.250310525833
8318.06065449725 403.66754935619247
7793.3415514606495 920.2500876469749
7958.231004372388 -3838.491482667084
-9275.877469857905 -7916.333630239962
3092.8806742891284 9156.81537879834
-7121.890319140744 2161.524095846942
1478.792108267382 -3575.054355569001
-5223.228070145447 5982.448330856272
2442.2843432792324 -8942.984246816426
5965.988269953592 -6459.153177061175
-576.2259014848332 -2794.960262646946
-2533.4545969630935 4329.75818875896
768.2034695109123 -9672.888118916802
-1069.2255717507596 3522.9306166988754
-1281.9936749140652 -2815.0448607673816
-4137.625249961965 6559.478724001041
-8727.700931644245 4344.450283865739
7276.017402328831 -4264.756293224288
1908.0330309187157 8793.03752673063
4817.843788348142 -9919.240752268932
8115.861809946946 -223.84326493084154
-9362.491373929843 8106.520080809692
1285.5145517904893 7068.19143507411
3196.94783222578 1922.0157590606395
-2317.50277937381 7631.642103318434
7720.58645152668 785.7832722676685
3089.975121183372 9981.55147943239
-8863.774272775576 2319.5129513048105
2146.7171983314092 -6439.523791682095
125.3834720175928 -9579.985336937421
-2505.978887495692 9042.583780285415
-4703.6003100122725 328.6493197062882
3551.5642447298833 4723.742541979562
4513.134588714123 -6631.410174024266
5074.154817610213 -5982.2693688901745
4056.636522492976 6536.075936459969
1598.3969775698042 -432.99265514332
-2433.3258206959617 5432.604718266148
-4529.691958972219 589.7314887703014
-395.43678406235085 -7049.235963847543
3351.9551304162324 -8176.974722324452
3198.252589961585 -9322.775360783686
-1062.7771560048932 -5214.255797210508
-1124.839800796557 -4847.840124951377
8063.835136441838 5072.30310819409
-3542.2141449214787 -3074.8310286863134
-3509.1964312972705 -6997.613400126162
291.6540712217302 -3226.461717950484
-4682.502665340935 -810.3460650186007
3594.674975459515 499.4701312469133
-647.4395266845295 1455.830237484026
-1738.4587321865365 1398.6911295794926
9697.934554159572 -4995.140654966554
2726.3114906582214 7793.61960140444
-6604.719119929985 3885.0662938157257
-7619.140713078883 1950.0688477494368
189.1190914340459 8505.571281760884
-5433.600731342017 6247.235444741049
9293.03818325165 -8663.530403473454
3299.837667863687 2646.501524299154
-2497.6390344178553 -9089.42853270089
-2333.7861320665506 2305.370581199226
4078.678642658564 -7142.211642832976
-7796.950926177331 -6391.374090695534
-2461.2994240382923 -4058.4808874048185
7621.928352015762 8939.589821051646
4811.898842554578 -9070.318409661919
5857.1913320855365 3190.142035931447
4188.454490983868 621.3108686978303
4701.127954678903 -9691.064619613528
-9938.95326182707 -9537.069556571734
-5820.38622229116 -1886.9743727882324
9671.052244752827 -9072.823548863775
-658.3615474436901 -3861.081440143468
9901.767067387405 -4810.551454802967
-7719.269770978381 6484.819851109907
-4381.728007590824 8626.631953662742
9975.794368595652 3396.6437518574385
-9864.382357885837 -9724.78374204712
3933.424937085445 3776.132444844634
3104.017520235564 624.4275452788388
-7366.727391780998 7840.207374638827
-8568.21748753308 -5016.736803465423
8422.591900380834 6836.462813816783
4823.749676789994 -2851.401397190869
6775.61362828263 -6979.513011777818
-904.9963991543336 -5785.174164004787
-2272.077023455292 6026.484381047674
-2373.299733000842 -9896.24436816185
6815.559167970863 9313.44694836366
4162.859630202211 2756.8014419534265
-4006.9265894887194 -9455.092760484951
-1396.0034743500419 7919.739462633548
-6225.672699386298 561.0888174456541
1535.5164768601353 1063.6297648716136
-1765.6704013874096 7028.0453402095445
-7064.183089357414 8223.755467186518
6529.954282597395 899.1670770826713
-4158.929231413337 6401.720006935069
-9758.09571927601 -3499.787178736211
6700.706481454938 -5335.872857926985
-2890.176488677059 9349.799404406476
-9260.383628276302 8184.551671571284
-3373.0167650472476 -246.921371639668
2850.1739442862545 9213.77818390667
-519.4890806299918 -5242.9066020793625
2369.1548430174826 1326.5788742239365
8967.647921897056 6232.098816364027
3551.699076364601 -3718.417640994343
6288.067861879374 8643.915289599106
2636.479340942471 -3555.9480277288503
-8993.19782371297 6508.151659071616
7103.270971758317 -40.30419252597676
-6998.12932470029 8567.928936618307
3056.1508369847325 -9269.108393867704
2855.2245618144407 -6587.490588849543
-7377.414327835548 735.0022916346916
-6084.841588453318 -444.97637414843666
-5159.302537215007 8337.73780113793
-8847.128642281044 1913.2582891024776
-9285.97205364889 2992.794522676506
-544.6160975933217 6188.262411782456
5945.1580687807655 4082.2941720343624
-2858.439117354179 2811.3021544529947
3316.5587781808717 9640.815965976399
9257.507555848504 -7069.5273497902435
769.0977010038623 9319.10016149871
-397.84645548159824 -9665.928550221473
935.6385422986914 5181.790282272621
453.35114146001615 -4741.399535377462
-6780.78199117631 3796.8470331991502
-5390.634972536932 8705.059608739743
-9537.693615669828 -6437.438535954374
-4369.8538179206325 9187.965261744503
8835.688949188101 2331.3730839736054
-942.6731444817924 7767.319070558136
-8217.454662361302 2127.9704831779654
-88.60802633628737 -8235.476334837727
-3314.675348859395 -9877.546353349997
9909.026230735173 2739.030626440699
6380.052650406138 8007.592552331116
1613.155615290858 -9896.719377335538
-3275.266766567235 5542.518218837524
-3877.2533130280244 -1820.715066086338
6135.545600143629 8263.460965122227
-4071.062136978232 1550.9691261468488
-6663.4420744190265 -5774.587177590709
5208.637433673999 1242.1900755813003
-4474.276389498417 126.90444875931098
-3903.7769665836604 -7448.882922787541
-9258.057585569737 3283.337991855009
-8631.467814115496 -5702.564793414355
5425.015904404274 2652.617288695312
1497.8512245566653 8789.63838354122
-9007.65880615859 9480.087797793018
-2827.852708069904 1995.432362921838
1713.2356573896777 -3881.9080098197746
-2848.6786053845444 -5800.937800202004
243.79874985568858 188.7079358564497
5722.779209965922 -7144.83248203378
-3107.7332440639284 496.54103784070685
4039.166993090883 1399.5303946078511
-5983.173147384599 -9038.293219095185
5265.632485930288 452.87923408158713
-2085.0882757516783 -668.5748497975055
4733.515217942948 1154.6886312615497
-2854.9984477796706 8541.937883810577
-6808.104249104041 -5710.309814796122
8429.018728646632 340.7227859237919
-6232.037197932476 3420.595928273666
-884.5954695616656 -6857.716510564722
-8608.302364573972 -4583.676840691866
8640.021140413985 9079.055765457528
7209.892366353386 7565.773170073153
-9495.96110088794 -1177.7414038739316
9909.064440258288 -3106.98078293417
995.0065231636509 -3014.1934900313363
-9113.649529158898 4340.523033540929
-8790.665290551548 -4210.332927501843
852.0008811015196 -5837.212321559562
-5108.5549016840105 -9852.65659964777
-8283.381297202013 -2826.3598384533943
6186.8824586717 3455.4303949152745
9510.82990297084 -4583.891853269249
8613.704240500712 -9898.516947344277
1604.5949099145655 -4625.358483998474
9388.50643095922 8069.714113934442
-5362.097996002204 7025.217371052633
-8299.534503582945 3012.313910366951
8344.118748657329 -3180.3655995242934
1608.8112417581397 3767.479914696054
-5158.189190799587 -5873.904058637651
-4053.8196352771074 -1456.493477396094
-7009.642983144535 2698.9573003022942
-7057.6765938201615 851.585846328162
3049.236510019813 1426.2904482327758
8239.680287403942 4758.234759656159
-1849.6178045016113 -8095.288522748055
5554.355489117197 -9858.440543897827
-4012.4638222732447 4316.685058404302
3443.0733649037575 -9626.165920027623
-3353.9374999577485 7636.3084829227555
-2531.2884714617967 -2783.8283811847896
-9358.78327739215 5365.358585356593
514.0448845933988 -9300.679346991386
-4997.606561064723 -6197.837594224194
-6924.6308127839475 5377.932667892519
4635.406973837433 -3728.3585470420903
-9925.304186010737 -1416.1041870957051
-8785.60649900317 3795.6479926484426
-8938.748189080263 -8832.362722419315
2499.4552642132367 -9641.491815596759
6630.035901263054 6704.5630746676
-8754.31184209285 9223.453906710187
5467.225997336831 1257.084918131406
-5236.216253188497 -4318.580036490429
3639.2606170692106 -7479.017961174468
-6288.091173243751 1164.450325542426
574.4406849731458 4548.097415963446
1843.1137577990376 3831.750963428638
-5357.059647848845 2225.682690930076
-2797.966785916966 1537.2011843880864
5323.14113112676 -1694.0400063323268
-340.8016301589287 -5487.082688817808
8649.23456446267 -4982.23542911262
9690.785788737747 7154.244291565959
-2032.926658853724 -7844.587164727602
8956.178387493423 967.3371676737279
-7017.726553631017 -5971.789273999317
4495.232702614196 -5958.738574542795
-3333.3839566389424 -1232.683577609876
-4738.309074528015 6332.345708964851
1795.8151863038565 -4775.064888759009
-7771.311732542845 -5400.729568256188
-3276.248251420142 5064.114259395816
-8553.14170491778 6003.191849342584
-6544.68381995916 -9374.308288491453
3205.059707199198 5187.953830714356
162.01234941781513 2772.218468432002
-161.7278164014715 -3918.764127394247
4991.533143802661 7146.9719470145355
-253.23974195743176 6708.262062792906
8354.519888056511 2149.4488759365686
-4164.888270276181 -7014.518184357481
-3171.2187776665205 7417.011633000275
2849.3088420784716 5762.403348909003
-6596.754122243385 -2284.35891228947
-15.491457231755703 -5694.4387624701485
5990.9800081681715 3881.0339059117414
2655.74444950846 8969.354568574308
8972.620386552142 -185.44448467380244
-9531.707052659342 -4025.6991228775796
-9011.396928438504 2526.8546026530894
7193.981054852484 8014.012433852749
6280.608158969822 -9164.790443584472
-7045.763263634104 5837.990683350135
-3410.3375297234725 -2441.025730137152
8830.225092732177 -1991.8849592468814
5950.381345074866 9920.759974255889
9764.928949395682 -1297.514235726885
-8322.147071596546 3349.279862569374
-7108.4146580724755 -3258.9464767342897
1425.7140103020447 -5006.942767841804
-4682.601680101479 2933.2624644035513
-1599.0231283930261 -5007.515667517253
-2089.0049918787754 -2601.298045578992
-5346.778114102702 -4079.000426867292
9786.617269368584 -6312.446973365022
-4187.220968713139 -6205.5732817551125
1947.5733208315596 -7671.609565001518
9734.571788370708 -2339.188568441932
7946.003625136418 -7143.312756072966
6211.313444177691 -978.6409992559002
-5564.448647668736 -9571.85450905011
-4748.211808900409 -2803.6303540078825
5138.051512454416 796.7627258656321
-2623.0294832089894 -7761.656919126121
-1985.1092848423368 -4261.6777268696105
-9031.220560668418 3107.7042950242776
7328.216389424902 9925.772632281423
-1086.7161480179275 5564.887868132511
9796.710756303324 -186.24419035432038
-387.7887592619136 -8404.201927657166
-2804.829672852158 -4734.6915242670475
-4106.350873595566 -9824.059252265051
-3483.3386016456934 5454.553569234273
9434.847687593774 -2208.191510280477
-6789.432446171244 2004.9750406761195
8017.07337502997 6376.373994457939
3029.355010491092 4373.655244888645
-1735.5085339539728 6178.84144344474
3661.430851794252 -4832.371684396321
7476.083842253796 1577.0733973441547
-1403.008371601305 -3620.7118743895508
-5258.356640461588 8954.39581355578
2568.2921206332285 1453.5748270809963
-6260.081220924822 7500.7721966836725
-9574.702686499722 2650.4351738183977
-2550.9934076240115 6161.609270519166
-547.7896386019002 -1658.1547908872399
8456.129196862257 -7054.259571380803
-1100.0991191475114 -9316.54941619663
-2364.036875957736 6417.424511674642
-96.21018474026278 -9473.32213643064
-1326.289768098557 -6564.540185216869
-6023.723316267711 -6512.061402355207
-3758.854496895292 -7934.189874584578
-1092.6717829270128 -1232.670431578741
1590.8933664134202 4082.4170910895136
-2823.6232528975243 -9389.971285144833
-9083.771141878831 -2415.8514001102894
-6126.78731815999 -8770.657816012506
9030.720097387606 6994.1243064052105
-1354.9240853277843 3561.166499433808
-6245.9317264881165 -4929.072686674174
9331.697207841858 -7604.6109805308415
-5152.474532303608 9549.508372954904
3719.557623076502 3230.545521004493
5424.308661006809 5642.853218404607
-9758.822324702202 9623.826880730157
-6532.546310031308 -5126.218471571869
8464.76411690244 -8140.688892387764
-3580.4122447270074 569.5137957479692
5864.09668519506 2433.079000723832
2766.1317444867655 -9160.07230992605
8628.03618488893 7154.6523571454745
-8884.536334331544 973.7149727252836
-8836.398581282503 4589.970552191
9486.627800945811 8924.918893948856
-8533.933917983994 1121.9132339705775
-4652.818794771992 9925.61634747226
-2325.9266981408346 -5919.854926728187
400.8154279570681 9248.801120940283
4897.291549031008 -8807.151116500307
-6793.5812893713155 -4241.2113971288345
-9201.33438033845 -8961.310384866862
7417.273569377809 -6875.241214651844
3432.853551046608 6228.143537152495
3761.1210805783267 -9563.676267811725
-4513.0361586531035 8719.083680220374
-161.1571956858952 9448.296442588682
-4660.755992369898 -5027.671789626562
-6598.439998683032 -8204.885234521302
-2754.09922252712 7578.607657850789
1972.9644426126924 6253.652803255789
485.7653909609253 9539.209946805051
4515.736176382832 3496.43874769837
-9562.954348282195 7558.331041163783
-702.0688316735523 3765.577712488981
-6670.064233955167 1505.9470859886496
6197.254545554675 -8489.041981494387
-9186.60123861326 -1364.1971298883109
1388.1663952382587 -9725.403132362298
-9506.050324332467 -6806.109496668382
-2311.205984355269 966.2763759126574
-5751.1893397638405 -5271.422947529747
-5198.334631735411 7163.883757300162
7385.33753378455 -8285.68051174023
264.2974726476241 2185.1650247579455
8613.152024277857 1026.6868119138126
4132.717409997624 -5584.126123472086
-6685.068305144045 -1642.8094298337783
-1746.9896965579428 -257.41240940941134
-9253.635391946178 9832.204342401339
4433.037726847377 -7073.266898318065
-434.7215644443331 -9098.963548262825
-5091.515893157732 3369.6514679016473
5484.511554427416 4984.003047162245
-6795.569590783166 4956.8193030450075
-137.3916622993529 1422.1242695576857
-6174.317386118797 4532.605693585221
8690.953442069014 -54.14945608730159
-4833.8873207008 -954.7492821961005
7705.501477609134 -2818.987423247985
1609.3036659017398 7515.012167529192
1245.7780194362258 -364.0440759326011
-2000.1805122670603 -9283.286544016408
3.363934046743452 -2835.3779209854756
-7503.550945068462 8831.219202903754
5946.608668322344 1076.09751042662
2275.8168735759973 -4691.37342066974
1477.8447184005654 1861.9525152398983
636.7636745100099 3799.2551383391856
4273.910456064836 -7061.541971629455
-6237.0480194801 -5753.202129216696
9280.316344762665 -1148.4367526938968
-9266.827939847275 4101.271441595885
-5026.07387894354 -931.7153566443849
-8674.145118228267 1097.6894795911849
2278.5468024585807 -8221.050794839206
2746.334214656552 -4840.336979303901
1412.3639798947243 -3939.49013054677
8612.429196233006 -1274.582828020144
4465.6830194583745 5301.93347705487
-8634.052841696866 7156.9819100868735
-348.03749877995324 -31.552625541591624
-7265.25230851534 3881.6153364387246
-3055.3229935270656 3582.20148555135
5952.019612593664 -1472.2206506272887
4207.053981613131 2222.6976432275496
8146.484044754412 556.2850660336499
-2058.7253788385506 4901.105638745505
1649.2374658873923 -4249.505640661615
-6571.739139712905 -161.61994202977075
-1080.0005094269618 8417.754337568073
-4701.307669200137 -22.141010174940675
-2622.4446728076737 -1732.483468768627
1470.438912306132 9988.821737794224
7626.213589144878 -2330.12359831313
907.1136847536345 6568.2490295806165
1402.1304753760196 2361.5496276863014
8796.999813985007 4023.825805704828
-5979.613364175757 6654.585419966021
1521.1173150478735 -2078.007619830695
-9814.271599431184 2816.393727482822
8173.735515839831 1010.6454020440597
1736.9281935734234 3527.9436587213568
5418.176968063302 7676.859279567558
-8773.275559333879 -3809.7166096329984
8105.2687211057055 5875.788347745045
6196.372530827493 -1662.2047477340293
9351.348216871735 -1232.311822018739
5585.825196272399 -5470.105343255538
667.2550344355914 2225.773859004006
1927.6299332118888 -3168.8407937782385
-4750.734481072616 8928.418292567887
-9195.363835855534 3353.150758883108
5687.465102109483 -5075.027673778823
-7491.350543868418 -7680.5175349323745
-8883.413528642146 -9634.732554715449
9919.200017534782 2728.9553026761896
8228.864112729581 2508.650899917593
-8671.38435326549 -3070.1200969231104
-4412.005439392666 6179.173642485108
-2728.3675794728215 -4718.029273337043
-8672.178102886231 4509.344720608233
6374.800944188186 -1429.513913860017
-9411.106764637636 -8884.367659559788
-3177.025708663894 9950.572734508602
-9059.427662532435 -6225.3110966978165
7247.204184387556 -5061.9583596885295
-8444.085330546792 9220.048302438234
-6329.606190838913 -4673.898065092141
5051.05368541914 8854.825302157467
-2395.9059131875993 895.8419057980191
9670.36844406903 5976.734140652628
4471.8563345094735 1401.541149939705
-6106.755524315957 6537.518122879948
1241.5885966872138 -9449.826754576121
5557.753664991487 -2490.3289788334805
-2518.606697595047 -6442.260225150787
-6758.866063486804 -390.90178015323727
-4989.607612571105 353.358576814333
-1093.54040482663 4423.168244700109
-2101.9124866631246 7615.3123091794805
7719.436964330867 9919.362247928311
6772.814902873342 4561.539732507845
3458.784427842962 2860.534052187815
-768.0915854347331 -219.6620443407246
-3911.8072872722396 -8171.447980581135
1603.1991418816833 -624.6771634026227
1827.389084822089 -9641.105483237665
6389.514647624917 -9688.01978886927
5454.359694436585 6114.540087038238
4434.882521735972 -2908.59180736446
-409.68090749438306 9078.276298559642
1183.1540273764094 4740.158263305901
-3636.458172904753 9418.34258207781
-7643.182212249118 -3406.669277607666
3117.7124632716477 -6016.917177666892
5965.7849339700115 1461.3916508338862
5724.964132877893 9306.091140106215
-5237.026333616477 1509.439453746003
-9416.673514241425 -1445.9100639080025
6095.540789408333 -459.05789714805724
-477.17567283967765 25.580919994503347
4557.646656534975 2366.237477935747
-9386.002075488854 -4390.919671048708
-3067.3316944036987 5549.382509164183
-7732.847731666566 -964.4727062659258
8619.804997430161 4065.2056590504035
8030.175045861353 -4189.749037953255
6072.058940390161 3261.7093376289704
-4862.712142288015 9385.648659842089
-9270.409007636736 5011.240605690187
1130.6319472327723 -8563.492126681047
6514.5029074294835 -4952.863652485819
-228.882144685831 -1974.292191183964
5160.1058559391095 -779.1705573825129
-25.49773437033582 -2001.2196251538735
1479.7874114381284 8777.679805925276
9653.185031679983 5121.632720699205
4137.604009155839 -2261.9180914441195
113.75034209168007 -8723.52011862295
6564.76711367365 9083.672311007285
-3945.195689949017 4456.841027580096
7373.219648854763 -9313.246506175772
-8770.79366194898 2353.2221267104615
-50.471947823813025 -3215.677269405328
479.29857402132984 -3.106061529259023
6869.351770824629 -3713.623283302094
5123.293364150879 -1770.0523076729423
-3645.2244453062276 5321.452356464379
-9434.505989610827 8695.60967083981
5203.832410237208 8160.630526893776
-7477.434780153382 593.553197421108
5453.563643644829 8024.527912109919
1402.5884073763245 4620.751010374568
-9504.996466356692 -2733.931041615516
3143.1874237084594 319.1718000281635
440.50019628504015 -4964.880720982403
-790.4797919953235 4477.422854700433
-3749.1745909447727 9769.339466973473
8472.479387689102 -9715.785088639026
7461.5419321722875 3718.90541058336
9331.967981063051 -392.7034021935906
-694.8540883417481 7201.008945592501
-8280.350627806314 4072.312729968846
-8392.483379659263 -8606.645042453134
-4489.898894092812 4541.791101429018
-5955.748643497005 214.12829978784612
-5611.159775772743 -6854.731372923564
174.48434310356424 4199.2064151857685
2370.2037339342714 -2812.6655882880277
6126.824590430946 -7724.341506259778
-6072.381719484894 61.15530396235772
8894.07565593021 943.867908647484
-1906.6936169685332 -9279.171930221146
-6099.56116779958 -5381.1198424005415
-8095.976413117245 -9683.318389186437
1836.9198214222088 -4255.127099444407
-786.061265822018 2273.443687965613
-9282.292818387574 -1215.080349743057
-2834.6893134527936 -9608.050247722762
692.2993177057087 8301.5019534901
4502.140221674254 8480.874981454672
6355.217925731369 -1918.4954213713845
-6568.493377732023 4575.731322111258
4127.144246299602 -4377.290337300657
9881.84183716618 2978.167327465275
-9261.624884034738 -5712.911626905994
5776.901546929743 8149.383531282758
2927.502690765741 4039.4715110027664
1338.7543978335543 -4082.7458487820677
8175.274693112002 -9071.545613033304
5452.612445584929 -492.4627988403299
1625.6028863743686 5329.681863626898
7770.88251036339 585.3247440249761
-4697.262428712712 -540.0646056485675
-2496.671341994399 -1206.3261371687368
2315.6392287776507 5783.723368363391
734.7868150903087 -2797.8571710528713
947.6271266201911 9672.367447925124
631.3777676220216 5628.721299028379
-8638.599782901298 2038.838531756628
-6959.269419763072 8974.45105919254
-8893.427647379734 659.9069674511775
-6238.774536719629 -6489.2090208445425
-5301.127405396848 2510.4212035123564
-6850.179137327552 -9514.425344777957
7247.227853392513 -6327.167446238131
8757.545406499688 3464.186276870243
-7563.065731069086 -1751.6402170838755
-2673.7189498194366 -6501.63929315832
-8865.810298570002 -6815.54213417926
-6250.025352188597 4515.799109270369
8459.273702322414 -7953.445501187022
6497.973793340017 249.56679328103382
-5617.306288199668 7500.282569029358
-3482.316378684216 -6422.973579679856
-4269.347026823167 -366.26940684084
-221.69884176918276 -686.1647014732225
-4056.7760488589656 5237.502775007291
2386.8895230721555 -7690.671531086542
3010.6404274592405 1773.6773592894933
1602.608011615288 4115.369310084257
-4279.84509596393 9003.00932211411
6094.428840423705 3551.556320892618
-6322.059298881266 -8896.96319793784
4432.2087642843835 -834.5620152254724
-2472.4524844036223 -7402.003639976489
2070.5212651408383 -5112.830537662234
-7631.555097209482 2534.7651655019836
-6020.830406305426 4103.841425842831
-414.7650992194758 -6922.693647555733
2593.8522313780395 1929.471976527937
130.1259067234223 1055.3909460923624
8904.967314666967 -9377.55000902425
-4241.689362290773 -6008.362909458081
-1727.913209193046 8902.992225201964
3797.905270496145 5744.202323091695
-8053.852070434325 -7651.046411067413
-4256.846799664205 1140.7345959817176
300.9556259774308 9099.128963090632
-9708.384911664076 -6157.522657776764
-5579.886671703917 -7231.062774507238
-2596.8926546583934 -2834.3032389113023
8955.026063280813 -7215.808938477539
1540.1805495448934 -6299.107980711565
1064.1628948302805 1264.4131410183254
9456.950793212236 6308.515032312438
-2236.711395234048 -4862.046974983529
-9264.850059885079 433.2258095287143
7160.905526590137 -7653.064811935024
7723.265379235712 5666.974365132472
7822.683016053212 1800.8551157920483
5616.692641629723 -6895.509182399306
4903.179403219687 8163.414019423308
-6876.154962308076 4273.0439719982405
-8297.31012976312 -5392.029878902355
9495.194696755701 -2718.3896965340828
951.5969482282653 9352.765738569415
4649.25994398635 -3677.1252298971112
-8605.889756083174 5087.86274706776
-4288.426461498396 1774.7700278393895
-7862.159153858029 4331.514222034377
5489.705154683588 -113.46350238041305
-244.84098178506792 8304.465611160984
-3760.5583984399773 3397.570823718679
-8733.162351646819 -7913.52664182764
5534.255603391222 -2574.386465556491
-91.9997076300042 -5379.899649914104
-9867.76480249555 -1425.8989797453305
-29.066510798798845 -1447.364180663768
8441.656537507635 -553.2089450362837
2038.8454453835147 1957.7634939308155
2518.445673723849 5621.061426822458
-9430.80349167713 -8345.610603466013
-3514.2294912738234 -2380.454070451967
2054.741012205446 -3859.1921414215194
9848.06610862467 6533.063738727673
3884.971841910625 5088.19123886516
-8621.192530888058 -1313.9178020961517
-8449.82966280053 -8111.862830029393
-7906.614950447417 2099.2241945590395
-5025.187860210829 5924.820281752502
-5724.5345068571505 -4508.379982431703
-6463.403679611494 -7956.951006359832
-2392.7467880491467 -820.8148814602009
3721.911706122448 6109.334779000972
-6838.898922060924 -3536.822536344089
3388.067580092169 7613.839063716412
-8658.057423732873 -6033.315461238922
-7752.833524396088 2936.8613321754747
-9172.93913659069 -135.0424896157274
-543.9871857403687 6204.3046180178335
2131.728420485486 68.79742494149832
-3909.01341816259 -1417.661989007409
-8363.706126450574 4158.477931378004
-7193.647908391172 1412.259088380055
9742.315661946472 -4771.023067765228
1118.9850708661052 -6237.663978933204
-9717.624922459156 -9204.44369973995
-9467.952380298735 774.1938156828801
-2609.7621888421954 5522.022920019872
3104.669367545126 -4392.909589678142
-9254.941671197166 772.2855933563987
-7905.785176551978 -5165.79385773075
435.3497622468676 -9150.908321930852
-8057.740207226505 4820.857266862135
8645.490523727305 -8727.87982438462
3144.927755070248 -5084.681624650538
6949.541083629934 560.886795016042
7442.759504106798 -7791.273441490017
-4795.791236459295 3726.195005580712
-3715.1625661644002 -7828.6836381850835
-9135.202260928232 -6962.854153424223
-1333.5990971758056 -351.98254546451244
6005.042973289937 -380.9874073310166
-6791.271953114424 -4502.769173049728
3403.7304090486814 -1949.4495295231
3744.5948171222462 5582.375296006776
2768.0563412214233 5367.609068696631
7692.13959325324 -9123.41619003105
-6504.297143981659 5743.184787358288
-7855.4917504328305 116.70197267034382
1334.637836911541 -7397.662963849021
-6127.821524880866 9743.531544499507
-7118.322837595144 -8956.328328259533
-3670.6106011142238 -208.96217029170475
4067.8843868239856 5177.381770556782
9275.643873346882 -1061.9799925282332
6610.907943797982 7353.102146571033
4767.774237888641 -2888.4723926599618
-128.61199126643987 9239.139647747732
7047.593050474003 9832.087613774045
-5367.395696674086 8327.892620859457
-6755.306791405899 4916.586897487603
29.55371177462439 7680.583569033064
-3166.5291149980094 9205.433217281316
-4814.310605473713 1587.6886711681946
-3571.9952832455683 656.4047497159536
3072.5811959355015 5309.73874163905
-1232.0721767574687 -551.6228098968586
5689.781574081335 3176.4457651385364
6642.98099039857 663.893993284295
6869.225875955861 -3939.605667526427
23.45587390059336 670.3383600111683
1840.5161338941143 6604.804882760131
-8191.728952558237 -504.77196323643693
-8849.5311638187 8573.17867393035
8371.95923205909 -7708.0413987914635
612.3466440445573 5301.8941786206815
9486.36439982558 -5581.920860676788
-1332.7799669827582 -8524.881377602256
2212.393479082597 -3301.01272142346
-2128.067769884754 -7695.32073979535
-998.3166315175204 125.68812345734295
8185.180626246096 4685.81030115397
1517.5909881861153 -7463.933271707543
-3694.747352353682 6012.9877120479105
-1420.5731084696454 3754.888420868745
-2480.0122872315233 8078.328533836109
9153.404247012113 -9781.472452313172
4361.566566917689 -4161.66911214803
-541.7097272758583 -4713.78930400939
-184.23369904880747 3822.9937065028826
-2976.714826003219 7240.332344036669
-8082.661311447674 6574.651133562096
-6069.812224116582 -6595.806825961379
1270.216716525927 -6257.870824068519
-3508.5697972822863 5856.283122662193
-6636.732952618767 5319.117016478191
-739.8973386652269 -8103.980403263522
-6490.641447068894 -1996.0733789361411
-2462.3837854503035 716.6251525707357
-6182.474156737349 -228.90691572505602
4439.1875467742575 -3333.3827658234823
-1184.9416860404726 6483.55081611509
6096.849792251896 9032.16323507344
-831.6411184135723 1737.4065799885502
-8275.75599007452 8448.327190203734
-8591.535307175107 -880.3986287292373
-5963.045870244996 848.0257468158343
-4350.861186855537 -5327.958339839974
9916.700888131596 -8716.711778530052
2992.4793805679 -3405.934547316516
1227.2236703638664 -7995.806872294072
9649.027405109802 9078.377730739525
1334.2242155702788 -8143.355331581308
5756.381238438904 7663.880368799906
-5848.732916646133 7360.919181635167
3462.3518837936226 -5397.8944228144155
9428.073335846675 -241.28817926783086
-8954.25977916028 4472.229454903938
-9482.837756322726 6867.171844253902
7679.829451678892 2642.939840514604
-1000.6607401026431 3754.22227951101
6900.733370031921 2167.7034049410013
4318.054404582232 -7949.78551587229
-4075.238871123972 -1686.742209555765
5967.182340157626 4136.7742707545
2665.9976300664766 4159.446757218715
-9203.683093476086 -4495.544565382476
-7362.676107744554 5571.783394420796
-1357.8040568063534 6246.613966073803
-6124.859705196044 -663.5856185201446
-4235.5984111430225 957.6902500769393
9610.07972920494 -5639.552025221106
-2541.974738307659 5229.868443869103
5613.031555678932 2578.865571558428
-1264.4977289976687 6492.86214853554
-8022.166887535774 3572.549880090466
5114.360348418266 -2882.6364179225375
-2440.99392644612 -5109.782240105927
4317.160704751561 8503.463793357067
-635.0410597483915 -1319.6640307104917
4084.4314699492097 -3698.85693131264
-1085.9021086953617 4477.3899913130135
1320.9346391117579 8960.706323076087
-7106.674853433854 7850.133444105828
3440.132866345404 4486.81969188294
6415.433376308472 -4892.245552939476
-5958.7439417504975 -6429.414810598635
3753.9363472170153 5373.153785312781
1947.8975011344683 1199.8803114203201
3640.9066584884986 -6929.174886588207
-4843.396444726433 -6601.04454944395
4045.4237695447373 -3759.900436503487
-611.551857291035 -9075.926562075178
4807.264786282867 9072.808889391934
-5293.884736712648 7542.758745929947
5582.505000165342 687.6894723523601
-6946.448913191057 6949.997096421172
-8735.276361074615 -3607.8581795672735
4594.764071276391 9425.510873923726
-2622.45926414693 2545.236378529451
1372.8977121747357 -2987.9773936919337
-6108.75415928047 -8375.862906398663
3080.224675505853 4295.1866855305725
-2501.6895672350192 -9790.601942634094
1624.2367517753191 791.6691228685249
-410.401711574561 9342.869418379516
8694.553448935261 -9497.382376965448
5.135678250784622 4075.225722780877
-6320.117677314099 -5634.440344855762
5090.318600290866 7008.420491477646
-1946.1903637558798 2138.538169336356
2670.4727334164327 9251.637918281318
6742.728196612246 1676.0833890433296
6263.716591507582 1447.6109147201278
7008.737217847913 -4392.60599591178
6184.100239464158 -2610.5585499173985
-8975.116629642596 -1897.1143572218252
-3855.967514967997 3236.3449036142283
-410.35913211864863 7716.045896974567
547.0317316161527 6450.028866451812
1322.0649316579638 -3786.685395160527
9868.878409586352 311.6867481396057
-5801.425991576146 -2144.5093720179593
-642.7340103656552 -7757.128070901258
4436.863428697188 8769.948118754124
-262.9125730234555 7141.805049125334
1501.9650833751275 -8146.2761247128565
7690.518130776934 -9440.059866311514
7404.014503547885 9073.324449426753
8588.09887571727 781.8987743685302
-6523.1884718500405 -9922.128125965233
-5720.962529341662 -6264.831655339342
8470.79244488724 -6281.995383350892
-5294.002730445264 -9855.765547661204
8063.5599590078855 7363.713955415224
3691.6519286094135 -9542.901421884344
-2214.340430751882 -2159.911110527295
6451.338455260684 9810.423597795438
-1121.1968987318614 -2649.2767836520616
9218.153794689697 2662.8180608019666
-251.70710239814252 -2065.6878041916652
9823.881013346258 -5285.942680802132
4440.915109469337 -1199.247355414267
-7838.839474527596 -1658.6752915589095
-6025.890927473134 2318.8480444935394
-2840.6468211977835 -2978.170860612903
-3638.248522612351 6478.483667746721
-1761.4311869789472 4074.4405122963017
-3173.5807354407534 -5674.060991330864
-9836.623903265252 -8458.730315058743
-9042.461977806513 -5828.229737459385
6799.72769656299 6143.394589490279
-9530.66394393892 -1703.5161852592773
-4514.327055054743 983.2157820211978
-6267.923518235066 2430.0022982189184
-6441.537180641386 -5970.787967802893
-8605.445634552227 3456.7051952424063
-3962.3186889436693 -2592.857468507699
-8814.615198061285 8598.606796389515
-7453.936257808367 5135.0218175517675
-4624.861616111888 5755.019758193463
6256.704465708401 1177.4822422430134
9400.9087424252 1727.8216590728152
7987.374909641054 -5441.586196073434
799.4331600513742 -7262.75628297997
4519.717876347924 3759.0517919405356
3864.4155765992564 9933.858311965716
-8196.89886252102 -1258.0286625489916
-2661.7724103912788 1538.246345901005
909.9584074930262 5679.719297689902
9967.707854997992 -7209.415910499691
7441.462405901999 6830.1024908789
-8101.7049553446195 5068.190816063019
3539.4231318218153 5988.430920778848
8650.274415236472 -3670.1533798835717
5742.3176186253695 -1439.707266611158
8815.438250749303 6471.473830848914
-8369.598229297717 4536.724068614691
6632.005134278363 -6771.435965210806
3536.884214932368 -7483.08945291627
6240.156153070877 6936.499393747847
8559.164175079364 3411.8512453027233
-4309.903410449434 -4239.28735503776
686.180000230499 -6424.318512793443
-4330.932722985179 -3065.5933791267717
-6935.064044953679 -1150.357248876673
433.2716975717267 -5907.674070850253
-3738.6908351762168 -6633.032284732346
-3424.7916321998528 5964.876352252295
-8172.723036506415 -44.773627118835066
9026.438261409523 -2502.360098374954
9568.718707441203 2585.963882740758
3090.334618770614 -9112.855330947868
1614.9985733828016 -4440.262519209906
6318.912326857204 1074.5054079814618
-3276.448445432762 -1022.0510722795425
4692.346382447702 7914.346133954932
-5790.266887065307 -4458.860687005093
-6170.668274320849 5537.19333127485
-1525.7793450363624 -173.29280460424343
7850.970015113009 -1650.6900555757747
2307.2918453133443 -2062.7222263147996
6040.383172618514 2664.7166808005204
-18.672490792254393 -7225.751837068881
-9415.186870377885 3139.9403097366503
9599.927986339368 -1820.700980435643
-2543.5321525181 3982.7951001792153
8254.052840903572 3799.9550179218895
6882.925036470711 6332.297237975288
-6757.3655587079775 1773.555501733459
-122.56535955306208 -4742.413488137123
-2052.859067759984 6187.275128749734
2943.9786245014748 -7500.489317013145
-8093.402030260859 6760.118157928668
-5658.501011637977 4379.314563978702
1221.6078637497576 -693.9106384724837
-7813.788833204975 8224.64945290517
-2377.0606895566534 7276.0295118801805
7190.479907451143 -4786.091300993165
2372.2908596065645 -8961.12150263428
981.2362798199665 2715.667548442023
-5380.141259890761 -5448.58328416411
4710.472107111718 5000.791321663011
2925.3747897673748 2678.813124825341
2064.8602000485644 7630.559316325773
-6643.683849014817 -3333.4100947137804
5801.0880253926425 7874.928438446692
7909.006324774291 127.89375495126478
-2421.9730259231674 1190.8426588218172
-7044.629663509215 3398.2527995487235
-2873.616458403485 -7908.7219027856045
9000.13641388293 223.2626163678524
-1308.9884296474938 6661.495575239132
-9759.70073168527 7482.9498741676725
200.60265362814607 3529.7486779019964
5250.703817506366 6019.816709051369
-6236.007785927817 275.47824036723796
-1423.3708166020806 -1374.124898363798
4861.859196870075 -6941.189547535938
7096.290380863124 9857.242233156474
1997.1246786413594 8680.952931737596
4723.199479652971 -8416.836244824335
8586.88388866137 -9664.137816647264
-5649.627150240945 8039.600120523042
-5476.75597619411 989.3407161763098
-3104.619042966192 -5354.197446119029
6099.961182659803 -8377.497413896443
3887.2940177760993 -4044.415873654996
9896.315470767204 5502.328846669881
2243.582300421851 9853.267276002749
-1270.8218923124332 -5807.190829591167
7717.082327134496 -2532.422516662805
-4071.2330920643926 6195.958988325729
-3049.8392981852085 1265.0292281512193
-2036.8828250671368 -5087.233016323103
7155.237497095073 7397.634493265115
-5169.181391842055 -960.0759174707655
-2852.130418866501 -7381.955981470607
2661.1091206081655 -4431.040542787321
-6209.382588355786 -9061.489475023864
-6395.057497937695 -6769.811976163535
3862.959452144667 698.3522500630497
-5629.82228305088 2524.6574715186416
-7045.460182985339 8817.864260599716
6648.573591901801 7413.068922714581
186.06832008182755 -4245.082348524225
201.79823010778637 -6718.580712113724
-9605.764598110767 2043.7620665544182
2518.1970588550157 -4021.1038946443623
3874.013634148785 5283.82615270038
-2278.4043516519523 7524.340592021115
7853.768344037995 -4940.39718240032
-8192.061732474867 5503.3749181531075
3585.6223304997493 2510.9694855239923
1305.1064942710782 5229.064763674018
-1734.4481934722917 1136.5940936514144
-1904.2215244627478 6414.780663937861
-8045.281709550791 5901.342925334318
-5587.268016393561 -591.3093191292282
-3744.412866758981 -1168.0999852496643
-1089.47610098925 9965.109032040364
-6296.609512527695 1023.0776256204263
-2762.9973809935836 -3921.3030356021636
4665.547223298512 -6659.41000522565
8672.651984887481 5583.304498287351
-8001.329166496438 1094.3346278981771
4175.286600739095 -981.9923968275416
2794.8282147611153 1569.5103184116615
562.1585175791824 -1311.3040058491679
1255.7472332689576 7541.185022027232
-9418.942476642185 1904.3266578401872
7065.702325169743 4761.2035006491715
9266.529559926417 -5957.239423900484
-409.1682325492311 -3105.3965113987306
-6753.144918652921 -4598.136444039167
-185.3143025015379 -2503.995961184646
1561.9724357569248 -5282.656052664292
-873.1864632662528 5354.692396809442
-5927.940233747886 1779.5792093233413
6913.2563342522335 6900.430599048992
6681.0147038629 -8242.539797904445
-2645.181379270516 7350.27605741447
1368.6067846303085 -5361.928960516416
9921.039395552623 890.0028001981464
3419.61233423084 4616.795621382069
-2245.1940612305734 9421.972320467365
8257.762414505942 6323.228185146796
3474.5909206289525 9274.607256380688
5936.879463610492 -2555.9541061453747
-7121.681960703665 5756.881862462331
-7388.906754927213 -9395.22099919785
-6385.099622197809 6554.538209990114
-4799.42457217303 1298.2039911521897
8096.516945949152 6703.011442260053
7988.747792035738 -6802.1466714538565
-2243.261218957713 -9764.666308912238
8031.463087050321 -2629.068799382284
9216.62751433815 -3408.4423875969087
28.177208045754014 7705.691934303522
-7997.018728151895 -6510.460461489198
699.6736943916494 1294.1325680145983
2169.915596384735 2195.178937068902
7736.422478234657 -438.3802210705253
-3492.982357502745 -4006.4800165369843
9026.196347353758 -6389.137750343181
-2025.6793649979472 -1849.6232042151032
-5860.91128917196 5548.414770343828
-5413.60614448196 1767.442511557756
-8057.38002906367 6487.683751833927
1174.8757974437394 672.115953394914
-4260.864448029458 1473.1894122390313
6290.789243745792 -2153.4387824902997
-9537.748614646742 1746.608917824853
4965.034525038895 5888.802442204102
5238.606271892651 -4424.078087104157
2127.4708066880103 -7388.074972659662
-984.26125173328 294.74674985769343
1192.0293060715212 -5874.247530011001
6976.420826263078 -9750.251045757936
7647.341655524404 -2391.3663388107343
-8895.683973119912 8029.775346485087
-1550.6111489083505 6465.2679626488425
9535.360655262211 -348.8464445555819
-5405.290623752976 1679.7681586310682
6223.805091363311 8299.375642324474
6459.74171259049 4911.451114080428
4971.365606837515 -4221.829487029851
-676.0995470251728 -8755.881011398524
-9987.50787196587 -4007.2596203554704
9951.02284257202 -7512.119742424999
9118.268809525463 594.7334636768428
-5814.1542241101 -4454.159795039674
4576.005278013974 -6657.710302821983
229.21723942950848 -5403.729658388729
2421.1028453110703 6779.291566296721
2587.7608426322295 704.1501365975673
-9057.678326323958 -7486.2802703473735
-2349.2390970503084 7964.248221958405
-4248.913492379304 -5324.185069509264
-6570.950895132688 1391.2078181679426
-9399.975926918149 -4937.500340822414
3197.7241591446764 8510.359049417337
-9344.567799558274 -1974.6768036620497
-4383.45284851968 3966.2863954186487
-1927.0648842878436 3334.9565759877805
2358.9036832104684 -5545.561117502529
8495.09026721057 -3943.9491199940303
-1637.7557965753513 -105.62833188573677
1484.2558071878611 3892.0583742768304
9519.948431323803 6001.470847438339
7923.559129591678 -5489.616558566937
7966.595356736576 -6722.690462279277
-6936.673429467977 8034.032103469846
6065.6423823090245 7927.054461443731
-4840.116961781333 3186.6870774992476
-3209.4432725928446 -8674.373500460928
-3451.856120832149 -496.06439974044406
-9602.52846493901 6392.607974735205
-3491.0338334913795 2574.1520404138755
5119.464467820471 -8400.851116398278
3436.7521503083954 4448.307155769491
3069.5988078137034 -3681.5629274172143
7582.324998632303 -2841.217233401798
1621.885957460965 4844.546325126465
-4959.361301473666 3713.0222190388176
-4753.628248056713 642.785173559836
-1327.5953864925195 -2021.3464272907713
-6893.432627226843 -2742.0743841241956
-7706.745442596574 -7447.517661772634
-6315.509846337896 7794.998516168271
733.5881174670722 2006.55560449105
-719.4004686228218 1000.5949037872269
266.7882239899991 -2169.74702722837
442.95322088615285 -1289.0758986982928
1423.0139496216452 938.1655670173259
-6788.068271046967 6796.129607628362
-649.685611084049 7789.289533993389
-9476.08046189129 -281.32676434208406
5654.338806229889 -3036.1483597900406
-6800.6446850145785 -2563.1392408992706
42.447836127494156 -5530.14050429329
-4352.402748611903 2622.867998510099
117.56254722429549 8102.250833487833
-3246.917297631451 6027.913413855735
3311.6214458473023 -6146.6969384312615
7364.291556806507 -1684.50094438839
6218.041655334753 -9326.261601162896
-7610.951823577339 7796.918079020779
-6522.8822603258395 -6190.2560439896015
-2293.260081482007 -4758.476383462255
-9112.181213171754 -8508.087023667475
9940.052473031468 -702.4809265911626
-4436.023373289863 4927.8807555518215
585.8506158484142 -952.6810047709969
9722.391259016997 7351.226287039859
-4913.119379303954 3834.8115596945045
-5915.094339612477 -5695.016410627951
2132.976386669963 -5259.871234321882
1896.042586286232 -5611.119995752354
-1187.4875169830066 6940.822373044721
-4797.684386104884 7375.223794717298
-6808.15244180182 -2313.3870507883184
1308.8669133396143 -5100.88629942484
-2517.4413743557707 -9271.832273408296
-776.3882928102994 7854.453160378584
2163.285852609646 4778.642950599011
-6581.396248108991 -5821.988580712001
4255.035132753386 950.0081336427284
-4617.142219937436 -9120.431460538344
-8594.171227942152 2094.449252171973
-7789.585491371605 4976.953598588827
-2477.3847875053834 5594.428709631064
-4138.056404764617 9420.578017645286
5395.385601473843 -9616.736373730257
-3242.275381822188 2142.8304233205163
-2909.525952306669 8841.366534807232
-8995.619238406089 -956.5010952788543
3847.052102508582 -5298.434187656886
-8172.748406977641 -4976.84698139597
3792.8538534010877 9210.21428375618
-7325.150734104851 -8897.790452935844
-1997.791635729429 9529.070011533033
1981.3504036962786 -9785.81980102397
3251.4755813541015 -4273.782220574014
-2282.379449908676 9437.383589698926
-6715.974456888729 -4307.427083024618
-6369.202455709559 2230.1880978402096
-521.0785982830221 933.8051714156009
8466.9831459198 -9339.374145609578
6524.504914030556 -9574.21343729398
4491.138789089966 -5327.9929036801495
9030.111570948524 -5415.042501408185
-7737.204537202211 -6898.058408331606
-9033.825779103367 -3106.7167771521854
4895.729296949259 -527.0479647788634
-8594.995862496024 6830.756100608738
6924.289803520031 4498.658124202086
7241.570857528834 4506.676985058162
418.5822775401102 6800.268788090205
-3594.3623330565533 -5255.7683114271895
4135.255035018916 3503.9290003070037
3533.6286711989687 -3638.8344953715705
-9739.83633223676 3190.2236261082708
-5849.351432595276 -8997.370769233852
7693.718263394916 -4907.058983895218
-6879.899248179655 5120.55939443444
849.2473933311903 494.9633701910425
-1549.62142234969 -1442.7670158076562
8579.255473674231 4944.95348005987
2505.1405118097246 3678.922906141046
-886.0389357792719 3219.2621812122907
-754.2913819932019 118.8540559402445
3791.056102861474 2879.2899294024974
8341.163734136615 1926.9490365231868
-5124.854231288936 6825.290881333251
4813.734715418055 -3712.87442981213
-9090.141457265945 -9576.587582780387
6344.122387206977 5951.199121805743
6815.156089415646 4583.526594508625
-556.5839065457549 -8848.28487358906
-4663.105495043694 -7408.7997811489295
405.3073706661253 994.3245404550034
-8524.774950894838 5547.931297581916
7284.318440067134 9193.591130956353
-7837.044778353462 -1050.443331126573
5102.813523965362 4504.405206683972
-265.48450963039613 -8766.478608622385
-1928.4221754262499 -7685.54090495565
9620.713092638303 4051.474768993683
-184.2151931649114 601.5187498140622
-9776.010697560558 3574.4549460519884
-4569.789488166989 -9177.498349860873
6073.416967975418 2313.67857261286
-2355.430741781295 -7710.325385279433
-5871.784149797761 1740.7642435396447
-6538.1051098445405 7202.534052414816
-2506.9075582920595 -2583.026182397679
-2660.0928437603334 -7257.7645278336895
-9171.758965043255 -9608.147328234578
