1726
2681.7758913454 6426.8894160611235
-2922.719958664182 -9868.943935865129
6068.985349189879 -4259.092943712064
9280.118730684622 -4583.041328301993
6357.577915178943 -1656.807591842069
2231.2110376191704 420.77925725967
541.1087440428109 -8910.67781258851
6274.7289274020695 3719.6974324044804
1080.3633023156053 -2157.5974015435786
4595.674167537527 -9091.296682779046
-4952.603105620421 -2917.350169413815
-8498.999821004913 2546.680343181122
-810.2288655503398 -3149.101456364947
-4383.396324192326 2887.650069894429
7446.363742841626 -6867.398888956997
-7997.7420135367665 -5072.428270410179
9418.779899315708 4917.800601447718
-4278.280516287654 -6511.499994003247
-1599.9512481778984 -573.5529742451054
6065.395782250569 7378.306266717715
5784.945767456091 4367.349588641346
-4591.881299842637 -5894.418336186076
-4966.063748466414 -9397.043235118992
9594.721784401489 -3804.2613279044926
2835.4015575139565 -1778.9410140654309
7781.280281062609 6845.741146886183
7708.441667473075 -8231.576680486945
-1179.9724910847872 4471.291156428546
-2988.7592886493567 6280.269826293814
8561.11090230224 641.718845349702
-7832.403265560306 4743.402568980884
-2145.4808442108915 3964.2150092577485
-1103.089325208106 9759.729132598743
4570.658397776006 -6329.5412839981855
-5669.4412737911225 -2569.2129509147035
4618.217097936729 975.10184465967
6120.241644429245 9862.820295875394
-3276.8870697882994 -6283.0289196860795
-8.435963898831687 -5804.152401939071
-6357.531586238912 -9639.741053048161
-8331.26656284658 -9310.932100683365
8522.729249826367 -6875.618700995396
-3306.043647044212 -9851.139047606623
-728.8194762103703 6827.582602384871
7387.729274066678 1864.5434421173431
-3904.715304983395 -29.219038939636448
43.91081082839992 -2779.0528984381526
7774.413272559203 7654.547284054614
7426.096702253519 1285.7946173555265
763.7067372404945 -7886.48441505579
1729.480631632956 -5076.250774018905
-8110.05279808768 5968.94293688809
1395.0478733238342 3367.928323237109
-9815.51006033214 5741.522042612456
1510.5916623605171 3683.573023668152
6308.455075091775 -1267.0234091912407
-7994.2867072682475 3187.467230714974
-939.4702757379218 -4923.644186443949
-9554.392101172085 3640.618398919245
7617.903487503172 -1428.6269178677594
-3048.8935258092934 -8089.394532560014
5445.995648090806 4862.51725617324
-2379.9046652599245 6803.916295208852
7222.807600218963 3584.0903662400087
-201.90772791651943 3897.4914366932826
3658.8744147494363 2287.7159606086498
-2356.590834830188 -4547.3875627185635
-9246.037595173464 4284.283158500888
-345.0023327077415 873.1616921298064
-183.202277897557 -26.313904344116963
1178.7243816699593 4674.207039357483
2484.2808572627728 -8197.868868454098
-5619.526243966088 3555.7477775062544
1011.7930698419004 6678.1880885683495
-4227.856420193252 -8069.613567028479
-1733.6429261686517 -3504.833551052353
-2900.7521338628558 6132.584273560215
-5860.429905129121 7348.813573689058
9246.497396969287 1541.0653571185248
-4492.614029873572 -8894.283583625167
-9209.614273782347 -6025.154227333502
-4601.02406134895 -830.7756706159926
-7074.528747767508 -3022.7311393193613
-6302.940824813268 -2393.909483156418
-9286.314524147452 9981.327761403962
-3522.7589937926714 -4761.552943426807
6953.677233395389 -1146.52490699201
4004.0663664295025 1872.140277123117
9439.833425988152 -57.99177863279692
-1563.3604687794468 -7476.152583225171
-5021.702796620124 -8489.952812432526
-8543.176503184002 5325.808565930405
4249.942016577972 -7687.9937305391195
9318.192714400313 5728.4160608044585
457.92595488994084 6076.379835870093
-1775.9442813063579 7687.301390331377
-8329.896096001552 -7213.429971348899
6478.037806487653 -6287.019321686936
1864.2346740635312 -7094.620631140922
1510.857220824426 -22.497781749641945
-1093.4285506316246 -932.2895025535363
9672.086879766284 -9886.022157612924
9042.081604866049 1269.9108405848492
4585.8574221724575 -8088.745706086871
6947.204332004738 6213.113460071569
-4095.397317254503 -5202.592826943702
7993.697178503557 9211.82988826781
4455.112609716407 2822.142448019338
5094.797092338225 -2042.0485789879876
-7943.685125141411 7789.588629922386
6352.5623039659 -8565.76877555276
4698.3532089178025 -9740.614882679854
1697.9193447431699 4400.219708278255
6307.70358880518 -7674.645452537725
-3187.3865085228044 -1872.4692097407951
6983.208009285092 -4602.519258616189
844.8865740812998 -8559.77396936365
4373.072574299944 -1345.7023297460219
778.3927599058297 2620.012978506993
-226.96699953298048 9399.214631865143
-213.50350841181717 -7635.149668416066
1561.0381257980225 5245.70039417985
-498.23070561113855 743.4669591126913
7743.9689725358985 9872.664074562203
6853.145436634688 -3032.789367181199
6677.060965342931 -967.2306979246168
4970.860789000995 9804.53353183542
-9573.148487419252 1562.8237038186653
4631.956372725317 -1407.6490350796284
-1216.358230322492 1336.8054152850364
7816.773841130773 52.39026413516331
3589.6000844683294 418.4717732198442
8169.541457927531 4499.57888235276
2833.810642007571 -8888.073349999055
4503.7935675684075 -3466.5990415723318
1875.7108669732988 5174.907259756224
-7033.974477312435 -67.91777943361012
-4806.471613661738 2150.9739429273213
-8931.352677602565 -5776.6483068202915
6214.477205914893 5593.1815546463895
-7474.048799947333 1284.4423105056849
-4931.366687960228 -4106.775759331101
-4325.5390852226365 -5672.099474828551
4518.565484745241 1496.4482704938
-9768.302147291903 -1241.3253505957236
2851.9506815043624 -3525.4654841827305
7245.040998394557 -5358.135263497019
-815.4337540868346 -8255.941654763532
-4694.968981464674 -6100.580541418374
-8593.804302669228 -339.4577606923558
2445.1039678194848 -8142.029521502425
-87.84611912179025 -2715.978262610254
-2377.582649679608 2398.9073156697323
1298.2893770721057 -7696.45129280595
-1727.924652207188 -1284.308174677477
5357.46861162268 7424.467810424485
1149.7162578891912 -2437.6730886562955
-3999.2801488889927 3963.706926125211
2525.0885043403323 3880.79976814343
2136.35691275707 3464.720485374397
761.8896357979902 -5175.785395444718
-1924.4346975456338 -2664.8558190405947
-583.1940813188066 7446.253974085685
-5306.911581596625 -1173.3819756593675
-7786.658966132418 2706.498339772692
-7643.190257093135 9117.636965487054
-7406.316044786099 9945.051433319597
4550.17637324337 -173.29410804873805
-9975.484330088702 -9391.185740878567
7146.576636100708 -2025.5275769871605
-7169.684459584462 -2234.3314561666757
2454.9275695317556 -3770.080406566618
-6949.61320195151 8821.72514566232
9440.899491900294 1217.1126366615717
2663.4652764393268 -7139.288497731944
1938.3442101012988 -4274.612126493469
2496.4501461989075 1153.4633520380776
-4799.337361702216 6857.292488892595
-4768.570530904979 -360.59128084102485
7802.004682241182 1464.979582254431
2147.853873300519 -4439.175182472542
683.3302522370868 -7332.827056483471
9584.342597543022 6934.562362130673
-1951.4494001412004 -3194.777642990447
-4422.712303002805 3174.8375727962066
5851.091640075805 8888.17763847853
9731.055999864144 7934.591106262767
2771.3980090979694 6393.211807047566
97.2584933271628 1111.8323784651475
5871.049044761252 6229.134791713517
-311.78627089694965 5971.282238255702
8519.304436160524 7737.141883323562
2222.372591891559 -539.4630403662504
-8276.929542999485 -4205.649628813472
-8202.848199017933 -946.1140613294774
1651.4157819803004 -7597.921154662579
4407.255793324317 -2164.1798586250634
5930.9344525586985 -7417.760551193113
-9425.757341360428 1040.1679517216817
9198.412076509521 971.6045899770197
-2174.2685184456477 1889.7146489084953
4432.3878938376 -804.8623339841761
-639.686093189699 2335.053913931477
745.3887632535898 915.9548836704816
956.8844304141439 -4829.663318169819
603.7478392057019 -8599.078332112833
2034.7629917901086 -1992.516511723874
-147.91626487082613 1507.273047289762
8743.63440237601 6719.33296325483
-7545.32926659411 -7812.9426957031
-2940.005057548349 -3783.893765972397
-1473.9097804513149 4922.614916937993
2089.442221586991 -201.5229014591241
-991.293039521659 5947.707882268289
6121.807083827633 4834.434825723823
-6735.332925089441 -2324.685545808001
-7541.220279447407 -7863.957780835697
-3114.7229054415293 9444.522609152897
4631.344113237825 -833.9078291687456
6180.780188899067 -8484.64984973088
1346.9798351410227 3083.5733855371236
-6901.313113093956 1181.7331894173822
6354.256838208032 -1359.2333015719432
-270.9998991701741 7939.327707165867
-614.8980274515507 8073.686277303594
-4910.193553322289 -4163.821732338369
-567.3273820387985 5381.50864318152
-1453.1270018442392 5450.706474250543
-5154.574798393383 5769.51370775834
4006.045107925438 -4617.110507909044
-3934.375036168016 2533.98770642399
-3072.6024890613135 -6289.103998795015
6313.208115363666 8296.432004349183
2245.237158531818 -6443.14423817596
3113.5451249784855 -4751.6617869214615
-4561.768244029736 3721.847652600205
-709.6710415992493 9946.682980456
-8720.927841261015 -4708.404889077331
5892.457601312952 2204.2185537378355
-4796.748419546664 8180.762727617865
-8503.56332682334 -5252.475416510265
771.6896443420137 -2224.8413098597066
2423.494479965617 -9430.292098596345
3362.0881822177525 -8852.452754391246
-3366.762068242857 8283.53115990922
-4990.934167272523 4764.19048782266
-9596.640042620957 -7715.33434891401
8223.26858957905 -8834.366202080999
1377.5420155360644 4163.667332491683
7654.814660025466 -9203.330811891528
-5838.63603333929 4559.1782108968855
7626.585538686377 6976.800477663513
-4631.308857497529 523.7655201628932
848.0324066834164 -3056.041956962501
3868.654335140225 2477.7196359192894
-969.6784274274451 -29.395543343278405
-1043.996977956116 6955.025880316371
9658.805408509477 4742.7821531683585
4265.271905188543 -3400.349117502373
4838.948386322982 -7490.935755506258
-1528.1573429845266 7249.16855491609
-2082.988846424969 -52.23128093185551
-4829.34627809118 -6553.321041176015
-8513.065859808255 6267.209540096457
3795.959858820197 8350.8595335094
-3569.9652047785376 2745.1620586839126
-8956.79649465012 1767.907753012374
5794.275741768122 9730.122130893218
7976.7075580785895 -9091.961028636633
-394.9744298920141 6068.35148615562
-8145.4319290913845 -7526.901314708915
-2890.614012198831 8987.102098142685
-6325.228136796348 1810.7737228861079
1491.3194728823619 8655.826380277926
2544.2262495852465 5124.771028354689
-1245.0398336221679 963.5725017692839
-3804.9643450178937 -5890.739306627901
-2741.343896321664 -5507.810167352088
3320.032399024896 -1120.2353381343655
7292.443516400384 -6768.644835906909
-2127.7970558129346 4701.603216267909
1126.8060562436676 -4727.146302632017
-1929.670449328758 -9229.110706305857
3120.731744650817 -462.0572042378517
-6424.192878571999 5181.993466496606
-3237.7562335516477 -2466.9587830653763
-6846.741362253577 9219.290513478561
924.7186958190305 5195.386523213365
-7899.770120771843 6239.91372930577
1157.4844241510873 1081.7175129848965
3828.8930054861794 -4331.8520805902435
3489.3285911888433 1469.4304684693107
3205.3546805933656 1000.9923663979971
8008.712566604554 381.0832062395857
-9400.18473938721 -7771.657312632509
-2605.3526216064893 -6890.486814344877
5073.478722841826 -2299.8659956686815
1607.3261717840323 5512.242960653095
-7274.225546840116 -1773.2933059314819
-5892.212819332263 8160.2650718454315
-8051.888109681333 -2922.451090899216
-2738.9786633775093 4367.684961167013
-8821.969336146274 3547.4895202730113
4987.098537019394 4195.124983892567
6720.283217497919 -5111.690136426252
9260.04538185021 -7288.809876376792
-1700.9709865214263 -8342.340232954151
3714.365464829296 -9887.301228653314
8227.983803130453 -5083.942213600237
-7595.762045007566 3745.799744664415
-3566.980444837788 -9793.327012194128
-5329.396450268125 7636.489662641608
8034.369230137949 2881.483962032824
8106.488718281136 -6169.537672670891
-7206.75326241895 -7908.677181828845
-9228.916273678753 1658.6203834363496
-3549.6547834949843 -3363.7891344550817
-8911.76061132689 5985.989035226696
2831.339056123992 -5123.690754538763
9275.214024476176 -6431.822906702249
2567.165065299205 -6967.2992070268865
-2317.3536512333603 -2169.060445918929
-625.4802512061651 -8538.857462984719
-913.1047606741631 -3295.2054274206002
-1935.3387020334958 -3139.1870602253302
1761.0388973779482 5588.065578354464
9796.265130571905 9884.010659710962
-1939.0164552920842 -1921.887105306164
-439.26428230471356 2241.6373930743066
9298.290103627744 801.9353408672687
8486.034254245304 5153.2348193192265
3831.479435408104 -4506.273941285525
9267.736098449219 1869.226233243291
7592.733098124885 1408.3650620213157
-3116.3036575891747 -9003.063965303534
6677.072292742156 4226.252668492685
-1278.6581906888987 4490.8563199705695
-9843.763066123125 3796.2808855539224
8344.283403945294 4421.544080971831
-2060.339296172364 -7619.851611831609
5347.584334564015 6016.435166680523
3290.080065920578 7502.640306673966
98.68330378542669 969.7632230693125
-7488.519935719236 9078.887131015741
-3366.3739577670303 4647.687905724619
5362.234837244852 9181.032040147376
-424.08812482214125 3568.631289128736
8906.453273348656 -5376.860794835854
1667.927482850213 -4582.259228484962
-5198.302705291818 7484.584377264604
-2647.420209722677 -7141.712153730166
-4568.597839311507 6758.566369590437
-5184.580134355135 4531.732994551523
7825.477957697163 5503.803512454817
3995.1789201736756 -8107.917187142906
-4027.2706556721505 2193.8600867714813
1293.3164211870844 8899.07715286946
-8086.111391713001 2399.9726335374417
-6939.178069369181 3098.6464851159944
-6085.7887117384535 -2490.34798489862
-586.8196592312543 -8752.00563956922
6049.742066754403 -9125.274045193108
-2477.951033229495 396.5482889447576
-2298.4869957227083 -1401.0827839903286
-745.1207237395083 6212.953726717289
3737.0933156814426 2116.436384556433
-8118.6661681203805 4352.167171923227
-3430.937068708675 -7220.505202452063
2538.04900811038 -2214.369006846133
-184.85167576764616 4864.029069086115
-2759.089184857108 -6728.598606602176
-55.10022210913485 2719.3549630431353
-6543.307460066328 -6479.976321763439
7082.961634272862 -9771.143624443099
-8406.448257741014 8115.840776655808
-950.8714797399989 6315.235547457276
-4757.46321967587 5882.33748798144
-6249.448704911851 -1084.749718973837
-7400.086639339363 -5865.974544222525
-5798.399827593515 -8334.73118558683
-7777.221714257174 -3863.724487883642
-2267.9449604102683 -7519.615697240345
5118.081206029761 7098.420290655631
-3645.550310354528 1276.2324743734862
2137.833221569017 1154.3498800146554
-1203.4492246623213 -4725.933847438504
-9249.063530672547 -2961.275040542555
-3634.891738614656 4646.04226966579
8484.726740459435 8545.849333943952
-5407.828905278678 -1300.9125612355456
1676.9724580646525 7362.146070797382
525.4215229510646 3362.1124872486052
7651.7397663211705 -9507.924907939976
-8440.869741735092 4432.752939726568
6030.178081325124 -7748.738711325657
-4137.503351987255 -2143.785887125052
-9390.05772643165 -8320.5175179675
6747.294696505862 8250.220093813088
-2905.3741698858967 230.09182866368246
-6273.10102649284 9956.448493886495
3927.2326890955937 -8278.654364884496
1553.918911679204 -8909.733091626886
3579.3725928359963 -3210.9847444317666
5183.83408263019 376.966969352874
-129.4828740016037 7458.573333818447
-6602.828284820362 9004.118485655003
3239.318973113135 3959.140752471796
6722.926312033098 5286.060146242175
-9638.355946840147 5530.299710489458
-3658.92040058188 -1372.0456085165188
7107.629638296072 -273.228510169678
-197.76934811807223 1093.2402767913118
4552.726768629438 604.8756547923858
6687.510242893444 -180.27785274066446
6605.3599188426415 5178.581777973848
-7257.903991541301 -8404.057945109864
-5213.526695773274 -338.11403150557453
-5449.178095985679 2100.8836904645814
793.9005746477487 -7731.869795612672
-1515.493483837563 -3373.5297959688924
707.1532980751581 -2284.184407652061
7430.805129759661 6543.7178490598235
6035.867918096124 -9905.66430591461
6733.528852366744 6339.8139592319785
6287.821611510368 -4628.006629249506
-3200.4605945314024 -255.19656021753144
-4669.929269558812 -7417.456494098018
-6007.5153576002995 -9717.044525621157
9539.431058288741 -6394.566152253871
3717.7898307434807 1525.311251139019
-413.8279284261607 -4541.198602512522
13.480229439590403 -4613.701037080516
9667.450595273738 6153.206305109956
4496.5725572334995 -7001.274800236712
8104.672800424432 -4592.0236008988095
4174.911257464506 -7982.156121935886
1441.6205974675086 -5089.04652677002
2419.508559852484 -3353.377439938503
-9472.156004229924 9306.331683933862
302.57329896799274 -7759.2753809133155
-8455.531727912094 -1275.8148977851906
-3458.404181696952 5043.132810758085
7527.229879284045 -3580.8067700100037
-6550.000895177317 9414.748265522518
-3335.795149219547 -9035.027748791854
3580.019927495503 -131.2936606323383
2493.3494736807643 -8545.670215421855
7153.652366899591 -6717.4511974581
8097.63700239683 6284.668526420053
-6087.368127370838 7853.812995241766
-8506.780061102314 1361.6679288235537
-5321.403664349209 -319.0140879716764
-7371.290215907178 1933.2789104494586
7699.719097000536 5293.197410879138
-6238.673608099623 3769.9745449363836
-7229.732071678789 -981.5865018364184
4448.3098478868815 4036.1067347446296
2144.687720458418 7771.315999531351
9989.666368458602 9951.121778127428
1427.9805873805126 -7341.558001265178
7880.954416070952 -5781.702499374852
5909.290530232223 6739.581207687985
682.4885170733105 202.56903107866128
-1784.2204787050105 -8649.180498045793
-4316.011664884585 -3032.0867700440695
1699.0178569954878 -413.96341063126783
1841.3553225300147 4538.681702220498
626.2775046136358 -5149.940852726653
-7315.0806591802975 -6871.847078346987
3034.281040507738 4838.089621911042
246.15406861844895 6581.512414038079
-4986.909153825199 -3137.5697696091056
-477.49137105589216 9909.348771798097
-3776.9882928272928 -861.0767030166298
-4402.324444307237 -6458.329745888732
-4392.4934663717295 4461.951070760011
-3742.7517948212 2811.3646113892482
3550.3013484496914 -2361.7792919183803
1787.3980446456317 179.90183795967096
2135.0026962764987 6115.995250341146
-9383.150589745468 9847.020408051918
8700.707849723116 4437.811598298182
4560.083873029946 -359.9865583122082
9547.246688907333 7461.143768477217
642.3647063195604 3457.1628782383086
-9571.14877660712 4732.885073399275
-2165.167973645679 -956.247499928124
8385.196663912313 -1030.0935064459882
6500.568461491726 -9491.983065913068
-4506.071078919087 -4710.620916872334
5950.196941506727 2738.2787611648964
-711.0668304630599 4648.937856730632
-8771.775667860133 -4238.567501959198
6873.768657379707 -5101.823578359878
4099.006841554505 -8913.151689555583
-9830.158573849303 5909.371211484151
-4826.139341533211 9208.660962361217
8274.048076957002 1446.7331981927073
-5781.4945610683035 7693.334646103682
9560.775735766376 -250.10185464226197
-6097.31748397081 2658.27895587941
-9051.69350098863 7248.766101716192
-1398.5602735624361 -7048.785362129331
-5340.176750570642 -4606.784471471259
-5669.7574161750945 5968.8890757631125
-6155.627442536765 9272.615618709606
-1506.2818599079656 6807.639527641895
-2416.699217119338 -1483.5314772630463
8850.495448269288 -1682.7786438836356
-6907.1686682516465 -4091.075805918822
9944.269710887387 8633.21925135059
-1656.3973498275627 -2783.6887078918007
-7776.13638683281 -5107.742468402614
1853.15910793498 -3081.763489413247
-5827.2761298780715 7088.148734017861
-1932.4755860453988 8849.211106216117
-9009.061208078916 -5593.990234511679
6533.149216020243 8199.165197831615
4720.534521809237 -2124.70852660374
-9029.303831669444 -8112.374227444066
177.4394505128239 -2188.4293150047606
-9602.748728326027 8017.731977706462
-1348.8160089087924 -7729.145124392767
-1396.259432754081 -8067.329895004916
7056.05667116143 -6380.93286172978
579.4563579938913 6338.518765538363
4065.0745179059486 4323.275489402475
-5114.216597144669 -3976.097293521024
6730.809752229237 -9799.862652845397
-483.65801812144855 -6101.751580417789
1194.749610361374 9610.946069253288
-4559.054493112051 -5613.139455525875
-690.4669655456055 471.55835670554006
6815.913363895397 2662.4244427270733
-653.9400693887728 -6550.599025229758
9753.43677591096 -6241.041260652984
3430.1271409992987 9348.6504590507
2577.859217587109 -5694.351416015086
-3049.099618534825 -8561.406226191866
-343.12114166250103 -8565.615316711315
5906.189713893766 -640.9197227731329
8180.846209129813 -1643.7485449110573
-3002.853969460044 -9759.11689027622
-7326.519864701024 4168.61389376134
-7742.337440347295 -5192.3091743250225
5552.482621250136 6645.846914130405
-4898.589291037463 1480.3623392693462
3718.6923644487924 -8916.83147656164
7892.106561356843 9882.98038205898
937.5710909778809 -4295.552135241507
2490.250408002692 6654.145276298423
3686.96829748072 -5288.756900606568
4702.242611080837 -8904.141959953773
4180.2784119439275 -6258.2357933498515
-8844.558579878021 -4053.753322988574
-1565.7537868381423 9324.828099264818
-7154.629036961531 9441.299118821255
-464.1551960024226 -6144.694166375086
-6551.044801195034 8834.668758836251
6672.793938696865 -9316.049278255796
2470.307112317765 2673.5254677500798
9027.461981957407 105.91514040185393
-6616.745033723519 9382.332537682374
-9705.975258833263 6348.657945686458
5157.447642656989 -6914.662432742869
-5636.061000997257 -1898.6386778947435
-8097.461721355115 -5897.534277300893
-4365.079506920546 -9305.626098823308
9837.595952495652 -8817.780558981556
8433.787133670881 6728.612135831081
-6609.443908995185 -4710.916877944309
9203.68239139115 -6228.754529019844
-7044.823051029203 641.8481979164353
-7608.657353044526 -7324.586826793373
5680.623442331063 7703.177408349911
-3619.7635616034686 -1851.8899171377298
7641.455866943088 4949.624599499875
-649.4420665868656 -5618.200000989813
-9166.541885850094 -8494.750806382795
-3392.7867812108907 2881.709296959074
1663.3967102222741 1100.855428313147
-9297.915487866281 7062.167095307079
8948.46104171501 9324.79917993013
-6412.962325048148 -1248.2331995105687
-1086.222292749244 -9239.786559430086
-3930.73309241283 5438.515538901736
2274.073490569768 357.4073122466634
4000.742305302736 3902.565291836878
4208.1901887065 4269.094204641204
-7081.3149776944665 5825.509461038342
-8117.170901440074 -619.9727870731731
-6735.864833580934 -5968.360176788792
-3845.4466705432224 -2108.4982816909023
6840.855855774353 -5792.033355583241
4176.729686702234 -6424.882304667772
-8163.05212431762 6266.215378395147
-2139.2441858719667 9689.080467128304
-1483.2688715892182 -8048.599955577227
9488.564876123972 -4945.765579478354
-9399.41528663345 868.0144504248256
246.0632762226105 4415.927753997752
8385.606582385855 -4213.7547246058
44.80992790871096 -8028.285925718339
-1179.8973597290587 9907.059862512055
-2278.0931086156215 2823.80172711034
-4969.923611075657 -6293.606617980751
-444.28516048260644 6119.067124959733
-6793.956521167208 7045.092487580987
1007.6834810821802 -4231.642404721565
8293.65096703704 3422.6557410500554
1698.2192636317359 9890.711986373502
-8408.255949492846 -2430.760906494831
-3152.808999025069 8507.034759372233
3146.6661298893378 5011.784138718072
-242.68552127236035 511.6694774844291
9741.751924847904 -7183.456140058497
9391.321574588696 5579.215576951277
5316.110059399496 4401.6757002548275
-5308.524794691681 -5582.1536202040625
4806.967953718182 -1870.0028452806228
3012.640565929527 -8340.711229372573
4694.988127655111 9333.378713359049
-6112.208115163618 9679.531901547423
-6057.858989110423 8486.68271527367
-8682.52391316343 8773.237154158312
-2453.143314898887 4440.538111721909
-2127.576913949334 9358.731826350784
1601.3472863293027 -9061.33047848906
2121.1416212463446 -4730.627594991674
3521.1465791458504 -2913.110939140768
-2758.0041755134816 3690.9651984220563
-5972.937282877427 -1992.729153297999
-6848.079814513763 -3066.148988497426
8494.902307732245 -9397.560650486637
7081.577781222004 -6017.850336840625
4448.476550548661 1171.2999020340285
-1750.5680382899354 5641.585331625711
9256.563680996554 6558.953946256719
-8865.15124036606 6111.198974115319
-2495.3535743808607 -1410.057077712312
8823.012482489215 5933.183146533005
1047.4106801553935 2725.372738804981
-7007.910445266656 6528.9589341264655
6408.140435399462 -3799.1228288785405
335.72464477675567 -5091.463052605414
-6023.696099826825 -1656.214604503648
-3438.375038404258 -1355.8948673634077
1364.779818455816 6334.258736742189
-1420.3691138000686 5827.686950908645
9323.335155874502 3366.5855747597507
3090.333286003117 2486.6306841273436
-7234.891778772774 -7016.798513032061
5507.952229165534 -9190.412722256813
-8251.97504060955 -6704.563382332968
-3001.1449395006684 5539.54539254181
-2336.7822800462363 -2128.620047922421
9389.73233009491 3019.396458021505
-1582.3187004083466 -3737.3372462465322
-2202.8743030603364 -2370.587986582562
3058.5514344847907 6458.371693000394
9052.641732934964 3734.9161846813113
-8928.447889939642 3995.701084445367
345.8527087957136 7766.347744136285
4496.310389400669 -1976.6279277483309
6979.53733501806 4682.80886655424
2036.3943499162979 3305.235079801654
-9270.433146343748 5824.110504532899
3502.089074131776 8967.901008481134
-8975.58997075698 1035.213878682176
-9790.92058193853 9737.630696805154
-9993.130233663736 -3049.098136441823
-7633.637261851596 3478.1309067498787
9513.339553963648 -4542.611557642884
8021.872577308306 -9967.689094916816
3103.504303790909 1601.5051311582047
-205.54391168827897 -9312.543909539321
9496.086087289877 -1403.0002620764444
5405.99403901571 5024.680638584872
-4886.127592579217 -918.6141482936036
-4062.3867047844933 -7520.065731838097
-7086.059849614614 -3594.305668158251
1769.10430208067 9635.236319967098
2276.6244687910694 -2506.6165000507644
320.7976345043953 -8924.779489838507
-9550.541878707387 -316.4360785414083
2002.3260162699044 -8414.518040005547
9889.946345455468 -2022.38806995086
1182.8432031957072 -9464.380351188762
-2176.291946887137 -3762.860709562652
-2467.568298294287 -4518.724005072881
-5567.830944011232 6135.201700021451
-255.41251597455994 -8664.115121033154
4306.646988596312 -8958.465690486364
-1565.1747592901393 3904.2360796084977
-7846.675530301702 8526.501971160753
-2079.3950373286907 2136.3841511472547
8206.263554677978 4797.365766052744
7622.936788064788 -7848.176831994182
1403.274553315552 -2865.6277264671417
-7009.828088022056 -2099.7392072058356
-897.8996765080828 6273.071006087341
-6870.339941022683 -1733.2650698637644
-9037.960870734021 9683.18556241793
7743.0818029790535 -1504.7866225776233
-8411.211319681608 -1176.7459103061537
-503.5446339055834 -5003.7697158335395
-8362.05908386693 -1295.8275902536661
9615.940413760385 6920.519935957345
295.21768854208494 6473.680506235549
4285.743043519447 -4677.992506973769
-6600.796912284001 7237.723732099072
-2665.4337945656216 -8700.068618961075
-9055.037907516144 9963.549213179802
-9267.785645531192 8201.269078217738
-4695.382325737903 -5936.716163534601
-1421.8834573915392 -218.94210251674122
7223.5958655673385 8135.66129995932
-7451.318608726549 6159.588996615636
498.9097604722174 -3652.542705194439
7180.568158838512 2481.878087064928
-1781.4834063055423 5065.118361921643
-8097.904998483765 -8623.78660421125
-6461.575106431459 2600.951146809999
-6614.8211480512355 -375.01446889699037
-3803.0990081849113 8317.16854473231
-3424.6484960485304 -8097.582304792921
2312.7642089881247 -6165.018842690564
5667.546739769081 0.21194674472280894
-512.5740667267037 8724.829022939015
7330.519165148591 4653.545497412379
-8172.0096343450605 -4192.232348959373
7642.905237041792 -1103.7600386974464
231.3670942766512 -2923.0913154848067
-8510.900014900064 6815.354013666853
2117.033417753655 -9748.25824639315
-1426.7345353109322 9641.835590830211
1768.7139144078683 -1892.9448342696433
3744.963574187341 2305.2907631001945
7542.916287690932 -2027.910203487968
-9009.958877050887 7897.326411303566
-4575.084193254126 7174.455521595199
225.5676266663395 -5070.672131002785
-239.57118184423962 -8292.73806948597
3947.774245094759 -7163.052389023481
-8536.111963285699 26.806182566971984
-3182.9031443205595 4874.975880025715
1601.8723031388436 1642.068979885671
-4575.407756117255 -5637.3182367337795
3972.9054652580144 -8963.808235435656
7769.141302456566 -9818.892536639698
4152.505114950307 1463.9895585155045
2385.0160085517255 490.219426120917
-5554.99949447492 298.48137943152324
5594.542159423876 -174.79023174200847
4281.307005758936 7853.316695843358
2020.7466332967506 4047.6626819345
3824.501982316664 -5013.1202222733955
8280.027659006744 -9931.304639993514
4892.692253657429 -8702.230579170327
-7314.9424614160325 -7172.402319120301
7781.330498424202 -4649.748343271236
4823.265230697176 700.8939500679808
5164.793255090382 1122.187376082833
-1963.5850531266815 -7666.837674962401
-5020.322688638419 746.8494619934954
-4888.0458827008 -7177.649797020531
-6960.054521292469 -7376.056105878552
2906.9479606833556 -4741.269165141391
-6893.303519285206 -3895.937729707619
5160.5859940269565 -5191.9458328308665
-2767.0092368809774 9204.691882605537
-5588.597619563154 -3154.1534492609617
-7573.170906021878 4194.819211510539
3720.4937580555325 8091.229163214932
1023.0273404178351 -2610.92398663741
6812.195784730986 255.01949584193244
1627.3891820877343 -5878.735429696644
-8721.182030649741 9408.298461298575
5094.238320095681 -2378.968030458226
-6343.79899307489 1094.0210960276527
-4278.96942044341 1396.3369820043463
-2537.9842702655806 -8854.337713096436
-8308.591909257184 -1271.7028439860496
-4301.118657857363 5243.295712266685
770.7307479208284 13.87001259738281
7859.530305150234 6428.901569127236
7355.770146075432 8945.762419035833
-1868.5910600831776 -880.881449820472
5202.900535600307 -8102.152717696785
6283.259540106526 -9404.954813938093
6506.794451576519 1388.2824747734612
-4373.617584991883 -3484.8784607728776
-7525.73859368687 4121.429273581878
3478.4340676989395 -4311.4889878609565
3135.554729050067 -3136.4228740992785
8717.774982611085 -8837.18608502399
-5141.898655678985 9286.383641996395
8301.537552743233 -378.6396468878993
2875.2845204325367 -8084.15322267911
30.734961931502767 9151.719842019804
-6884.453352691431 9453.538405913605
2380.8965116965046 -3361.519009044824
-7285.237144803716 4990.720174123879
3876.866527084572 349.76353627136996
-8182.53903581508 9014.887002266838
4275.557194757241 728.3239702267874
-9379.85610388147 -1387.8282690929718
7730.612400283262 -7035.478308990027
5082.612811924377 6897.968607669813
-5851.920392983585 -1380.1699392100745
2330.857231647431 462.02175621215065
9102.364727139913 385.96934406104083
-7502.280498532618 3493.1471986768483
-5033.126246357162 -5993.84610789762
-2404.7890779793497 -8747.348572222938
-3676.0680614737385 -5548.653409915074
9985.007067670766 2694.419754024504
-8746.30000966376 9635.825419258748
3111.308619171956 -7716.441809681948
6761.981729338935 4272.767655992442
5382.901732920789 -5555.6296328727785
-8608.036816608717 -1088.0333002238767
-5561.076254571078 -9427.632512700926
975.087809603925 4768.201978637706
-6494.51837844976 8173.902608813023
4511.418835315721 3640.189187178559
-5852.0637604156 4450.940356484029
-3669.9933322567804 4036.444481469269
-9553.68576154887 -7472.6284720681815
7964.92430761291 -434.20079387299484
8468.97470633321 -2482.8124146785076
8592.805593937755 3716.711692835901
-8107.696786382161 1763.7412223230767
6412.853743706775 -3659.067208163633
-288.1256049600852 -6166.77585549461
-4989.527177230155 -8526.525802894565
5213.1678888612605 -5775.60780100401
8530.804012166598 3562.250985793411
-3282.412861693402 -7739.511844182347
-2601.374470350368 9747.165786583322
-9907.813151978975 -6741.795394979445
-7643.78302126784 -480.1869547731094
-9390.838128054827 2822.444850562908
8750.952947707996 9911.38233858674
7463.822857440293 5994.541995017526
-4710.455019738142 4297.75791328555
8107.420690952222 -7014.495307915542
-8113.992789583344 5977.199907813218
1523.857486809502 354.76067366433017
9765.57750753537 3867.4178148746614
-323.04005906141174 -3251.2195599917513
3646.977249466874 6985.238320393084
4577.6634569680755 5692.867341954017
-9389.436430374402 -3186.513572508591
4768.097574321411 4433.304134065558
3170.0623764811116 -7773.9054556417295
-507.76729703078126 7455.956493123602
5100.748491829572 333.8718995089803
1420.391353347628 -3938.663327243544
7737.078046868362 -1570.2333905128398
-482.40658559678377 -8744.957610626576
1737.9490400486302 -2846.146262017328
-7506.642675104698 6216.3839611589865
4727.91058340911 -6935.297366940773
-9756.766703773672 -3263.0771232531815
-1242.1990281964572 9995.171603253682
5790.00674162249 -6725.441885400925
-6811.542618805788 -7112.913067205971
3455.158884823608 6647.6873360942445
-1613.7109513050145 -4759.327069960704
-9661.165718322936 -9102.105138734598
-6470.338526111807 -8118.997895154896
-2340.7833437853687 1478.5049844099067
-2139.7987899127256 -7564.859293237336
-3900.1247054976384 4680.264885426233
8873.283092417336 7730.079197134866
5036.294883282753 -4915.689258151748
-6772.881716069758 -8737.073902363383
9360.462093731498 1836.4912974137042
6560.019629250437 961.2717266572508
9595.038088413006 -8333.983614953588
-3059.427261141487 2643.0157329166577
1086.3013460419188 6825.3132072067565
-6664.393940451751 5901.371184463882
6287.697071732797 9506.875675954165
-4734.003652855044 5582.155520616958
-9506.499956234404 796.8032664414623
2730.518110197054 -2413.1069285621406
-4145.265708600124 1853.6194148801424
-3486.914654735616 6426.652609465771
-8892.836548768944 7754.8816888773
-1851.095285427229 3767.9551318845733
-4836.180055904398 -9667.005379614571
6110.20549484163 -7846.51176575817
-8427.811212657773 -4674.463746724063
182.3733851556044 -3853.2227249215593
7808.832710715073 -8705.670701837014
9536.465481728515 4341.35994402426
8481.883249776787 3021.3837951752503
-8335.746001239702 -8.575297216664694
4734.497982214745 468.7449315934864
9127.077628716761 5462.279835021494
-6509.972985934868 -4106.806430637191
-1020.0328403006079 6265.417921432781
9652.286620317453 6335.645457684903
5767.637488875149 -5865.642727710261
1972.0120481067788 6459.000687962634
-6850.880791622458 -4586.1594552808165
9013.193806001975 7587.11037451616
1492.9429341457926 -9023.615771655474
-4499.32545583519 -7198.573113304492
-805.0471281451282 6946.565138011163
-8696.965409466236 -4919.194306280634
4005.981772990379 1704.8572364056363
-4597.54923418626 5723.845913935078
7316.775176842555 -6040.780483313685
5425.867804348512 3672.0515599917744
-867.2934254297343 9114.050360988582
9659.481711473734 2856.0070698296713
4380.987896378401 6732.529694040968
-7058.814912443164 4315.664274485582
2228.227670402319 -9420.22487926613
423.288196367881 -7400.251025294376
9246.349750237736 -5449.351669192395
-6079.521365467311 -8171.804400175771
4550.047630334275 2727.442511245348
4405.642797616676 -4194.574114292773
439.0886267816495 -120.89109474500583
-8811.174242541752 8701.200643649943
-4386.038819764206 -94.93917234538094
3412.267267852245 -1930.3304488193062
9693.493791355999 4043.02235351713
2717.1025201834345 -9643.845036722936
7548.244901330258 -1898.2145222358458
7284.973368404553 -9454.88228655762
-126.38783960399996 8546.139262790708
-3069.5409661568183 2231.646376903005
-7538.234106030128 952.6561246137935
-3482.1223354068916 2152.728822171586
-9208.32720510301 1171.4120994290242
-9301.318668422467 4093.468531450706
8841.627338279886 9470.134816125868
-3186.685954370798 -8912.691742384693
1438.8641394410824 1003.6714648636462
-5225.9402521892225 1958.239775343478
-2004.014948142396 2143.0796956155973
2843.068104162985 8506.87531160004
2144.0895015447295 1515.0501163237932
-3557.6048730660405 -6978.829339004211
-3442.351046361505 -2956.2265357484184
-6519.4415209151375 -7703.510778007756
-4823.671871262485 -4146.226635355359
-5847.238554257541 -6021.3914572958965
-3935.8921445481146 -7416.366410339106
5769.590935743219 -6202.831574014247
7306.223652846991 -6523.053543109316
3891.658111623983 8135.982147686464
5629.5886591578255 8558.230733332555
-104.69224600937741 5390.516112451349
2842.5241296559834 2267.957109050556
2067.165901488628 -8308.228543288913
-1275.2156424258592 -5877.763420439004
-7577.035394280212 1829.6905600635018
-9340.995466884528 -4720.872478180318
-5331.257663366194 4588.12830526009
-9920.124522858036 -5665.0705242656895
70.14810456989653 -6792.668297688231
3727.488928733763 6240.229723390474
7468.275673942106 -3681.228895482376
-6273.538371843128 -8083.117804047297
1278.0684446387277 -7548.917742899743
-5327.396963686577 2973.500211394132
-2971.9778672660514 2084.781328302719
-1805.9598315222283 5858.4550223755305
7847.552380821813 5237.315309077469
-4136.118589797539 -7144.229132842362
7281.056117497625 9688.925910294212
-123.35358863352849 -6479.278116450564
3905.353831278633 -4786.295254751019
-2439.149440500337 -531.6578693579904
1449.8501582030767 2559.1276842383795
585.2883600565438 7869.45170103465
-5533.587131923266 2421.256243468142
2626.7165577173273 -5424.76685839282
4068.6198418516524 9291.712928869852
301.79352894825934 6482.772832593611
-9142.311427847544 -2193.5744713975573
1326.2833817244937 -5429.585579221206
-7124.950288089773 -4894.940508659053
1149.7015790862933 -6026.856789706183
5269.188919046932 1713.951877772015
-5276.279454304105 -4465.329239427516
5337.033472130843 -4405.730068469984
3597.818390665987 4464.2515285915815
-8302.178765594925 -748.9719239717579
195.81237936587422 6042.701538278659
9580.041044137262 -1822.5057958947418
912.063959120409 -4236.522405821656
-4450.309292967014 -9586.567431305271
-2423.689056420517 1861.0910710905682
-5519.244498965663 1624.528257865497
2871.2346549171216 -8129.469214843124
-833.5278623707836 -2135.7494748316785
-552.9844552914892 -8322.223955576948
-1307.4142791009344 9058.31411231569
4762.309104373111 -4537.102139427178
-4458.521612328205 255.80851732109477
-5908.793645645692 8003.629668894522
3368.694355142152 -5180.03533824517
2670.916592489046 -3001.277206840733
7491.0493654719685 3985.444609917806
-5374.942668920704 2386.7882563150397
-1651.8406764372812 -9412.063468340215
1082.5982881925447 -7922.261309551133
-5453.107684554506 -8724.255026310939
-7177.346284585131 9080.35283406332
-3429.106917110991 1141.982731304679
3810.4868985142584 3700.8883351911554
-5165.010650002923 7469.863305045059
1150.2337814579168 6304.078226162021
-3513.05064547822 5162.50321199286
4265.020299936763 -8930.754785409139
-5793.292986617739 -4567.440323500227
-8474.71079398794 9240.68594572448
-2774.1615709705793 1455.9189653650483
-3918.669898363829 -8437.130665869274
-112.27663009248317 9947.571078476907
4316.140013295453 -6092.582053557782
-3708.5229921788114 5996.701033194135
-9880.085718642893 7540.219669272625
910.4075548445235 -9998.051958606613
6097.615922973891 -3956.537637620064
4548.397126814654 -9823.329622624573
8856.229335211327 -5401.253923093645
2595.266833384465 -8152.020417530403
-321.5362151686404 -5846.127394915903
-1735.1570462556047 -4347.79837934939
-5825.177443965266 -7062.70868847497
7347.094466880655 -9266.670309708676
-5083.888413267743 -9149.396950343633
-7021.626701594514 6179.950034041209
9583.629301768655 8460.920454566767
-968.5628430043998 4190.011316862918
-6165.592919940285 -8368.706741377533
8949.601458699446 1831.7298641466914
2864.0640641387454 -4731.187574784836
-6802.988358289485 -5227.176078602842
8559.962254342245 5236.416673678717
2969.694265089731 5979.16799564296
172.5243876445238 -3834.1746323314283
409.69264108046445 -4862.118421337252
-4407.272781317113 -5274.572040678982
6287.255538835079 438.75701882279463
7608.936896167805 2838.3778847396716
-5036.301104527452 3351.8474143336152
-5073.584964051801 -6587.474028480189
-6579.780150078634 9167.935422804378
1267.970884712242 2335.2547835515197
6235.599643181884 1322.5137481247602
7534.406878784193 4802.662810155467
-8381.619551044243 -4097.183846971231
-8211.459760079542 1493.9720016225456
-5053.228888616561 -5758.662104294023
9736.760990567487 -9331.57915423912
5742.1774079553925 6128.193786869886
-5582.775339689437 5953.325025325952
1599.922536093849 -6071.427436856684
7963.948710882734 -3591.6143539117447
-1676.6297086707182 8770.44694661791
601.227512611491 -4607.261369296136
-644.6779698406754 -6028.396681942942
2432.943879855149 7827.635053919159
9573.22034890431 -1996.0285809339593
-7873.495575617211 1639.0558186783019
8612.34077186252 9547.127451886077
-6748.707095757236 -1519.024827144518
7103.80968153791 561.7604519499746
3816.67890621701 1281.3758770239692
-4438.048951429152 -182.20538493721142
7464.786882234061 -8280.454252315512
128.11417552966122 -1059.2381149828925
5808.378060629073 -565.420707866715
1975.7881343572553 -4206.063762080407
-9435.637675202519 6581.416010300891
-2095.529379615431 5892.6338013812565
1418.6045219191092 6292.157042530827
-1502.582652531184 1551.0051622122737
-9032.145894297275 1666.8034615571123
-2808.955773684147 -9409.47030195553
1619.7778331247864 -6891.028582656778
-1298.5812002284474 1693.357711487708
-9007.769096649437 -3861.4634889869694
8475.936509005176 1862.5269636262074
2138.0663217328074 -745.4238265171625
-3814.0805878705205 -7045.005888248326
2831.928570892447 -8011.617730914498
-4251.448470074511 -1117.6606520637015
-5809.364919326607 6977.712594926903
-8035.799943957653 2827.888745606073
-6941.082490770441 6709.874569672076
9577.84630364125 4707.92318811841
4877.432159348693 5522.619251628357
4420.996219629154 3108.534644973226
4160.119330360869 -9481.744677889437
-1736.907549900443 3058.6116685010857
8243.145276741507 -8762.232001873437
-900.8750243348932 -8746.676576224661
6627.805458402832 7258.165313630136
6822.769389897301 3721.3995448701917
-6975.05345800473 -4682.341206012213
582.0562027242704 -2566.6112190229005
118.59489290128295 3139.6992002833304
-1412.777431962797 6977.002030475298
-1898.3459327554028 -4181.703236008789
-6261.943484201169 179.53969274268275
7196.685420885784 -7556.542321729141
-839.2994033414943 2436.316681983184
-8340.06503836686 -4413.02560556438
6591.532053085877 -1492.0958774538467
8176.935949321931 -5664.781422805736
7518.406739406149 2677.906767284563
-4906.82781620128 -7253.014289250379
-7912.808726256362 -6583.088396839287
-9416.573653203615 -69.14922255996134
4004.1826512377265 -2922.8613213424696
-2351.374148761456 -4622.101537975638
-8987.342957448094 -3353.7607553439066
-8260.878742224777 -6247.901197293626
9994.453090809511 -3782.4082758177838
-7161.490751339645 -2967.993759731564
3345.14990133669 9588.34430692311
-1997.7340826018544 -1286.1396492516524
-1005.945563375948 2275.3721158520566
-7369.396869813491 -5272.412694938024
287.8692698964169 243.21161614497578
9165.129850324694 -1216.4164297284951
3929.573488906428 5766.947848148471
434.04122350386206 -3940.4027431839486
-5738.304778652275 -8893.06446353267
1530.7331871174829 -1546.592609869138
-9594.178376434142 -5948.863267440809
8895.880547048484 7068.415325768641
9117.840107825647 -4115.229412260562
8183.175504992214 3165.6736459163003
-9308.932647057321 1975.8709873295338
-6475.905932322006 -2492.725450832918
-2162.9292556947657 7919.262224939848
-32.80865340503806 9832.431478860723
-1803.3451071052277 60.35678984698461
-1847.399646998114 5148.997242896052
-18.872404741197897 8224.097383588622
-4307.4379906087 1589.5581327919463
7216.631343888657 603.2666450747474
-6736.040151792839 5772.662314710675
-3838.032218608074 6014.29003204973
-4920.995071892853 5926.13137621436
7693.010830707353 7107.576271912047
-6814.638180718813 470.8313387634407
1794.4537318124057 9623.328371015465
-7042.835568647019 329.662327045211
9772.294185126688 -2587.3201624166268
3173.5308474110843 -3082.048257054129
7398.115639979846 -9302.088114913297
-1758.6642253041828 -5412.171175525231
-2081.120182258771 -4075.5953703340356
-7595.8318752235955 6240.572224372283
-2286.390898244792 9560.90205552027
6189.536545555782 3887.3257250674833
-649.0232363007835 -4666.448901757701
-6118.43477180047 2129.984423189844
6899.498031048977 -5366.892660535008
-2533.438038448352 -8149.542186553036
-3435.34132222846 -6786.417214946028
-2715.9963162803933 -6162.074775015815
-7925.019195879826 -6195.464983557151
2525.640690869577 7650.104966715386
-1288.3250210794104 -6111.905990705318
5760.573677217677 9695.959533417681
-7525.806844708031 645.7291662922489
-5175.680181335989 6343.678259404402
-8403.353852123326 -9041.325984534173
-7304.966878225718 -7200.832398431609
6477.7050300780575 3349.819779737618
1390.2052738197053 6566.698585259102
-8940.729446241288 -9116.198139568236
-547.6680567747044 -4505.232656568794
3786.84059714879 9295.91433574299
4252.175760259413 4726.616333640493
9507.165789933344 2999.3843375988945
123.42741395724624 4316.291988758971
-4993.553775276522 3124.4474590821355
-8747.293211072521 9837.500865627419
-9635.033320257167 6371.577324831747
4284.01792960527 -7996.052606771016
5901.730109388143 1215.1210353642346
-243.08265879588726 8136.227417311711
-9794.686785902937 8872.501512925719
-6217.186540897224 -1748.220351086151
8594.800002052933 -9541.942897529823
1773.9744187761826 -8379.222788642735
-6672.655825939331 -1130.5132082265172
-5425.023827777966 5822.270601519585
6966.521079920734 4208.7879980230555
4006.4738221721564 9651.286897978698
8548.327763279733 -5081.534361223614
9616.349326043146 3668.994154544149
-1470.677653667908 -6682.289894838526
1343.4239193250596 7754.464745538033
2974.050516808651 3852.1412929758917
3834.10389117711 -6292.050970331708
36.57822671804388 -4875.376558934988
7312.460432125983 2772.0026983692915
-7486.409106201566 2653.5592550950532
-2810.5755735524917 2878.2033967293028
9094.18107653888 8308.98745381405
-9993.088299237059 8493.603361157151
-6095.894473870391 4505.699999349656
6847.86383186813 7132.46719160123
-960.0575546886685 6486.512440812614
7003.3455830514795 -9084.743459090761
8011.245738765825 -5592.274241444233
4472.985657400426 -1001.7767860046715
9356.43657742811 8442.714719182299
-2214.7827004597693 -2736.6181273492084
9170.838423387479 4748.500609497838
-341.07625366024877 -4649.959874926683
-1117.0812215342248 7894.057196530121
-2811.752853576355 7925.466050405135
337.4466459072428 6228.011802700852
5517.485490406478 7033.68904915567
-5908.057888537103 -9332.691312095287
-1616.8491856878645 5427.8196832506455
-1194.5539934222124 -5482.685009162187
7435.41670347358 -3017.302520758036
9696.29268390072 -7812.265164341312
-1088.6507022590504 -398.92381145848776
2268.229302072952 -1952.3667629330157
1017.4599044364368 -1532.0477931525347
3851.8754835301497 -6833.2458729568525
8289.282176549274 -6925.935254371249
9981.177743426815 -2680.7721618297937
-9769.170470413896 -9879.00861662764
-4777.828827211117 -3620.3157657840457
696.9478267438062 -3763.328771493084
-1205.9903599157897 -8879.32930522492
1766.725881213757 9371.59788054261
-5830.110607546808 -7575.8013885669225
1266.299259361478 5812.323164036436
-1181.8544509947951 -9950.857030945086
-3365.4834517859817 -9059.672052337271
5341.44807397652 7350.119915209125
-514.8821961588947 6180.716061434141
-1505.2960716790913 2722.3833546898695
5004.208744542591 2026.5934426955791
3909.892837265261 -9948.820430052068
8231.98931110508 -2408.590439910301
-6171.241901155527 5072.911444541283
-4687.163318064069 -9167.07209038081
-7258.103446831643 2309.3639353532217
-8041.9905858023585 408.91893703913956
1555.477940666262 8115.1532461129245
-6349.60914998453 -9933.942389703674
-7245.548789719905 -617.5291153094477
-7469.155839191417 9529.923715630692
1003.7801245911942 4576.088518798222
-5559.085040688175 2055.4064422022384
3726.882777601222 -5974.490083802366
6256.76525395992 -1886.777954042056
-5576.882988830134 -219.9469075365887
8434.38833062321 -2870.3445967884145
-2166.1840451926937 1836.5575367735946
-9403.707079293039 -5236.946954369595
539.0183313266334 -2821.6881819479586
-974.9684438159602 1891.98419368539
-6835.292568271083 -9182.2916581867
4089.0646020499607 3306.4141323287186
1103.0248710445667 -6085.963349134713
2911.64859669798 -965.3803596274611
-504.4208318474648 3041.7327852592753
8003.5584605943295 -695.0019300879867
5202.628125098934 6813.3062622616635
-3884.364757904026 5333.3177873086715
-6421.427449279097 1315.077444377268
3227.2933264226267 2442.3718421414997
1096.8448604977984 -5807.241746836591
-8627.72053196269 -537.602963342064
6214.950020658567 -1272.1760112654592
913.1366109136961 8927.026397124453
-9656.948269507659 3874.515878542812
-2089.0213013689117 -3729.040533518287
8377.17054253097 -6018.760471357004
-9602.664002480637 -6948.07809025982
3980.706048594857 2799.0142467996848
-360.0045159174206 9160.915771228818
8645.659100263485 383.5394699294393
-7095.093709777602 -7948.852080602715
5537.575032246405 8626.356098841869
-7248.617286782033 7207.4403721068265
-774.09819396479 1404.4831823312925
-5442.00338358231 -6605.6679199078335
-9375.902013555671 8716.81035886268
8761.69614430164 -1337.514594837492
-7188.513340737682 -9320.557467145201
-2797.1421089537007 8659.415837036799
-2118.4868752968123 -3118.904666455509
-5995.875072935295 -2518.023889082492
-2441.2851642368323 -646.4526508717026
-9428.958151799658 3124.4240613031743
-8950.635592049031 3291.053940229478
1587.6634127885263 -5482.687093879852
2438.414912283846 -1343.4490066685285
-5709.548601983203 -4781.145145632122
-3081.9794542310337 -2058.639990433846
-3161.0508860909104 11.803108494328626
-9769.428653580388 -9400.967222279807
3261.870187811137 4975.313424760367
8931.827948076538 -6947.1284631654435
2242.3896629511582 9042.651916383198
427.40811077280705 4680.559987736966
-5083.403361301546 -4377.9865825222505
-8791.475443737354 -5191.737374110268
-7105.79264245165 6549.133677017562
9310.538056324644 3500.4409958762535
1870.8048232234014 -2543.2257822703623
2740.5361928538623 -189.4483609458639
-1513.974815560654 -6412.4297859139315
-532.185715498541 5161.690295143662
-1507.7391174863278 8143.1380567106935
6543.785487964495 -3344.8410639737176
-7166.381710163619 1453.740973627504
-3984.498297494938 -4641.168578151329
-5104.985184719093 8569.227543349
-6480.366617509135 -1993.8887318985344
-3033.543869839197 5313.348331655094
-8208.604644367007 7040.162917906629
-3122.300235549116 -1590.0222684708715
-4204.418372832323 -6432.974236262942
6793.65882350695 -6018.8334521765355
8784.511608773733 -9464.889230807725
-4678.943601427339 533.3563431922375
9310.358214599353 -662.510471323134
1362.0014294910216 -2510.503334533103
8066.977727721409 2037.2964934340325
-6439.686529292772 8391.208790009518
-9590.983005395005 3545.4676476554905
-7278.426266396263 -913.4478829708132
5493.742505227987 3333.941482970733
6248.0437910731325 -4464.656150794554
-3786.333891579119 -5353.636789510614
3414.7413336640257 3305.403146666662
-4564.266964597401 -9327.76724745352
8223.128037254071 -8600.511857434674
3535.4596213429104 1779.345907309791
2604.015157457681 -3255.900704385029
9812.087880968265 -4346.719914803159
-3098.55719297466 -7512.261761786179
6093.47458894519 3071.5908461493673
-3145.534178573317 3197.603575530895
4687.081157161201 6044.283318902817
-3296.0963015236366 3110.128242397679
-5193.903835460183 2181.0329617667703
-3413.6961824269592 -217.84764000667565
-8302.624623624872 -600.4624681084715
-962.5107897822272 4805.943339987138
-9079.46239762598 -1531.719989974521
4213.249272455845 5692.677152572087
-3424.783167722225 7380.903958968458
-3655.1364196367485 -1404.5988257572608
6746.120595450317 1188.2935400246806
-5017.68132705533 233.90449682296276
-7966.793549881201 -6331.635288994615
-6261.767149263566 9200.32988543424
-6243.059134685061 3092.4780070778706
6530.652451619651 -8234.234730765684
-2723.735200660566 -6648.706250671186
6733.0512319118825 5374.4627617074675
2829.5416114795207 -6168.2118362049605
-1824.9917067160122 4203.733047750828
1406.4231521219008 6691.064124284021
-1402.7928618428414 -4516.022125249028
6381.225251250926 -1448.5085349029578
5949.546290653318 -7285.279438274461
-7013.94205711567 5145.618416289815
-4168.6870285691775 2478.9069749949795
-2825.381243934681 -7931.795881920121
4407.528575513616 5249.156449123089
3025.199767301172 -7453.373588027262
5295.722510073709 7396.038591627519
3554.132104809567 4019.8272307562747
-8797.437913390606 -8450.12703404688
-6341.460806761943 9319.857996777053
1499.9034086153915 -4466.059344758497
5879.919646796485 -4620.99070981552
-4534.994538573842 6278.417188001926
9777.755604797876 -7360.60902469754
-2430.2141668874146 4440.72535322337
3924.97808342417 -8279.240215116015
-4010.8320319291342 -2100.5712821948982
-4115.20849912133 -9593.717454176023
-1591.2833244076974 -2144.813844942848
-9998.9931945716 3634.834092571944
246.9234015652073 -36.30997056999513
5431.6995125213525 -8057.668260161808
-432.35709478604076 -5258.0740076357915
7578.649244585493 9673.524729921213
243.36700976716565 6430.489930813354
-5087.310224145698 3289.5488871032085
340.1444100149092 7561.107871956992
167.74649020429206 2225.473273921012
6230.137032131133 -2330.0852301153973
-26.0062509580639 5.96910277131974
4597.949870631564 8913.444671552956
223.22466048532442 1706.1352203203678
4292.025489254926 8785.69907253543
-4192.81909827059 -4651.575484022767
7882.55438073293 -9298.935686189881
-7157.757340274258 9455.518496234767
8822.5094921788 -3100.7451419741437
9091.544216378956 6732.90582898154
-5731.434946010354 4944.8636410633535
-5981.776549424114 -5266.175534870929
5903.819215722933 9035.51057482927
-6248.815179486102 8363.137015940614
-8485.599962162072 398.98465322548327
8217.397409477046 -3794.3880077545564
8607.175145932943 -2748.820352434993
7792.417798741939 2917.98793894972
-1984.0317830571876 -5896.965969175527
-4956.523128827308 3303.1135577010755
-9771.18731692912 -7353.913551223139
-6512.874519739735 -9811.652054627486
78.9498112136207 2012.6705159324974
-243.90495021724564 7859.326220498544
6477.426859232895 -5101.826886526773
8167.682783911441 -4445.9089644434725
3025.305896334179 -2150.8107314032095
7408.624717042898 1401.5029934065133
2628.655699065841 -1037.1848408010974
-2100.9186364725065 6191.749853494992
4649.644651252869 -5691.277443878366
5371.011762349364 -1504.330630895336
6662.228873187902 5577.066200310412
-8706.126291635945 7903.53072866231
4541.059396584797 5771.685445776615
4003.2382701532424 -8467.208697391496
-5602.589545413237 7209.459570213214
-4264.434121487051 458.2907468738176
7786.078596335003 -3346.908032243452
-9754.949909666895 7347.215963100945
-2357.645470015026 6095.994739824906
3276.083159338945 -5664.89911724148
6568.337671488527 4534.36401146887
-6112.433929712659 1058.0161795462354
-8626.997076519165 6002.9254681751045
-1527.0696887167378 -3239.9759306891474
8180.60639037695 -7782.741727037665
-8707.600993008135 7523.858850131866
957.1492978841252 4356.9839809054265
5431.677404602129 -73.26850794793063
2964.797628609753 7840.541712211441
-3676.0913829916017 -4197.976975492373
-4560.7048342353055 -3616.3417384081376
-3680.6087237447828 9291.579873791277
-9304.425872855352 -2799.969443730799
-6739.782076206455 -2997.8068557261813
-2098.081947680297 7894.154218455562
8614.637787059408 -5166.222045100122
8923.188727040095 -2587.3732657302216
-8551.38827883391 925.6559819084578
8918.787027832335 -1638.3376554182669
3359.6846020775047 -6828.734319852512
-8208.824545477835 6064.973187792888
6470.946277108556 1880.517673877117
4115.937656189086 927.5563128759277
1680.5241589276502 -6577.069726300411
-7155.480068636822 4987.353746932826
-2415.3079339956475 -936.4233103157039
-8144.057677713477 -9021.851958739411
1840.3440137857087 4707.788226754623
-9656.066512249869 2793.459760642134
-3794.761455525135 1899.4665994124443
2061.0949883403846 -67.37318164721728
4092.0694451727886 8171.750077851804
-1398.1445706732757 5326.652598959778
5195.081715836586 -4272.294773434313
2191.1372522195597 -4117.198786326914
-4404.396133827606 1432.6037158498784
-6144.192015401353 8153.347344937731
-6274.4769486921805 8228.263601729526
1391.1496752010626 -2274.7255081295734
-7334.608223842182 8333.830850433933
8194.73181165304 -9755.865276064736
-2523.4984439337422 1976.2893667125736
8825.23569930332 -5573.3216355110635
2613.9275675000554 -8102.1095570004545
-9946.075644792427 -7016.720149871704
-1059.8126007245592 3516.602962064806
-2788.3789214873486 6062.584622890699
-7543.162250442517 -6630.414320077669
-5205.7956864199205 -6352.7915695961965
7593.958449146521 4348.595734208751
7574.791822723462 8270.727979522362
-3254.8390515011242 5240.147834027297
-6119.066701720652 7492.615280196325
4708.388281164951 -5787.8473835851255
-3769.6976296078064 6759.155339802717
1790.4480298545677 -8857.343870536482
-3821.4863755288043 -2405.1824366460824
2555.8665535136806 -7934.774013339889
-9982.12822668091 -6490.063827076234
8548.31132170733 -9490.58034577047
-124.01011224660033 -3423.0244593499656
-7214.516254910406 5143.684995728583
798.396480313977 1319.0526311094
1426.0463284990383 -9118.049878690234
-1440.6191349141955 9370.806964318963
3729.7947426454157 -8505.937352743287
-4769.493705154746 -1686.9038119911893
-4720.050600064967 -4235.856672971281
9946.3611996705 -8850.575391246151
-8590.903598302342 6369.832522673938
842.2812155805641 9083.396449314532
-2132.042125793836 909.3030249663589
798.926411174205 -427.0889951956233
-6001.161812907125 -2118.1671866187
-5586.234579326823 -5921.794520984864
-9976.761604815454 -3068.3765750861603
6529.6569657974 5487.270149614338
4525.794312350185 2293.4664238752775
3685.8935715051084 3893.565827569855
-9185.65261038439 1132.7629921316366
9017.21390450108 -8782.632869807676
1558.6166326839848 -5648.697294225489
-1588.5413068047365 -9896.516629758951
-42.41253318843155 6434.128885633025
1146.6866812788685 -9405.509782750649
2658.403416347335 -6958.297715112145
-8236.254400731257 -729.9670071398705
-5252.811951794416 305.5018795344786
-8409.580697713956 9859.15605325143
-9645.10435039228 8164.094862618142
-1881.541031216043 1774.0204684370128
3768.9302639814923 -8419.380234908704
8344.940633119651 -6420.215406394525
5413.94032133246 -1888.470483310878
-1775.4396424410588 -7893.17665351763
4662.849043498298 8050.352802750407
4539.623623956726 4727.866064054242
7161.833385576694 -5750.870978382283
7779.654725687626 2264.0456723468033
-1799.3727786820891 -7275.908542987181
-4967.3035113758315 -6949.748191394836
5632.173950535813 -7718.933627185489
-9574.464750442196 -5118.4050956801075
-4056.6855634562708 -8350.030000340374
-2689.765985425596 -9120.817798639562
-4699.146729897052 -4003.3077964859685
1179.52446736417 7754.824041431857
3744.9944389636184 -8815.446484296916
-4796.248705217723 520.6910961653994
5174.806361103063 3786.439772079606
-8682.770980009987 6381.348372782117
8368.021807787565 7602.615324883704
8942.02612138637 2361.9989443613085
5000.141030759178 -6681.871986754335
-9277.663649503791 6168.175838023939
-524.5421940503529 -3062.3761405869927
52.77605738049533 -2161.4711608468815
-7644.71370643463 4764.290969970045
8719.076137520708 -9056.239143135697
4266.328312915546 -2056.4308599732594
4629.812998911479 6401.162534261588
-9605.23353153975 7971.156334633339
-597.0259192308931 -584.3771476176826
-2980.6704643482917 6068.7537025010515
-6518.699798592324 624.3708443818759
-8990.758107605747 3959.9033534087757
2485.521558957562 -3785.8590348468897
-9189.396602383855 1332.167536871977
2674.7403935472576 8595.8326438974
3167.4301407766125 -3849.1850750757294
-4331.613754808761 9163.158583388285
3671.2135208333293 -2006.92140296667
2994.3153329306733 -2271.8217875244354
-8794.460398812904 -8299.039743483812
-437.2129488720693 -581.9841083976225
-3550.058236237727 8904.46157219708
1826.2043843850752 -866.5275149013323
-7170.163407592678 -1653.973663536426
1169.6628062467826 -3888.3560859951613
4647.032206706714 2440.8882822527794
-4012.4923098284435 -3298.9300681569293
-8402.02883036582 7136.922515561808
6936.255510374391 -7850.663980047221
-8515.49313118678 -5108.494482246108
-985.6042984299347 -9980.536967540767
3644.690705545643 -3538.2090894492267
1404.734436544286 2792.827536443374
-5521.3198025822385 6208.72770988113
-8574.88533557359 5282.749365543197
3417.559980582173 -2255.96544520726
-7531.513756321091 -6325.691177287292
2780.494974658852 -7996.73407022605
7473.468487031689 -6677.656997357611
-1811.6805946886298 8207.0042043537
9251.697525181633 9880.991276049088
7549.303552873924 9676.120453568601
-3091.593566093018 -1095.444325878827
6105.498767134633 1095.9534897091562
3627.8509296144293 2750.8583294100954
-7374.273846594628 1578.1597336384875
5255.335434735844 -9565.328540021954
-2446.0802366688486 8747.898701868166
-8607.234995160943 -3979.779239060137
-2230.798949375363 3087.916141619042
1134.7919654471498 4208.141217498018
4586.70635182574 -1099.996219015733
-5892.203035353616 -2036.2941572216187
-8274.139389025106 8498.214022143879
4134.084989121795 2349.5191578275244
8195.429774176551 9627.11264014402
7628.84076442595 -8832.699307659386
-2607.645881683158 -7397.734361719157
-8252.45016889098 8579.772700738587
-1815.9854162618649 -6700.940623820282
8336.735959609992 -3424.9199014846618
-3658.7595224695306 -9130.147515254266
8901.025817130347 -9047.419281899365
5412.027020066234 4948.379841301539
-6915.278925451358 -6549.763347235987
4973.581115388857 6104.218758197139
8576.187266955723 5700.258000849228
-8827.023318120213 -4560.954856382251
-6121.4460409037665 1891.0486729760687
-435.6466605637452 -5529.693469369261
-2949.643085304494 1329.9155465404092
3473.2488163329745 -5173.150061930347
-6695.080997514482 -457.6014653455459
-7533.68746326446 8784.948239305682
2267.418384282635 7110.498525593495
-5022.698395820154 -3697.9294375796144
-8276.24693049871 9143.477046299497
6737.924516298583 1959.6521486974216
8855.46021845581 -4908.68922174702
2384.741437247687 -3894.971288955191
2240.113753820511 -1447.708003005493
1460.9971221226988 -1513.4022609858675
8306.771815108157 9792.665465198123
-7995.085408884921 9805.180022496352
-5528.789958386899 -112.38959641486326
5013.632569658286 6858.46967322534
-2164.1802540011804 4709.272362958694
1294.6296305154028 -9665.652670644404
-6875.772526067652 -571.0448813467137
-1435.871112427194 -9187.24361315178
6430.824066633835 9767.001576077026
-8875.359245276935 -1835.2622351191812
2400.566857907839 -5084.716312450159
-2948.5491254450817 2291.131670638988
-8385.433480419244 -1126.3633096277626
8540.516404221155 -977.6474028823432
-7757.875110020438 1882.9765231864058
-82.09910982515248 4004.5564663056794
-4569.9481208487505 -8295.751950461508
4783.515736315658 9526.428537953216
7435.241850662162 -4316.247994950994
8859.611230649345 -5505.28805617921
-6833.354153945872 8861.811845420121
-1662.8965995289964 -3854.4750887985365
5587.937730532247 823.142872702967
-5139.51680687911 -6417.601452747291
-6657.6819584779605 4553.696018440727
-2235.2808884440356 -2139.1100862243966
-5003.931943596185 4260.151073217088
1775.1980065665612 -8906.476746434753
-7542.387235543689 5924.642085796186
4104.437667181113 7927.722887231634
8414.016158024726 -5691.290974722973
-1273.073329902838 6753.298555433314
-6963.024981988224 -6813.135957099763
-2413.866029834071 -4875.033719226374
-6254.444024520074 -8218.422278550588
-1414.639252481782 -5860.721756255285
-1526.9489581009493 -312.1049051796708
-1563.2144269271357 9884.247054225612
7670.502892692388 5017.292793054536
4790.690711878593 6583.86169647472
3189.5972643254227 -3943.201554190763
-3460.4668827006526 5688.590026189644
3222.780885754628 5430.80043300322
-6210.843279901084 7916.875507337707
1638.6149727008305 7569.3781190765
9712.127458374747 -8868.464418118043
7335.533753282987 5228.395642160194
5345.797070301109 -4061.1184047388615
4647.337911507577 -1126.9979884083004
-4629.613318826109 -6972.716797214449
9368.896349563729 3927.591432556168
-1999.9827152197595 -8484.190249761541
-3369.2990156921023 5211.676881353911
5342.283005009025 -4037.520029422388
6636.063571461142 -4677.451410653757
-8070.391799516161 -8814.436094382174
-7815.09062932733 -5708.015657324495
-1401.70216751531 8680.291153689366
-2056.729513340658 -8464.316551033959
6488.836158951512 6167.209182091585
-4422.260039704422 7930.518609995936
-8336.345935770338 -7312.633484472881
1159.3152447318043 5796.0831463714985
4686.229952289697 -4336.624864636534
-8348.80871416776 -2376.5621030057528
-8521.938003760506 -6525.665166647845
-4169.750665518745 585.353984452373
1867.6886602156646 7346.4961108383395
1652.1172839956798 -6821.237090052957
468.5999918844027 -259.5536236757016
-3145.1443468269354 -7208.474625040269
870.5402501520512 2919.5150476031868
2506.460321389566 8552.042835762491
8601.351791189612 1012.9927024629451
-9763.45434337272 -7488.3660390439345
914.1692639531502 -8358.326725828156
-6947.284612656456 -5973.984441885481
-7822.5665786396585 -947.8742417953963
6927.295608757624 -2856.3820302794165
