750
-6372.021452112802 -5835.186428451809
3065.04748088427 8161.041160232449
1413.068520911822 456.86307127888176
9823.768999751435 -7394.627504756198
2357.693685080487 6225.462912039404
8897.1443841806 -9373.294489036263
3532.9985854887072 2711.7981465562443
-7946.056520602619 9177.66862338618
-5281.097282694993 2812.813274939974
-5122.010178750626 -521.1182467259641
478.01924956881703 -3170.999790059461
-6638.064974676814 -1823.4371558928706
-6073.7042975100585 9971.307425288724
8578.673812884506 -4587.845052249558
-8958.68180857957 -7261.368888035393
-8554.831915177221 9167.379400523805
8978.123741214491 -8687.505939953915
-6715.136915351926 -7154.227635642694
-383.71791835830845 9275.66743077019
-5288.731554172348 8774.424721386284
440.9023029932796 4246.663062026761
5296.7040842174465 4157.289779400306
-1135.8660056114986 3432.1652204715665
-443.4005228827882 7984.095663611486
3222.6383953177447 -9365.360514631106
971.1507296897562 7496.54062865044
-6059.593462045705 -6087.501517074323
5082.544224115558 1036.1161499228801
-8274.790331391432 7875.376109672514
5147.35632550767 445.5516301214411
6170.880921272337 -2492.7947231701282
9390.157635007203 -9331.462822775187
-2233.483527817275 -8555.042645667567
-2404.2588570066537 6790.030948685759
-932.3881833959877 1801.0584652505986
-3406.1894157989345 -517.8799533381589
-3336.9640025284707 4902.645300490076
-868.6304112750422 8668.054155150268
-5424.33429821364 2730.9933763764056
8694.453693165586 -7810.269212553773
1863.402354813792 -1620.4070199068065
4032.2593355903045 1361.5706247098897
-7558.801646244829 509.51250784242984
1453.127831070724 -1483.6333315148513
-6476.364389415534 1565.846589779585
-9596.753942049321 -7003.639753239814
-9408.507826828867 -7570.807752149229
8405.339609504921 -8484.554398888502
-8585.352643726845 2211.266110410579
5126.028380923686 -3583.940336279985
9417.58452529501 6063.921131165451
2156.9339691091336 1066.978581891717
7552.6450912147775 6155.984350842629
5036.023092717493 5495.886867764097
7850.107925950928 1382.4890897767618
7102.085897686407 7323.25225352425
-1056.9362643551176 -93.9659542256104
966.6488225259018 -6838.3120075234965
4118.966850224444 -4709.842932697968
2704.0330958278246 3867.6454580923637
5828.647598863139 1769.7655594550524
-3698.3325121413272 -6620.068298942164
-912.5201096500678 7113.828394068612
1479.1828054841953 5352.2073077197765
5832.304413654985 -7429.320688338368
-3323.79187868423 -5615.725140914469
5051.606825027497 8546.450546888045
-9174.791491951733 -620.3809922349283
-614.6340623741635 1952.3012891838916
-7532.90402681934 -4595.6725733425665
7894.891561798144 6566.268541455593
-7166.232229774197 7395.164126382719
6831.867940912754 -8709.277668042521
713.1143310619827 4162.235936581326
-4510.258740224464 -7153.441567627537
1228.463947806138 4354.336847155702
2599.4824418002463 -769.5693998347288
-1894.1781960528851 -2597.280099060097
-9764.332323020248 -1828.536788193749
-431.32308386557634 -8068.294402941454
-3172.272026284706 859.0586565055601
1691.5532569549305 -8277.826192828717
8625.119245210157 -4626.44265338731
9859.887176523927 5036.66739790865
-155.92281492835536 -3463.328261273573
-1074.775985092474 -3037.5278247615233
-4272.477682889471 -691.2334337289976
5711.121040607981 -3598.2948818417617
9878.58979061263 -8604.777618084723
-6283.429561608624 9435.092870225224
7482.162919584138 -2615.736968020122
9180.138410649331 9008.784314289413
9407.698371361177 -8476.203673484888
109.44336118378669 7241.190926525254
-1309.4682204512337 9154.966522579834
-4553.010483298017 -8880.490263719983
517.7674422341042 7855.273530452014
234.78287335521782 -5046.758792793767
-401.2460275886842 -1495.7262951999928
-5543.434146066424 -6325.337757839676
-5320.946268535827 3770.0308604731636
8177.903306887074 9923.881409657337
8960.73475093707 6924.640014018998
3670.77302210788 -5171.248455675732
-2679.308183822711 7432.310728114699
6400.706924337588 7487.5759762759735
-3527.35664807188 1413.6405343745755
-8929.05629301027 1385.198529069503
-7402.671263068385 -5125.119393729005
6359.45501838372 7320.725715780005
-7530.644241438409 -4498.865148553293
-7448.879259153867 1897.7806348790546
-1261.9621549579733 -5152.391563157284
9958.720734224618 8225.853975702212
7773.489689696271 6923.159435128073
-7157.162726509043 -8796.038667512212
9368.127309858042 -8554.420091483436
-6517.851700638963 3605.4850819450585
-8412.348547106221 458.1756551504004
4112.0122191296505 -8844.273685601163
1194.480543364425 5532.380678003052
640.6443138406921 -5108.651282826912
320.5188427545381 9441.29236752083
1368.5923317880806 -2686.4393010733556
-6554.959159971268 974.1696627968649
-3621.3743635275296 5194.529381188111
-4762.611785023408 -5527.9033122337905
-1170.4380941973886 6369.1792766073395
9453.074956067594 6700.168415937114
-1921.0509269354907 442.1893896581005
-8174.189933250871 2831.7093560422218
-3624.0516750883553 4062.6466372504983
-4223.161196096324 -9394.806544109935
5807.145763061395 -9733.510826295103
8766.93663452877 -2875.303627145776
-9755.554798516207 -1640.496175167058
-754.7386404663703 6309.851346625255
-1764.4093139580782 5911.328121315219
9403.207478938253 6661.457631783469
7094.279392271979 7653.531354962932
7320.288287007243 -1205.9734697485765
5888.225565092649 -2577.4647634902185
-6407.002091059994 96.71990662885037
5589.949741704691 -1239.229244454993
2166.4937781458775 -80.71367335684226
-1653.5339644464311 -2612.869973985654
2842.856364035966 2839.7574525552227
-5359.543760488501 -5529.566279684243
3818.5954061778666 9855.824012716304
7056.9132933020555 3487.2812502397337
6607.952477402188 7751.96623755397
2435.652659100484 -4581.682987432711
2837.4955415918066 5429.570207235956
-9618.502038172403 -2865.4105382556463
2651.365067953444 -7352.581806949356
-4579.6617657591905 6048.355039949289
7845.471760921544 1405.0960070124802
-7469.317796283738 450.3127723475827
9352.831933258087 3112.0177746751706
-8653.276920404174 -572.0692291361611
-1668.8588621315976 -4280.072181431893
-6979.658591701809 -1142.8294362473862
-7142.411543875946 4156.885284878381
-4454.115150189068 682.5734860768171
-1885.1715529334333 -5314.091194976287
8292.953120204747 1548.3390694175378
-3044.081762119097 9221.598338118714
-5441.153574681672 -6184.338199114139
9864.956762397895 -826.7771310251701
-7856.281436097905 -2900.727202524842
8584.042026120635 42.9065325713691
6267.896738922887 1678.7674550144966
-3943.908178733377 -2207.2900183696584
6592.238021448629 6487.972725986103
-3163.0311050197424 -4095.4458636492545
-9331.220386051893 -6141.746313787584
-3240.7441944805005 -1907.9018332855103
-159.62608779519724 789.3231703851561
8383.936392763739 -4216.172210650575
-9575.620268447921 2243.7620456037967
-344.8519801019702 -8218.222775884618
-7043.088642151271 -4190.867291468301
7177.063465974599 1910.4600053710383
-4659.474915437174 9044.206090123622
2660.887373650223 -4994.263627463269
1929.6600652040797 923.4901853765659
-8656.160850733424 -1746.4893089333455
9904.53369433845 -2983.098511252886
-5439.092559334004 9673.295515496004
6725.605671105888 4389.073119807119
5154.077833929345 2451.8513568759936
8027.13303770974 -3324.543508718074
4032.6224310307352 -3132.750521294912
3999.7449940793013 2390.0256451589685
8951.959783079943 -5296.122038226672
4128.366996500468 -9757.954409094375
-7542.4999352324385 -1655.9440337420801
5093.231069438649 4087.0351103174526
-5056.215423066914 -7867.920399783175
-5291.870941515799 -2890.3068395612227
-9091.846130790052 7141.688222788936
5961.443786130403 9934.230284350171
1732.0631598667605 2138.0813735090105
9541.9349431452 -9419.806977220012
6702.090443740362 -6689.219384170618
672.6231777983012 5529.526864326661
5486.573639458888 -6736.204938533654
-3357.4345165132318 643.2864141564623
9912.728832696626 -4215.315003718522
-4882.321346803215 -1735.9545355593636
-9356.99721607888 7074.295489570821
-9871.794098735209 2562.726833813902
-4771.677963248048 -3595.9257531238745
2571.8110694194165 9036.226146963156
8019.803285488786 -421.9484118584278
-4862.301253166743 -3965.1491884678826
-450.5966829999925 -2888.2895705006304
7748.559889987169 -3703.7330916836654
-6756.11528712049 5700.137042245182
8933.548710920004 4685.288003973461
715.3830007142715 6332.998891080437
-9013.08662565551 -5313.492352401437
3375.772243693069 5324.041035220773
2333.2895759737276 -9330.57258392375
7750.921274233588 5557.966451540633
9212.09508388938 -4456.612224091101
-5375.149049146659 -5582.289607962083
-9390.151316820144 4142.271221349329
-1977.299861254185 -7859.726738421388
-4689.340266297888 1526.5985467667506
9045.320346233413 9759.44526449115
8001.53065668049 -7636.704787545894
1697.2207594795345 -671.103993243567
2560.5222549233476 -7358.937412688715
3103.492601783957 779.2726609033762
4972.244585225075 -1798.0521970349491
-1109.7459965643047 -451.90154683876244
5756.536556657344 5917.355005054133
-3992.9508324721064 7031.422197516131
-7637.40076599235 2809.404972567314
-101.43809749275351 1941.3211996540995
-4327.7329251511155 -3983.8001090256794
686.8860774976438 4813.5318015060475
1572.4948082540905 -7777.7876684756975
3904.523946594749 194.6091651782899
8498.554844860148 9022.665385414119
5322.173540825639 -8551.791810159626
-5084.167883975137 -7336.561895826748
-3455.715993584925 -8344.79326101247
-3100.4733013743116 6695.676971461613
-1700.7474905277977 742.5625523418403
5287.966310692238 4306.955839317821
-8269.946570261123 -6239.053874187734
-5673.350527876584 3438.4809539637536
-5505.006329210171 8141.352968698287
9286.529189801313 8270.493313262745
8117.183875579787 8796.046743883977
9231.47707898169 3255.6800240299144
5775.244983675084 9089.35264668287
2926.247975831857 6603.0609199299615
-4393.355613010254 -7011.039702456183
-9182.303938749334 8962.465565600698
3598.993057495505 -881.4261278075082
-5911.620957859341 32.393182580623034
-7726.4788156334 -9032.121660725612
-7026.893404689609 911.6720312090983
6618.859873182788 9175.969291567686
-9154.609678945691 -6761.975420802213
-2887.8284493154797 1589.5341116602995
8022.159614116572 7504.277596473967
-8831.435234960425 -5292.762414419023
9801.510410357212 2415.622140183348
8988.64835340243 6156.918017313679
6939.6734636997935 -5251.018960187234
7527.973013639559 2012.3561986382228
-6410.228888400972 4898.206888271712
7191.0285116119485 -4958.465218019954
7666.362527036523 7136.4705632517835
9856.357839124339 388.46773554514766
-8333.829195802125 -4400.117443999851
-6031.734619552875 -6274.173721779363
-1833.21053870972 -2905.9817738889615
-7315.500321525863 -6424.250903117139
3541.581961496431 47.70022337132832
4448.192251841352 -5718.613266217889
5870.382273226425 5286.022412964543
-8143.749420862876 9021.87521319498
8592.026189433738 -1232.7180695920397
-5674.699927102396 3298.59295094522
-9863.872568235885 -973.8821484498712
-7189.817920835187 8480.722095249432
-8412.055286650197 2787.8287779911134
708.9173260154457 2283.2746218356224
-618.4294432858951 1066.4894601093129
-5908.04859021598 8460.914653078267
-1916.9118593793373 5032.141489065394
-3477.587659179675 1536.0525813948443
-483.24727902189625 6030.00194023925
-1011.9999307839043 4039.8569975126957
-1196.3500026260917 -2642.7298480825593
3844.051197445033 -6470.0333442724805
5323.698259039056 6750.7833318882
-6828.779353244758 -5441.1339748872
7178.267717970753 8011.4305053424505
-3419.8752143137235 -3197.980095558406
-8577.914453714777 -2211.126298481534
-8750.793309025335 -5284.9657717082055
-850.4789010657714 -727.1993438154204
7860.979818713986 6374.264639987954
4461.727519845024 8384.576733033442
105.71986194461533 -434.5576174773869
9407.548468742574 -9964.173202619166
2550.5764555646674 -8279.94700069738
3182.479547395631 2118.1306078991
-8074.009795587598 -3040.6446460042844
3186.404475691297 -6889.33074864712
260.1919829003382 8291.080580001806
-2017.7930719480619 5540.327748417949
4796.484824909681 5914.018550372033
7763.791517160287 2001.4002705410167
-743.0959118879528 -6379.157808857251
6633.432164996273 -6960.293781914957
-6230.240531367406 4449.684234686461
-7195.217695009821 6928.594009633078
-3342.5275708084982 4020.1352343462804
7789.290270641974 211.93743560093935
285.025745862702 -4600.509559547825
-6309.838731032391 4861.922038433453
5298.2459239736345 -7119.7784303445405
-1080.5837326953042 2997.0379138543503
-7164.94449268003 3709.8182807541198
-3029.9871270520407 -6671.615471876228
-7328.279128326998 -3400.714680922838
-9683.614753440857 4850.025955159061
-3229.951289283488 3746.754412695527
-7916.823948046616 2761.801655731344
-7679.627290043125 -852.1937461339494
-8186.660269920436 -789.3458566982135
-3870.9123809931743 124.28012864898301
-1516.8055160975218 7159.188952057568
3078.3920339075157 -8711.527937605282
-6146.5802222415 -462.1648635816018
-4610.193794199396 -9430.185121242765
2311.3862256460707 -2190.3566269433813
-3448.059025405996 5466.257340308013
9551.627158635016 -5825.607057640303
-5973.105520809924 4342.738229332659
1757.6557214429758 9861.364266951401
-1771.4354130803713 -7615.703674904288
9389.742457694018 8307.759117715173
-8229.930569321505 -5278.484471596863
5249.676034886965 -3507.5671121667183
-7393.62591047676 -9718.83336304291
5184.928669242076 292.2423468656052
7452.129787264406 9075.050836018494
-8388.933452407045 -9549.023136793237
7733.633477156734 2925.2195417533894
4972.637914747111 4598.495461592864
-662.272087503994 5033.895519809035
6329.188462224003 -2269.6539025538095
-450.6320125551847 7341.571464724351
5444.452302650037 -1344.195069649224
-176.5253065543111 6276.933540212947
-6926.817391890905 -6855.0783987574705
1415.626389484043 -2712.610262432542
-6418.522792836569 -4147.174761402363
2400.01269657014 -3550.829217217153
4602.879784648725 -7427.815823957924
9232.017513338244 -6508.907775060818
-5876.07769509801 -8037.610403206465
3766.672386324686 -5273.745918651822
2209.2041174447113 1626.669658961595
-2476.8534196120236 -3328.9102103366113
4517.4843250232425 -2743.985519920094
8989.344752346344 1541.3411799676633
-2173.3058510783558 5531.431845728892
6889.576372951142 4349.693179857146
3977.162828409637 -8426.272202883247
-7407.810241565718 7989.9518968084885
-2041.2305600546342 9952.641436260998
8212.941038306573 -2522.186851752528
8309.13384941817 4614.844599594213
-6526.191256264319 7428.421290851566
-6443.633638875386 7562.944057579967
-5994.1667557990595 7886.073151715129
7131.303924043612 8715.313424371441
6538.503914655994 -7218.418928753927
4990.566826987695 -9900.796824518939
-7702.907966063978 2577.9656765131003
5133.171275172417 -3622.736412741243
-1066.7479851796288 8075.297053758342
-3740.152026942942 -9319.746219126075
3443.117313523009 5880.675262486218
-5984.38287419179 -183.6304831497273
3781.0136724774366 7709.4801124531805
-2427.425408137291 6150.2880428515855
5255.833401617798 5469.1883938919
6751.257636236238 -5207.333529263514
9301.008045869632 1987.207222737863
445.3600927431162 -5786.493585999946
-3162.0710841716136 -6720.6737058413355
-9194.028163584513 -4009.5619561592266
6206.57441497296 -7584.43546952285
-5542.075194979652 5125.645396225404
-3484.0041268568566 -2674.689787642008
1962.2409669490153 -3787.2022587312567
1271.2448267006075 5293.849192321251
-194.9308062405944 -7291.978139889617
-5737.804572917229 5437.500156109341
5384.918027188314 6656.596499308445
9953.659723774592 -2895.2528626384974
-5213.606063057637 -5550.290254562584
3995.072076243343 6935.920383984205
-4429.948232048673 533.2773838891953
5971.938892442509 -9775.887084568847
2374.3884565807984 -4536.524226143397
6150.147492123584 3255.202926374279
-8182.604300672727 7301.298472289225
-9281.852145117753 2464.982044199609
5001.514339167452 -3938.8988227935615
-4089.0906065955205 3536.5709415514266
-9132.777672265578 9775.758409433496
-9596.526915447046 -1028.5661752612232
1706.9062810719515 7713.712049152378
-2509.1714482747047 6202.487960478169
3342.067381251063 1380.8398331189692
-6175.266197628633 -22.067197464277342
6783.31773933952 7162.745174639316
9857.02725373955 -7470.399361450773
5634.0339231406 5810.7029243344405
8642.861762376862 2949.776231361833
-5935.063245281815 3447.174478020519
-5713.779169399089 3235.5928721841537
3878.275301138163 6364.448896372305
-936.0367752924085 2620.2663292411326
-4003.304895940145 -2387.3796750008487
-856.4392049310627 -5904.413799979371
-8346.714210661614 -2779.2156622052144
-7186.402048181799 -2559.760398688846
-8374.30360206758 -132.03005151126308
2275.0031345356383 -8396.298484592224
8048.624575774247 -6081.997204315068
-9705.105656855381 -4044.4275341461753
2655.3885157624027 -6044.868915482926
-3596.1734251275493 -5304.584033132185
7740.691968748655 5304.917941511982
-6178.872353468947 1628.2905409066134
1703.105845333701 3497.548727407726
7921.92808868891 -6453.667393577183
-282.80743528301537 -5771.632760761165
-186.6144229689562 -383.09216872287107
1901.6047818110055 93.10276902684927
4466.5155455194035 1462.9923411181026
-3709.099474508018 -777.0871415910151
1853.9481323861291 -5968.382638081466
1985.217804101807 -2082.981929542835
-8327.170603110724 881.3518571151726
-956.6399315585477 -5531.635436706459
-2513.9954053105475 9179.96381882577
6001.254203085584 4600.406668037838
4493.5113566257205 9488.554240465062
-6660.8599572595085 -9719.248828175932
-3349.6677276363143 -6681.385770019728
1787.2672660943936 3150.0738111436804
3475.2506282602026 -2516.389251471407
8051.271374011936 1402.362484171248
-5350.433918563284 8426.86246290958
7354.816141185085 4675.204404398572
-8616.669144705731 -8007.370752160447
2138.4899757070543 -4643.509788153928
-2469.3234833013403 -5482.515683552385
-679.6511088900806 -3313.4380012686624
-9435.30014748639 9654.206431272694
4714.914356595022 -1867.5097457816546
-7223.708480777001 2000.5734698323668
2523.8267648871442 -3266.178476671009
6440.192893714466 3390.608750488196
252.77560532996904 -533.2079778913521
3195.474575428996 -9384.02448623839
4975.719624145349 6146.662091442706
7516.529676876238 -5619.62636935915
-4441.16818731515 4985.48058261559
6904.596193295867 -1550.0411797947509
7272.9947873173915 3645.244201345213
-2691.289175238773 5247.94711164046
-9834.91076821921 7474.075387683501
-8711.083991710902 9551.73187600273
624.724013451254 3585.6966223138006
-1436.5574643627351 -4514.006791757985
-3225.547746876773 -5459.866404253337
-6164.499107307925 -6334.5578882461905
-7372.061809717392 8606.240416181383
-4825.790867371958 5125.987407961886
3401.935074597948 -5065.70406249772
7728.1104770064485 -3406.721184958643
4934.346252697833 -8560.43251328557
2178.6207852823663 -2327.2672716575935
-6147.951648446803 -9204.590159329147
-4905.334228640297 4705.302195484244
-8051.448080454275 5657.109302998866
-771.3347584244602 -1681.5882043576185
8172.99981659709 8085.347317761356
-4202.0645751727725 -7888.371209748803
-5301.61179780622 -9889.187257942116
7924.480264109636 8451.808151069476
9728.320217085504 2479.144732107634
4660.054267525977 4012.5924463130414
9017.995077148582 -3161.949498755852
-1597.7209640071414 2478.316654131302
-9473.450761407004 2976.0916319481676
-4988.4893894619545 -5257.4881868776965
-7815.730634155489 -2804.7069905916924
-4432.948362335806 -2033.6290261851618
-8550.396657833702 497.38965833961265
-8544.782902467143 4022.6840290323908
-2852.6950876486135 5986.1634759334465
360.663684272562 -4864.0879395156135
-979.5524823340256 -6263.989048149594
-263.70363226015434 -60.767594098511836
8495.454933325782 8349.501963556093
6455.984314585014 6704.5218639175
5350.701672680911 9524.377212836389
6608.204817802216 2161.4345007159172
-704.3628358459137 -826.9322763443342
-2232.33761414094 4106.848723566467
2908.8026162398382 -14.513394929321294
7585.8172285018045 3916.150481062692
-7050.492731887228 9798.497484294236
-2829.8227457992734 -8897.052346616521
-9250.65434871785 3733.1136808431947
5476.102547431343 -3766.0166113076075
-793.8703738442582 1783.1508668395309
1813.7923825750404 791.1653745641688
-6155.762685063413 3386.7031098027237
7577.009868313897 2982.7898668976177
-1528.2372214844036 -7515.535057210236
5429.0326425608855 -2958.814877091043
2156.274786908183 -3333.4076265649746
-5564.806741081969 204.17042275072527
-6442.608235027407 2232.4415070409723
-6989.688385134065 6362.867491656261
1095.7851441497842 3335.1745216950058
-1946.8014984180245 -1731.4337164120207
-6995.36806345298 -2144.101235029685
-1730.663241760567 -8773.49364019953
-9999.054206428615 -4750.362505209005
-7563.2588566465665 -9635.42104522638
-4869.380650866513 -7671.89599396984
-751.0888477937278 850.1237987849836
-9717.589828744694 1791.8998983242764
4372.691618189301 -4161.852862276858
6932.528852121723 5297.415533959378
-7512.235101333465 469.4344814773194
9872.866447429704 7941.367366818067
-2671.5949661393815 -8102.795881234928
-3007.6684447447087 -5731.437205729546
-8872.967645413357 5106.0952906779385
-4377.8474193895645 7256.139983663608
6363.00706467025 -7802.568338630948
6522.421610902009 -8799.815524543013
-2650.990080046101 8849.87914473169
-9721.447371056856 -2971.7136011443527
6941.27309559378 -4175.249947391575
7692.7390451601605 4284.248905220171
4538.809510139339 5670.381733947721
-4303.100400693535 7878.821222021037
5540.718466450469 -4809.843686928374
3380.0091872428293 9672.989482169069
9559.539307596842 2773.8997383619553
8914.11108331283 5058.000587054719
4942.5254878206 -3647.45529233909
7479.729155854737 2918.9700765617818
531.6366077981365 -7478.901391720461
2732.7804275702947 3716.565164297823
2096.9329749314766 -9714.872622054407
9921.522101015456 4893.913587577077
-9493.0271195624 -6078.90567797181
7453.448942283838 5413.558480582364
1453.717994542014 -1398.913299689022
-4471.516449432645 1951.9117199274788
-7571.638625763912 -282.4210257227969
-4603.81288903402 8126.339243252838
-8351.614710753145 2254.077637604887
-9138.8488603534 5102.648422245331
-4234.910974494605 -9917.389711983644
-5147.8949100713 7028.417167616928
-1565.3033925725995 6729.212731604352
-1813.2852292134903 -2039.7453969820426
-9784.899832417963 -1066.304947438999
5105.420609338187 8300.737113411713
-8245.835805044182 2240.1472589462537
714.0980358968554 8233.427013538323
6864.4539503035085 3889.7837494569812
9166.709183864346 3242.032834098927
9833.13039507814 2447.8934725542003
8235.532567148293 2522.4254863801707
-7805.316884352664 -4118.188713965103
5857.959529300122 -5056.118149901785
8198.060443803184 -9783.010055132683
-2684.7475772847647 9188.586634270541
-4671.3226201894395 9433.400353429253
7890.063414519394 -5203.9227636577425
6499.67413251369 3924.649123450332
5165.9315155109125 -938.0328452126905
-6094.281081161587 -372.64169450148984
-2426.6420722347284 -8912.046949330843
-8963.460300163908 2838.5056880236243
1353.4928299955882 -1247.2494755821026
8976.291270928814 -3226.4142854107195
-3198.146888072195 -3028.7233397614254
-4131.2451205726975 -4921.402686845562
6470.906921762067 -3667.9639611402836
4307.289301533101 -5205.966985989629
-7048.236009115701 -9949.658734780129
-9587.657510971594 -3320.8044917352627
-8078.384849497986 4147.639065715219
-9511.744432306894 -5659.68451445555
7334.976216270905 864.8803706006693
6404.982060176568 -4733.881413768204
-46.80739214018831 8540.524595706062
-770.7350837178601 6659.625237037231
-2151.9334080671615 -7468.573670506788
2133.706533052835 -3134.856014797867
8081.883061533594 1227.5031075707957
-1758.9127280499742 9224.554749728693
-7542.4951257987 -1191.2511351099965
6815.184174752576 -642.847260047105
7048.625794513409 -7884.191998450015
2088.248810311883 9142.465424959824
-4838.3348912097745 -7147.0199529730835
-6980.783615416024 1095.625264572318
6447.204425641983 8315.184957727688
-594.3828491558124 -4639.980564790325
-8929.734697131315 3928.0719151064477
-9973.930094446387 -1797.8833765665895
7165.136845329926 9113.115901400248
1869.1428349682974 5678.502795666613
2241.86592827626 4337.19456164381
-3991.723361158044 9055.334773569175
4777.935011506386 -8321.198475757936
5311.367375588967 -404.434737142481
-9079.951710388583 -6159.291797798456
-8072.485336955435 9489.448614319012
-6962.6380647243495 7261.530556868871
-1627.6592766075028 -7010.997556658598
-8191.0986839907855 -6173.664622796408
5037.209764457975 7217.246198110839
1594.302829443328 -7350.943983722056
-923.4426069092679 -4341.8003904848665
28.439747489343063 8497.151162375267
-5118.530558941725 8993.776941794273
7096.8844549051755 6651.608262893471
4726.545601253687 -2261.127410684283
6390.57646323798 -4656.977846139954
-319.01831709438557 -963.9088111563724
1804.4615752131485 6377.168815986794
5503.733411066603 -3993.2805845860257
-3363.7186895640616 -7838.880295848212
5996.501369470347 -7785.286206933246
8858.097848789192 3063.6256724914747
-2832.788814518596 -3914.3847305365816
-3725.4599087116194 -7108.871808884643
9560.548987021779 -9467.53239266412
-1651.8332253761018 2233.4410815286083
-6758.975672123659 -8424.02590724604
7663.751580298136 9530.775137338725
167.95002000493514 -3593.724349639011
3319.6951035473703 -2063.5470333028106
2080.6112903570684 6118.899117033025
-9023.82242945762 2397.311263658521
8515.832417977279 1267.5702029857039
-143.92283786998814 -4153.563074868578
-790.9784261290115 9411.752690389465
5686.075029309699 6000.559992533148
-2116.2833984930885 -7003.075058960737
381.78324635865283 4977.051634507541
-9686.469958627385 3190.7618405099747
-5777.864952387994 2793.1661242331083
8544.315855639 -9291.453150113646
-5675.316471400019 2782.7944479903927
5293.281225130513 -1803.7027482276098
-5575.145763338723 2063.6660327433437
7795.674272763026 400.2406004413442
-4721.377891109178 3410.593733592641
8748.579800401963 8136.434498893381
-7550.538085278937 6238.004186963999
3505.270375288763 9984.480492660969
-1193.1437534321285 3867.6583304375526
-2697.5416266315324 -8335.560167045143
-7244.971113565654 -8144.8764404891435
4056.704490255288 7216.210841920638
26.989591823608862 7871.212019502724
-854.85513496561 -1614.208998345648
6820.382499142241 -2517.7466124026696
-7410.397374359101 9032.995758185309
5118.026821164767 -7854.259317095315
-3807.9421922388265 -89.63398812783089
7227.456609515706 -4164.48217501427
8423.357155672398 -4176.846650516799
-4109.829997301799 4933.3694694773185
-5754.052485197294 -8034.575527496375
-1247.307646670337 -7628.508517312871
-6444.671726783456 9137.489190117241
-8442.013669605276 -8516.994163657357
-8446.183047056084 -1414.9976442913212
3107.1250572242225 -2384.670281265735
7124.137692423021 -3639.7411302839246
-3142.431403662973 6283.859376727614
1149.2407256429979 -5608.652056228904
-1034.2230894272707 5491.0944593003605
-4271.329635936956 -9145.01287045348
-9351.685983211271 -3191.0201828448526
7370.708993233591 5984.027399311644
3926.9807525233355 -5080.098227639369
-7506.581780069637 1100.7595441094581
-5860.049619317123 8534.424243274589
1946.6250193885353 -1547.683151800169
-9957.741086329492 -3048.481914354593
2770.783943923001 7334.626026358339
2885.427536774756 5999.684357635431
-9962.426515353236 -1973.4871598243117
9557.388576899328 -5304.971561138989
-629.0261312107577 9215.723620900411
-8319.694576768508 9675.004051167409
1626.4925775416777 6883.782695886155
-7494.732386919045 8314.200532683477
-4789.896490414123 -6973.239603282755
6509.260977240036 -6598.802918966499
8647.370729422877 -8875.81711994276
2791.216081452434 2353.1728818844695
6267.1417035883405 -8071.526880828887
2680.337826837056 -7832.390409254659
-6756.907192129067 7932.465270378751
4411.334353904946 -2341.9108040332894
2740.3170167124317 -2217.3082788513
-6712.433682051246 -5006.16496996664
-2456.93755375004 2941.303485136348
-5555.4599109965475 -4839.693748412977
-8706.388954917345 8059.629660607956
-2857.421476097855 2680.8177166993137
-9648.775122737208 -6188.444884145854
4458.914104670224 3786.7966350862425
-3716.034002902793 -3654.971434980359
315.8396809197584 -4803.034736069498
-8864.88409502772 1045.1951572264988
-3027.02128354039 9763.375854578237
-7140.169858456593 -37.21793857773082
-9571.873193664615 -1535.1053585907684
-3293.4429381832488 -7953.463370386211
8612.53009669471 9576.37654102187
