1149
-2945.7472786498265 -6425.14724461186
3107.3907212529357 -6030.617930825412
3359.748005702255 -2164.7794717751267
-1565.5130603181697 8569.255448243199
8815.32642450848 4098.952205271296
8466.004623122386 -3225.0729374807934
995.4871286853104 -7946.0942522891155
1586.4555602698656 -9309.802795856893
8470.779076546667 8016.467712321675
6794.288477275342 -4912.350103752441
-2919.388341543774 -9292.234751234
-3940.9659869396974 7943.595722289181
4305.669169377479 -7500.96920339006
-8035.356777880238 8689.78392680901
-1167.1598237397047 -1307.357607644204
436.99953584984905 -4218.38258317818
8596.954264732085 -2496.9685776378547
-1392.5175688130385 1842.7566084878163
9900.038094365285 1624.2910997882173
1243.365938920626 9431.15672147998
-7349.7940963559995 8618.988334951813
5679.748659604185 -6618.262307285811
-7671.300898373285 -8164.670463122096
-5183.386719089746 6716.04560057689
7985.01009912659 -3842.5096900839435
498.51611760706146 6269.415353374963
7376.417000104284 -6383.424311995763
-4526.676260934559 1471.30487888467
-4690.329652045193 -7262.667029429473
-8869.691453441967 5124.625658383151
9308.979211007845 -7531.606313784076
-9653.165592818537 8565.055695382704
7925.844179059164 6641.481567745068
26.752604769120808 -4758.540011798144
-8677.298320148777 -1872.3240342611543
6292.5497175205255 6543.729725909641
1203.73658194189 -6793.521433238015
-3202.805106462987 1614.4756725701973
7732.6378001967605 -3863.9154103896108
-749.4792072556793 8916.19007217454
4768.474627100744 -8489.076992088245
-6991.0903637885385 -8514.362424629388
1567.2737842999013 7715.175477692468
1455.931294909933 92.39416059804898
-961.7114409786209 -1371.3501267203883
6905.513368787535 8928.609491385861
-8289.647810254939 2714.035891332187
6888.104677156578 -3007.7755934809084
2755.1247168050213 -1287.7717694608036
-9065.776957425694 -5013.971699708531
-1269.5685889778688 -4604.946017460778
348.66510356338586 2340.1074074134212
3148.3154139807684 9172.409515810545
-27.424761464937546 -8124.623387611838
-6461.179986085863 -2176.5505771557046
559.4712641424721 661.0526360659933
5371.929791464698 -8780.852740603992
3145.231121934208 -5220.911211429065
-1983.4971886461435 -9373.812355001854
-7329.048076819647 -7006.272625970009
2856.4324143429003 -2970.1870890311448
7121.498396942698 -265.49199380973005
-8249.313617251039 -4114.09492645233
-9428.534144840909 -8663.797418395281
-4784.728012687154 -9189.76541854223
3784.186396175224 1139.3216537099343
4021.5882370024483 1935.4683244834196
-5611.686632657497 -1160.0148964392647
5347.027108471822 6014.184699306508
160.4289920781448 -2611.8987805212337
-4819.903721853302 -5181.20539901645
-6428.977787729617 6767.9704598095595
-7626.264242376386 5986.936990852639
-6494.908385847067 8155.56933816092
-3443.07886530985 -3816.4465657722376
-9052.465655811957 4231.934153443768
2056.028435246373 298.5234018645606
-572.6081564722826 -8157.777008637455
3043.8699487459144 -7628.617490263985
8143.917663758602 1725.1869536596769
1325.6938834670545 -5967.688481007632
5951.36015066296 -3302.0676032443916
-2512.1401352954617 4471.235493031296
-2241.770049856548 -5533.973161861969
8576.303116638217 -7705.470319095329
-8599.238842004524 4139.143837178712
-8961.693778980401 -5898.510620325123
-7320.846388631418 -3432.398421499228
-3647.48750277607 7210.365255250101
8999.10363243458 7775.31356360783
8588.500555624447 4686.4401613209975
7940.038137817079 2049.8151004541196
8078.675309880833 -327.74105012105065
6075.36301678165 -3339.8074701850455
-6548.391190811182 2992.80196487558
-4501.0407959893355 -6291.101394218162
-4532.614301315006 -6893.978024431921
-9233.957232164074 -3716.4110564040166
-9588.083689372213 -9308.151559816022
-2664.5628850266157 5860.273776346032
8248.574734635833 1520.4002697891192
4104.196373106877 5819.2380781405445
-8708.062736915299 712.8078280419923
7254.422797282361 -8029.668419543259
-7140.20574969495 -894.2881462949754
386.04152930238524 -4855.602761283178
-7823.977681653593 -1846.8547314512061
-3211.811482330969 -6807.248531429701
1738.3032913786774 3647.1792967608035
3705.781947013771 -9853.203926697848
-3568.915806913482 -9488.645340556346
5586.745089332475 8824.988501991222
-144.41328751589572 -8981.412615632975
-6450.728904012497 -165.43645040057163
2665.0649311170673 -2992.1127830542328
1687.4038243534978 -5299.452609915265
134.93283699072344 3021.8866219374395
-2662.8632173282886 3764.7613400354057
1763.7777290545455 -8240.164676551192
2054.1206385904043 532.6782812437305
4392.68912835166 -4161.633438696824
-7192.005831095154 3306.140913867266
-7853.264544313468 575.0046260423769
8777.236246108332 2225.1089617804155
-8556.173482034545 1357.0319507286804
8132.371934887382 5251.761677585822
7382.606680060337 -3869.0036025209974
1324.2422499308595 -9834.555715326978
-987.563745491565 -1354.2048852726111
-7352.023635916636 -8702.920434873684
-4695.091194617517 1304.920755595118
-9767.800863893626 -483.14163981450656
-8912.218573945302 -2168.8790078306038
-3893.0829898886122 -8100.856729936514
-7231.425495609532 -4580.625773301213
2632.4295703785538 -6476.299653487547
7366.531341271231 3651.7398780068506
-674.4766573682646 8032.52018728897
5188.010142993986 3170.2991196887106
-5001.891018860043 -4153.3566042190405
-3578.197737890414 -9047.94002422749
4127.368730720347 9357.57271605873
4997.274192208333 -8997.646720965873
-6494.614082333614 -7057.003747543176
-760.3710510086858 9380.903001815986
-4529.859749555376 2316.714293477562
8173.001020699761 697.4158790188139
7398.650442020717 -7492.188917199475
-5236.505167754614 -438.8165254611231
-6353.036924460438 6674.271323738056
-7039.309233603463 -5058.148580120563
5750.577232171019 8991.402115037272
4087.5415455043985 7996.164317324878
-547.1810190195138 4015.5680042172135
9944.996192915038 -5361.841964723677
-6992.428659533589 -7791.0908840788725
-5060.913024077578 -7022.092528724795
206.6753179430798 6720.871389619053
-2395.37262173366 -7273.371618797
3711.236579492932 57.52430667124099
-6908.926389997512 -1236.4530689610965
9519.95042989032 929.8096719528367
2492.501714325499 -5717.35719172676
1786.4976086967636 1357.01093250725
-7654.925607254358 285.0084132780539
-1298.0557637592046 2011.8963981752931
8181.759319470926 -2344.7773595428507
-5213.005349284232 -170.8597155994703
-274.5207799859145 5657.805306231638
2692.8568241141365 6058.784481134164
2118.2786444450758 -3587.531820411825
-1511.6212184371961 -4768.335192556064
-2474.5093770751937 8754.525722186514
8415.018857224895 5913.868867561492
-5479.693139585842 6859.507917608134
-7779.865378782715 2662.4631841650516
8845.546250736606 9108.645814748903
-1567.0420164749303 5254.87408671782
8465.833997825273 -9105.418659302064
-9673.448336754149 -3950.5298901976803
-1735.1962854073172 1414.2905902241691
7812.9335443284945 9245.040328029274
5308.3410712579225 8968.880466156537
147.4715170434647 6842.02858502014
4286.302269337804 1887.5635169183515
-2927.447111330346 -4731.46005001805
-5438.465977467126 2915.778605651989
1909.4357285828955 -6080.722407906174
5196.434958621301 3755.0788276562416
9111.10591696683 -7734.251351559982
2393.7075753553254 -6584.932825629723
-9082.141675979985 5731.208658703794
4979.349127771979 -864.6897802626627
3011.233690939609 2183.9920107811213
-2127.6576599065984 1857.8265064884763
7440.849083147437 688.0138611246748
-9073.093901564454 9578.390592682423
2602.5613263512987 2059.399879654069
1099.5800070270143 -8622.440307863433
4675.313624194801 -3186.6521068990014
-415.179557341924 -7470.01646846211
2677.9203932578293 -9754.516260677205
2379.1863741674315 6813.208094705384
-9814.049206461335 6677.131967601614
-7324.3913926752 -4015.148509664142
752.7801624860622 5304.073571715118
6555.63676618136 -1630.32347941614
1207.7789552499016 -1376.4740969652412
9638.965091463568 -1404.2548912326038
7258.522310754604 -8925.771051894606
1665.9447663907613 -1258.503614062245
-797.1911571790697 -9690.313524638826
8430.199652612599 -2496.7570619963153
-7939.827090269613 6434.755588143224
-3955.1390792331586 8465.244272788586
-5938.502898801849 5570.94747739549
-8782.64610622655 -8847.840696800056
-9810.77413560068 3275.9488576798285
-6975.936621029368 9266.349732434592
-6660.407331967821 -9371.965648673078
-3382.376892443417 9360.154197976859
-5317.822264479671 1196.1929039068364
-2634.030037420752 -9834.090718562356
-3078.9825761597103 -9348.0477369835
5113.714097004346 7904.1598091705055
9415.402002065031 -7560.962653706049
-7427.207417530957 -3886.863575095629
2497.3895347033576 -7297.841453049072
9290.754567897413 9890.260994412576
-173.01566245995673 -4413.623503450064
-6788.535759447312 -6090.927748122365
-7745.173702168267 6053.654963143294
5534.387345226969 1172.640585541647
4416.14621103617 1523.3585395230311
1395.0534283653597 -4812.820864002339
-3841.352718413871 -4071.3796193845765
8830.67111811478 -7912.770924418577
-5089.116993738585 190.64771111429036
1561.30614147509 1216.4461095624501
-7773.399287791963 -8351.793337234896
-2691.5884218682077 2765.6712014144214
-2005.5627361205115 1639.6634778528369
-7311.074595170788 -707.3723009112746
9181.24298855411 -4779.868070690325
-1835.4513213889213 -5704.757427612226
-3518.7621402292034 9906.427353798801
2092.221822489457 5483.242853352094
1872.0899557522298 1377.6821981918602
-8386.77090468795 -7009.6617552888765
-7167.075616566994 -6780.365942146089
9934.760991110117 -6508.04201281812
-5141.8267536591575 5085.759605452864
-5500.8197716997565 41.15760019818117
2905.086188033725 -941.4233959357807
-1397.3737595610273 -5592.018482952714
-5458.381617341744 -2470.405982088555
-9783.979065124242 3805.2117505486804
-7184.662090470249 7576.553203865838
6077.926563509 -2893.9083234637383
-4757.126074270011 -3398.2531510775198
-3429.8763057131864 -2992.7211311963983
-3176.6398186926217 1905.3738009408153
7453.175799392695 4062.9233486359444
9608.21685808276 2903.0291074601264
8230.663543073191 6113.432924112307
-886.4745953927195 -1143.4024550988634
-6272.836158521266 2355.1436005314845
-1259.8408356035525 -2727.0355720499565
-4593.529581073048 5144.765409991585
7370.738344269717 8535.123643827883
2022.9463811776532 -5394.868623969067
2441.3770721323017 865.4121075500498
5390.312950346224 -8803.56536807637
-8959.886652785435 -3619.241591778299
-3631.418738414769 -360.20375326062094
-5037.206868544843 3784.9876038261664
-1388.758196136434 3927.657525112938
2161.1163140641347 6153.388525983852
3181.2324375806147 -2371.845491689328
-3353.567850446877 -6700.107311697164
-4164.388761606859 -3711.7218787857073
1666.792774288524 7377.382337902618
-9404.732320263072 -536.7070964600716
-3146.3213745249495 -2353.20654610766
-1842.5901903011545 8747.52987002608
-961.2917418695561 -4239.156360165217
5774.976233927835 5154.337811590334
8569.559531809915 6443.358222670529
6418.520811678562 4290.621315601067
-1791.7697866952913 105.34350634721886
9352.530934880022 994.0636123845197
73.67636403810684 -6275.91047130958
-8300.457943637783 6448.77082643074
7594.767973974602 -5778.240718631729
-8868.181547642293 -9732.24327565052
-5931.586566877408 -5384.928389967671
-6478.217549925084 7628.309001307771
-2828.395350639803 -2632.1643492104595
-3801.2358946199056 -2731.0311244662607
9655.046769204826 -8336.740014810162
7401.071971208607 4.4847323238391255
-9550.06092139133 -8276.892477607833
-4421.224629807305 9387.776255297358
7548.378376799159 -8164.065899044524
8393.996695600697 6245.587735154528
4271.767993991298 -9583.207673530711
581.9312624514932 7037.174977349579
3920.5182721996553 205.9442462653733
2277.1956239746905 -7666.978707085621
-5697.771821815043 -5375.706898353538
4976.539186143516 -3816.7634951195196
3264.448133201451 1338.3729741086718
1000.3343847083052 9742.947411465357
9112.030694853791 3247.9278768871445
4131.68568464467 3244.6479551318535
5667.9781140028335 4394.236116484923
4053.3906292332176 -744.8721493394423
740.6035510217116 3697.5101738961366
5269.407305798413 -2872.738916834758
8888.733188587597 -7033.146083683572
-7611.132763586821 -6345.41215123359
4630.574721439889 -2713.5885108958746
7967.106377288372 8159.277693392927
-9379.209440768123 5666.507675543995
6539.563523844659 1591.7279416961865
6824.218598962336 -2241.27612607639
-949.167609241149 -1307.3069565442693
1343.5882511692835 -1530.9814472108192
5572.527883995759 -133.4921369226322
1312.4878173558282 6463.1560056568305
-8979.937119335335 5136.62484000175
3143.739990115255 4843.861376614022
8519.817721790805 6402.325989634803
5427.260514102949 -7310.723453590773
-1855.4010171254486 -3811.8474798062744
-5099.631711954242 -5322.551531366313
4926.690856614408 -8824.776764704638
6167.425128636178 -7318.25958243681
9374.20642976585 -2973.7087107446696
9224.596347360919 -1992.7963559180562
6157.852030168266 7364.033219368288
-4650.575094053657 5848.118194664956
2201.6265545661718 -5765.276031243618
-8456.192122391893 4582.0511022837145
-5897.617591555282 9987.105377032782
-3527.1043251025394 -8324.048117684346
6619.580760110744 1218.9197453071738
-3278.68918446496 -4735.053025773186
8917.977954424576 -5708.776715478139
-8807.987634331175 -4125.334232418793
-6687.605634124246 8883.26272535036
3602.0264106112427 6293.0739183503465
2455.113085869103 -8841.651705498894
-1716.826187657287 -742.0445374995488
5222.864331537605 -8666.186425732301
-7125.170913035994 -7588.667358781975
9001.768160800646 1795.8085188571222
2999.65397104572 7882.28100298563
-3365.004272162926 1372.3317648500815
-1357.8416051444838 -105.25895156095976
9989.334075797993 -1024.4404708959137
-296.16505644111385 7957.087859752606
8913.233390149358 -4452.815157408012
9087.536062239556 5475.383098143449
-5699.674781868065 7088.145007261814
-4332.340973487046 -5957.619612529499
-2961.1877155656166 -6473.238644988884
-3368.3933716962056 2189.516423246958
818.5234445986825 -1723.0244782249174
8931.915325095546 4049.276187128031
6083.851083817457 1561.0265184413765
2967.324685758069 -1839.5238245479131
-5137.82178139949 6918.559770803746
-1885.010640298492 -440.8366253911481
1763.8168068114028 -5203.168839976135
9364.924946156527 -667.0085412103854
-4859.109802308725 9714.30274216305
7061.700890207976 -5022.917177026067
4208.982184209566 -1787.3907169462727
7637.284892980497 -7825.454899875282
-7123.19883203805 3659.504983232093
-7777.143252822356 4034.970633476625
-904.4989275364951 -9061.917607000247
-7843.680335962864 7359.397743791684
9730.711209984569 -844.8170564605243
5656.136593102881 -2839.6273789927036
5276.731776213353 3724.60310113396
-1688.9770487858514 -9549.095515415793
6173.760744839259 -9471.664208341022
-8461.052209274345 8226.265919981593
3055.4251041227944 4331.752119774492
-2202.216424632342 -9402.254526699999
-3054.7137249977777 -8773.714625353145
-916.1373178140293 -5802.391413922532
-7762.589552046233 -9404.173916537702
6133.604190370581 3259.6994541247805
-4762.51297841551 5950.713082525854
-252.72777914038124 -3809.75857801259
-5892.6031419556275 -4054.168646843832
2782.845664622433 7978.58360520528
-7752.477253406587 -3002.980160987325
1621.8762631836707 -4542.2297958399895
-3532.4774458632446 -2867.385765779125
9288.11957073442 7209.981936173874
3737.666699673284 7064.63223593598
-1096.3640313313408 2822.0494094534024
5879.27088779973 -1063.2496351148202
-4204.043644995705 -2768.6085745727196
244.14247165892266 5803.881479576481
-676.1831889654859 5062.896363732796
-3750.619020013537 -4379.1803173690805
-8632.122571152366 7142.409790049704
2575.2652671315464 -7634.921982635432
-2563.2593548765435 -3217.341449537601
7900.378053517783 -6108.310721844871
-1532.5115280011541 6972.5882597299715
9239.515931275891 -8784.587165496207
6653.878461770764 -8738.743108152185
-3733.653531375012 7138.433077563783
-2985.7761712236997 -9087.426603425349
7444.171968518269 3489.2997952937876
7914.906000576906 8817.336234241102
-5645.425197320533 -4288.4894865724555
8394.368674956375 6684.171315944735
4305.119268884486 1137.7967242434443
-2113.6549389231686 6191.143019143976
-1886.3083390937181 -6991.170301909031
-5180.019657110979 7064.944492137929
-91.52898526847821 -3857.2823354029824
4578.41998381894 -4535.245632024434
8848.922304267071 2134.320687132682
-5573.6670507978415 4582.98061352024
8864.618228849984 2061.072072212979
3270.7513967914565 6035.289141764646
-8174.909407237729 -7105.357292759771
-2501.484197564123 -4602.548729478885
1995.3359033937504 -9834.551104152048
-9362.488516697738 8156.720286549567
-4802.013653439956 -6100.34653040551
-5782.1954804526495 3380.584592899764
4794.574386040331 7445.9737021933615
-37.32983168106148 1565.9158964019607
-1585.267989066544 -467.74077237900383
9318.435477638988 416.68049754462663
-5696.4485308236035 8739.462310146726
5335.9491778061165 -2291.4652876432347
4223.763810030081 -3446.7204883441545
4045.4011887462857 3933.792514201994
1040.7809679881466 251.39864563042283
7720.121563705459 9080.39886980463
-6564.939767625695 106.9423681629869
-9196.099050671826 -2316.2997689642407
7627.657256564486 -3263.6434438504393
780.2654534567973 4199.971549780275
6571.237056440037 -6107.3579011004385
-9108.936988808182 6785.794986309829
750.218583882388 -397.5026802847133
-634.3881481201242 -8272.437802308812
1550.1383319269971 -5731.4203509971585
-9299.429609679519 3050.511937803458
-1902.27929127692 8205.762736336772
-1465.3965500460872 2246.8850277692927
1539.5474424615277 3052.91510619807
-3209.1912044893943 1597.9229406124196
-3081.3615400180997 1599.3891292089502
-3986.208695695823 1224.5980961499808
-7875.362020399722 -1211.9467948412275
-4792.832249794574 -5212.8755919724435
-4165.270407358837 -6995.626978353164
-4018.806058475013 -8336.557746638224
-8071.200568294607 1233.6890640446636
5449.115326582225 -5527.961986589334
6553.771840346337 4266.50293904588
-2935.2558879793623 9964.61128244458
5828.452500186368 8854.238474515827
4472.6735419670185 -1400.7447214845743
-2878.3845675297352 -7434.405192558272
-7553.549421285755 3514.9768548164957
-5097.514082566621 -5933.720772809806
1118.9215421563276 3163.54435320819
-6645.838470429066 6642.543460797857
-5037.105050100372 3514.7872421433876
2256.937476552621 6011.62466459918
6359.143637941836 5536.654055349834
-9910.102032720151 -5190.172420417131
5092.6949648997215 -8438.526003844363
-1134.4582405030742 -4378.339139008332
9747.259601218764 -9814.973527752267
8903.620196885091 -7988.91868217606
4721.549920469903 3505.185385654646
-1433.2254247287474 2738.563703658023
-2529.8500343629084 -7207.944870409986
3921.9540604965478 -1804.6325919991305
4575.506054109033 -908.326796938718
-3641.982958158954 -9940.970191678258
-7613.490285137148 3800.510609095607
2381.314100510277 5271.769620327124
-1786.9458550504587 -9091.840670658898
9127.460829761258 -6333.859327485754
1444.8498089312216 -2609.2488997289247
-8431.084021589588 -5090.065253577621
466.6925290293311 -8852.196843771117
2964.3842066765283 4914.985803841764
871.2785906541303 -3089.645182319434
8787.470891172736 -5547.815482879628
-6775.421034512199 -291.59912605278987
-3811.5773641154974 3437.67182665206
-5482.322692842354 -7229.207485822107
-4015.810648006579 3202.8277734281546
6442.892182524927 2140.9354881675517
-7761.541051247183 6033.341366858953
5760.906407871866 -6173.239220758591
5684.711643782612 6360.291065206411
7279.5341392578885 -9036.392170649515
1561.755205054009 1208.826185234997
8343.659983292411 -1746.184934525245
9872.600507785013 -1142.2991721924718
-4760.205422627681 8856.968163271526
-3356.043523584717 4135.559103988353
6547.595022058256 -5060.089831596135
8455.010246523321 6377.533970136576
6224.602789226481 -2744.2211851191114
9320.586729796421 -8211.62677975231
89.36313246623104 -8593.512152308578
-1044.8335376778887 -4194.032508825505
-6628.008396427418 -1146.7703505222216
4510.665705088319 3031.8080338880154
-5869.836193625322 9274.72810658421
-5927.72506805519 -7607.447249886231
-2417.5977591561623 7533.131905964357
9513.067708803435 -6580.44678150461
-210.54552879116818 -6707.4097423421335
-1250.510482735399 5880.82995697305
5618.4486316721195 4245.713865287726
3006.252559055154 -527.3498900616923
-4446.571191571768 4938.272361615103
3390.558357559945 -7124.47584493976
-1330.2282122641864 2342.64876621823
-7108.014121492915 -7797.922381969833
4968.899925273174 -3384.28915413491
-5134.2207135631315 7711.930066511915
-726.3949462231012 -9113.067359880399
-2876.3149200346443 4641.349639296346
-8986.79224423401 7457.743972256896
-8052.112257717808 -906.873672779524
9481.68157494488 9453.24322191728
6660.003621934968 3154.747249063261
-7469.2224079706175 6752.572136565595
-3181.5030606209984 -5239.369792332782
-1835.9027912855772 -7065.599857882161
-5315.7126543841505 -2713.1921665002646
-6873.048642928237 -3990.873698859865
-714.2740634477359 1464.1308127753346
340.7704973355758 9869.555917958107
1230.5242623448012 7918.702337443461
-2090.2771585614173 5676.983056741192
-4646.373123185929 -7504.08471543192
-3568.8928813895336 2809.7380975485667
7356.41400336675 -1502.87914850808
-1530.0043163410173 7536.445810616795
6784.051952259575 55.618103130684176
4312.507301711588 4236.372224101198
-1995.8197619075308 -898.7072031925818
-8509.00632224101 8774.412268415665
-6708.4299734214055 -5289.079622374941
2078.335397752895 6548.40701718763
-2310.2460881460993 -1886.2325554548324
1377.444124921587 -1238.3372428411549
-5987.929659809894 -780.182549061461
4385.9753396792075 9633.667414804273
8160.94807611682 1260.577005040559
2295.1645576229057 4547.187917741872
-114.3318522522095 8980.086329075624
285.60176100961326 -5459.937017333663
2165.2549933826813 2786.414729187145
11.671616173918665 -3914.8184774970796
3594.544795640675 -3628.425611882125
5420.28529259397 -3237.7257947363632
-7532.114157295575 -1469.5585345436666
-1071.556848945027 7210.3248439446215
-1303.6550131475597 1256.9353564312496
6488.066128254886 -2340.460156236748
260.6781946185474 -4331.64375576585
4695.453374053786 3376.9884791565837
4593.75345900223 -5093.560461624298
856.6097591143789 -2479.8224389532143
-7897.499924919931 -1113.650153644252
-2201.388017417352 -7822.026563333595
-1019.1200675933724 9612.476975627313
-778.9202874643997 -1211.5460045785094
-468.2279380876371 -2247.430672079203
-1489.2772411512851 -2341.5830567687217
4407.075001020461 -8740.612782109656
4195.8458148387945 -7030.565453857936
491.73310411467173 5051.715289491047
8596.598379705978 4440.49505909925
598.8026938522453 -2885.76604792538
2730.657002269092 9727.437545944296
6709.076424922459 848.4006068112776
162.94738589767076 2674.53221105625
-819.8050870906645 6104.152946309237
-4758.099373357732 -8306.2842178417
6166.578069719577 2044.8952423755236
7043.6630429718825 9832.1615037052
2432.9127302105553 -6154.103226725591
9349.574746948718 3498.9934688696703
-5189.653007105241 2198.8755731786223
-888.8629538750447 -9642.856018857576
-7264.06099513673 9693.201938001806
-8889.398537182104 8546.477310359525
-3367.6823943862573 -8633.184182014847
4904.22139375609 -810.5180922074233
4325.926557684659 -1932.3973803166928
-8360.903394747455 -7959.022344092826
-3731.389748667546 -9261.367898159608
-7036.528634234282 178.4472045774928
-5981.269016275894 -8661.681708233811
-7995.7658776638455 -6210.248021312886
-6745.610677292389 1829.2177842366946
7264.282649579913 -4599.848384481656
-7467.253769309655 6516.83719470054
-5703.680269735023 -709.2946622604504
-7924.163112861995 -5007.5180702356765
-2861.4431089621694 6395.281976120685
3054.676344977086 3031.822180558829
-8248.298114393207 2623.569443477678
7159.87317372056 7023.528802602195
7075.518696902465 -6657.372394323446
-1311.6428080460482 3849.9646291837635
-4172.850002666235 -340.3170842295731
6942.244918098251 2614.5930948981204
-3207.6948959017027 3184.0224497752206
-4572.730848191287 7208.409229794019
3114.3134804052115 -4893.998641390407
6154.607702577594 -569.6394252446371
6964.957247958606 2716.3291441683396
2291.346699992162 1224.3787549710432
9984.900659156032 -8101.037328379292
471.2276093294968 1568.3009338156735
-8989.561924193336 -2333.911330637664
-4731.273083367042 -1352.3827003801507
7857.191867324589 -3536.1719732120655
2655.9278770163783 -8830.368953738518
-1689.7020594618261 3762.4620220257893
6703.050433565939 -5978.716354975673
-3025.4845288254082 -1644.8729401038254
4349.903345461935 -7053.457577226785
-733.3816719715687 824.0856354336538
6766.945985493581 -9483.083650166172
1586.3135305086143 7793.833814536749
-7358.969982165812 -8608.689077747256
7580.8548079735665 5875.470104279922
-1337.6779422978543 8709.09552257909
-5577.582669634174 -383.1071015284615
-4444.706729983741 5432.9157993264325
146.2039485596797 6308.564095092228
-5811.912888902671 -5444.573397155481
3351.166203724206 -2845.274182530975
-4389.039006445796 -9693.203865783218
-55.87592374565793 -894.8907277103735
1315.9303706429018 8847.472148776138
-1888.0183176389282 -5447.657540163295
-4423.876139248133 1403.3644214271826
-7664.372084408306 7135.410058268066
414.78182674650634 5398.255914970981
13.037399738021122 1049.6777129853745
5570.231829522716 -139.09448715968574
-9862.022860742698 8549.14837889151
-9235.421481707073 -9768.035824654018
2484.635739982803 -4263.21719539027
5650.250715696318 4668.486801150855
7877.402972820033 273.85693097198964
-6000.034269353054 -958.5315739795424
-4621.0747506651105 6299.4983533664945
3022.058562657903 1044.5014317337263
-9391.523821105418 1636.693789103585
6124.549597501715 -4820.703640038777
-9093.41812593212 -9728.77573249181
8017.714725726975 -143.52823002700097
7690.75250223291 9125.122500702044
-5263.662958536302 -4552.326092680041
-5898.925816824454 2306.426440364008
-2020.7760656491546 7847.738041396569
6913.318837679115 -1697.859066350129
3104.9779031224098 -4046.7322335907747
5701.145921635911 -4008.51162241987
3189.4152855087814 -6563.342863532438
9357.864265335069 -6108.327884893043
7741.439680066356 -4707.755486275775
-9657.865288564362 -6291.451251907776
-6009.430392726441 -2146.066631866326
-9609.09684797767 -5950.25263812372
1100.7426896035959 -2668.717278497521
7946.751752507254 3067.938209148888
-6768.586493201592 6383.714369624115
-2824.2292619026575 -162.89328719785226
-3941.6295695708213 850.1540222168987
-8794.04748336761 3424.845619511132
3183.108028246399 -525.934871089752
-1904.977866004334 5908.835787719625
-6199.008251317106 8311.502544948631
-2959.4813328964383 -9004.163025075393
1064.8584305690474 8482.4588607492
4473.8541024810875 -6563.3250387198
1772.11211683699 -8976.554035395795
4933.977173884177 -3909.1432670451168
2319.763324896323 5821.894583482734
9995.179507893983 -8720.384643187523
-6686.716670711625 -7039.37583834376
27.48564874440308 -9023.673036332957
-4218.460334777145 4273.283528777687
-1803.0239564510175 -3581.5885609332154
5641.492648385205 509.32216063928536
3867.2995883113163 -8115.021387400152
-127.26517139321913 5229.712016306112
-6557.466096830094 9669.636184896619
-2196.640338318887 -9597.71485055852
695.459937242571 3688.0370180383034
-6024.936976375943 638.2194942843653
-4245.767796849349 7694.899222994285
-4753.233198469838 -6891.139258714551
-7825.687661874774 745.3815149084912
4112.484862886917 -1595.2900423063093
4901.463308100396 -2679.139074720604
-7349.459090031896 -6053.912079433228
-1564.5084370742115 2449.314529332003
7087.65348028938 6027.620394928748
4133.333227334026 3185.657029604732
-8347.175534019938 -823.6451295666575
8343.995754626569 6977.553588664479
2212.357204659378 -7774.020773153747
-1053.2390399435226 4727.368117482605
-4881.254635561678 -642.7425087623214
6867.969817771282 -8228.918795979225
4772.5808293759 -8672.530104701767
-8719.392211877488 3530.1528478330274
4588.024608868418 7209.279764664148
-7555.1701118760175 -5747.529330528731
368.81116829398707 182.1321180872801
-5473.549695587694 7043.6743530735985
-7456.86397726641 -7733.081615068227
2234.3486671990395 -8699.684864680468
4272.211172710138 2367.3196927186
-253.3651187730975 -308.5590662734212
6138.6518279662105 -421.1166083011158
8149.3301245992625 995.3885794703983
-5062.710657207738 -550.451591032519
8490.227813778714 -2616.312969403978
4032.3907286336016 4722.995288919392
-8445.504410905985 -4845.8442475025795
-4188.313824990675 -5931.153156839044
-7402.50398803946 6450.424104352307
-7040.998992637633 2401.4021886383143
9524.20839026988 -3834.735958244535
4583.706316135787 -5388.751488424584
6383.531432387004 -6989.722582201092
-4313.40249241716 -9118.254042361847
-9450.336606977457 -3355.362838631908
-5991.778705390194 -3764.9610990929696
1591.6575511588908 -6209.257029981232
6997.083072066798 -450.09864704136817
2586.159497014067 5424.798100005799
-6548.4381859344485 -1983.6105542825535
507.2318144024248 4415.482514826035
-669.2256460986664 -8160.088985274727
1331.0908310957784 8394.043766482217
5296.035059643069 980.0028486592419
7622.474171395257 6174.287187430204
4735.960633221106 806.7422394603127
-8376.728712446078 -2298.8969135789494
-4655.318915487201 -3219.6120446962514
5242.949187387909 -2708.67068913377
4764.01719496954 -392.50668030539964
-145.77530108884275 7840.891304266079
1366.900299951134 1799.4009473394508
3426.3188769222234 -292.66634884433915
4950.704136185417 -5843.329246305968
282.06170964040575 2136.999843479258
8925.577908321498 -3574.3335533963336
-356.0013278612878 -2608.7145424218506
-4475.732461274529 -9778.83742207828
3138.5701320944754 -1863.4659678356784
8626.32046398511 -5718.4902197139545
8556.338286234375 7197.309388239093
4980.975217023868 -7779.464168427972
-2579.859415933972 5432.934023647498
-6070.555144377646 -8836.974228316083
7291.953479063526 8282.334422138545
-1831.2911058175587 -4001.7191273997123
6253.161796873539 -5567.604757433804
3665.33116969856 8458.904130977153
6621.832124170964 1100.1790069387316
-4480.764371738992 2829.6274253403953
-2275.5058706457003 -420.47914522334213
-1606.2311492925546 -9186.357378144547
3418.8410312848355 -8012.325327120778
-4930.211164276517 6931.558804424472
-932.3349356082417 5557.825124828874
4747.927734493709 2800.7676314308537
-5206.741437313726 4358.457444653859
3914.5789026885086 -6259.354232170297
7095.396862485886 9980.715539959725
6903.566531975779 -5628.309213929039
-705.0427376910302 2520.047218849435
-9273.137908187426 -8775.667744780616
-7230.901026876983 1088.581058014599
9314.116449046349 9845.82615796895
-4427.136526863271 -870.1524319958717
-4007.8109234410995 1491.2886529504412
2795.9483424640894 -6032.395923552849
-147.74762903990268 207.5888074703471
-6117.687649700707 2305.682711618563
1593.4625557380314 4966.465884995712
6144.182916538739 -6194.066536414477
7498.591532160364 3475.908295680987
830.9361232821502 3406.502774073013
6388.423938968976 -5603.530303556421
-1632.7674784545416 -297.17433050980617
-6281.8737115986205 2911.871802900081
2753.6946269190794 -8501.12071480997
-579.801295041545 950.8826173703874
1627.3128674800882 7546.399751253666
1665.0364255473814 -2169.869959632071
-1892.3121082659254 5524.915635896714
7401.5226584212 -314.84210886861183
3309.1064096580776 -4524.3865209212045
-7643.512527106351 6779.688190464429
-5722.635269315372 187.2014482716495
-1886.7265278674731 6630.714195970177
1114.1583475501175 442.0978643240742
1956.0516637057171 7859.703886977066
9180.758917234332 6566.428866908198
6357.938233597979 4777.844566144693
7526.6092603224315 -612.5336344390162
-692.625448889361 5935.922666213088
3067.3741933757738 -6512.694755691177
-5891.369196993203 1217.0824975729029
-8459.111960858638 -6448.269995644334
7858.70559360836 1523.3727515630435
-9101.653724735403 648.375011835682
1494.2973015462267 2704.632832743315
541.9989835973447 -571.5589456806501
1118.9295764169674 1100.9425987445884
-9300.495265786532 -468.6107677542477
-9738.275718198476 1917.5022142548241
-9770.984751586264 -5117.812256545371
5785.711073443776 -6376.52903805087
8277.959493439717 3105.837264463373
6354.980597749622 -8336.046161933546
-4527.585853076648 -6055.928574972824
-8313.612823031714 2996.97007689967
3692.8385436056815 -9655.73094715948
-6747.085172359668 9314.906841695032
-4.125902929577933 8800.783441583571
-7327.772296625248 -8717.391706224746
9870.800574464269 -3435.9621802462507
-7294.666246156589 -1278.091216268247
7773.159328689209 2492.912988333197
7606.689310335263 -7604.9208364902315
-1243.051023362852 5611.077815708146
-5491.510137568558 1887.305573229156
4030.7173532234247 838.1072238283923
-4411.710858719584 1060.9789890837255
-4608.231026312886 4901.352121203681
1960.497853147228 -2347.7667179840655
-1253.383940304193 -2905.2890891526677
4548.723389477203 6802.8182061890075
5304.718063802318 9335.59066796396
4637.309463630147 9668.05843366532
-9463.55947929127 7881.508772564761
-2633.146731692719 7714.296800523949
5615.0904881727 5102.943788027947
-4870.131166275662 -9083.11133102299
-6183.21930637803 3869.1956117408517
4639.186909309188 3792.457056158086
-4769.219310030182 9389.176375687886
-8616.924223407765 -2953.2179791738454
-2863.0706443695035 3759.203189466203
-1752.5198783875421 -5407.645577951592
4535.574080602633 7005.029609901718
-8722.819774462403 5787.2780393438625
5569.4225009695965 5065.500119508148
4864.078722874308 -9030.142444027666
9955.589034079214 9950.371298849666
-8907.769098075234 4710.875871038859
5050.034535424533 -9784.998029564975
3535.6338690088014 -4321.791054772404
3795.490230508198 -9070.234480446346
4496.210264783465 -5393.913443861631
-8442.127731710654 -8517.796489773154
-3514.1900364247576 -7416.027488439651
-5264.893044675221 6835.08008103176
3697.4735720794124 727.6776442119753
-6973.829648802783 3273.670136537401
7277.608974523544 9267.989317870448
-622.9248658294364 -6789.238857198119
9402.117706740763 9189.747674157825
-3125.566792951713 -4721.9976355328
5475.944895266426 2776.9670390971314
-9763.872379696284 -4282.599479247419
1216.9090713147616 -9232.76017307013
1052.5366782818273 4996.908477861318
1951.08129992853 3291.332808495974
-9439.336713613908 9609.215624463766
5138.394863240121 -628.4657657636708
-8512.583890709637 -6826.997654764622
3963.5664748003637 -4525.0339879980065
-8622.786075905904 3241.074263517674
-231.18354521493166 -2534.2662349821567
-6177.029665511671 -9370.04221894648
4171.286973462611 2272.444665203271
-8851.560943634788 6620.681733685364
7899.456789228763 5685.273683227118
-7656.199610782514 -9959.361609387555
2699.2637958074647 919.4247768406531
3435.268112761705 -8978.438026505515
5102.045434719252 -1070.5218056428366
-6026.584157731339 1138.8326401276954
6412.821128130854 5931.780819928243
2953.820221775057 -9327.546966715981
1968.8435216308408 -3810.3112391896584
237.52235179572745 -7109.782290363733
-5465.253668907381 -1160.8719444853214
5417.723007703666 2538.743133822194
1642.0365261908537 -3620.408475107981
-4916.972931308394 -8861.823941141236
4747.068579521045 9428.35915151676
1556.4590067995323 5211.5754542086925
-726.9427247897765 -2566.6356018156703
1443.382492747971 5240.090200786239
-1081.915771409589 -1737.1890757378114
-9299.64084683442 2920.2409225915453
-4947.533014323691 937.2727952115656
4440.887971309923 2209.7424443554864
-7404.7489050584845 -4757.305907792242
4322.874780319957 5683.487894477972
-2548.982540899594 9560.337699396528
4116.585389989679 -8118.558624312331
-2595.427574295153 -6027.594107216625
-5069.252262079471 1615.373207575898
-1687.479692772591 9549.701015905866
5578.363029744196 -8388.497415687902
-9502.892503854024 6700.354726537913
-9307.292165608198 2401.2812627712883
6439.146179988515 -4443.686759511765
-542.1004794791988 4032.710023210002
-9816.781268954855 9596.91593447917
1197.3179500054794 7959.728020585793
-8690.216700428577 56.56705779879303
-9432.929938585628 6377.376121368588
1895.1945257047864 -6863.848997972118
4730.599160400763 1305.5892287068418
-6427.925155778092 -5364.494972442304
-2355.5580798430183 -5115.365064704389
3618.860194894396 -2653.090257487187
-7535.9504904268815 9630.36217034253
3948.7652307092776 -4602.775773021919
-7917.520257244212 -7192.412796757119
4934.812798359397 -3301.057759802752
9943.695775863274 -7384.900496064688
-2801.0229257562687 9768.101984497673
8526.092007436848 -4464.077203096255
-1190.100725250837 4389.645917216838
1270.7890387546377 3991.628507300393
-7224.956042605028 6958.469596563005
5233.138110629363 -8650.352370028311
-9720.4396294426 -9202.928028778364
6364.780558790233 -2632.3088325209956
-1184.4725076773702 -651.6416884879854
-2912.475114049422 1319.540369313463
-8838.32813412938 -4135.182110793183
6699.194291846965 -7668.3763552211585
1115.0365062988258 7062.944025269175
9155.515471193012 6869.960196691009
-5057.493969447278 184.42804915077613
-98.97296335126521 1852.1990783977308
3711.4838383792267 3003.3100555157125
3675.8755989838482 -1480.3641158312257
-9024.566959255908 4540.928369886962
8604.29894425546 6989.265524136281
-7268.606042157051 598.1629327109822
-1625.5184327772859 4316.054003873649
2132.995571104444 -7312.874187486685
-6051.6213171129875 9930.798670258853
133.896147199599 -8457.885236825372
-1005.9783295097841 1479.0817506505118
-4947.025644473124 -2887.715164314275
9111.708221993325 1371.9926283466812
8994.022569859884 5786.168443710176
-6070.598211523231 -230.56242107937578
-2880.924601445038 -7429.179898238761
-6728.445043803273 3252.0217072359756
6965.938365675876 -8953.981164055185
3859.4971944253157 -9902.356208818592
-683.1396444793972 7136.620963404574
-8619.586996226088 -7135.910834684154
-433.2713921229624 -5906.19188298305
4265.861726672274 -3110.9181209530034
9105.54525020489 5548.636745822345
-9850.319642777658 -645.606981941748
-78.63267254292441 -8901.053224341387
3729.0278926184856 -2279.2252295098533
2446.294561469311 4613.345655807661
5631.234763659724 8625.634879832804
-3390.509392682835 -716.361976730599
5893.017541876357 -1254.4735300603734
9127.634506555009 5429.734693631675
2787.5390359149515 -2339.3086629458066
6254.605657743128 7158.718430133587
7988.692058564979 -580.9658448146201
-9471.39117279281 -7797.586154000413
-7559.10862950989 4282.080239214378
2496.3526601156373 5605.451513295811
-6193.433969163832 5045.611413384224
-6039.695070364106 -7591.510597089635
-4007.5443054113284 3362.8397657195783
-2013.5503486965981 7068.889023397875
4009.706940103946 -9341.868429357715
-7273.624080355652 -1916.1763000488909
-6698.309848413024 5504.448929793894
1048.9457293002015 5128.432335655336
-8322.65234071903 4747.833224733999
6043.176996204642 -7005.6972984017075
-5883.199746517882 -802.5835329220517
-6354.598323315153 -8288.78519824741
-4030.160482099117 6359.595594329407
-2039.8488674565288 -4542.260825908362
-1553.1546104821246 2480.1588725689235
2285.633564266209 -5786.067747571408
-8194.434280115687 -5931.674354722081
-578.9194291333042 -8417.963113233614
-3733.883274140113 -4888.205913504448
-1475.3703601928028 -201.25555531707687
-1559.5563831144482 -9647.932561459063
2606.8341424023074 -1314.7637111592903
1941.419804881656 7274.476510157645
-9313.716932264322 -871.1246115675549
-5159.361247778458 9877.467762706045
1700.233048366652 3663.0747001362834
3772.878835851381 5820.899703312083
-6545.4517084612235 6809.534303466899
-5260.880374645025 5213.22116166219
-786.339505826525 6069.676247322306
-5961.106249593071 4082.5884208213465
6972.659561435004 799.7855885685913
-733.3285274268401 8487.114562288676
2020.0409417345327 677.0047331725764
9935.870739899285 6254.60648915811
2091.0284887290454 8060.989702656065
-9951.998856921618 -7497.693615345312
-3772.1857768402597 -721.2989220746931
803.3551128176459 2372.3053097258526
-6595.552006427339 8707.441402665998
-9346.445206601587 -171.54755803322405
-4959.473742607998 -3496.070867496328
2025.1891265273698 -5104.257977213618
6719.229491314651 -4075.1687386532494
9297.66781334592 -6616.682761948736
-1258.332575462351 9406.857016116417
997.3190121740699 2917.3833272691227
-7409.103637173494 -6077.847709682203
673.6888230030472 7020.482224551037
-9054.62219376983 5597.399417124268
5552.8775722753035 -4991.270198294038
2573.057424742852 1182.683403021345
9816.678527508368 -361.212311527348
253.6460254514186 -321.15869583107633
-9764.83089694947 6721.4780626709835
9818.089256456227 -8720.33665271828
5884.332570691555 1329.1247496464057
1460.6290897866875 2757.976086042603
809.1769115347852 3758.8500925392436
670.248566607821 8522.29354762139
-1253.2656102606743 5074.208923328961
-4555.284051775768 -5206.626250088304
2402.2245008634127 -3167.284433394195
8891.841220739618 697.6830400143135
-3724.4236659096687 2516.9527705923665
-8111.040665744919 -5452.587238569422
1664.4075645294597 -777.8734723988109
9163.075520348822 -3825.630084088005
5223.464438474164 7313.073413065893
3970.5008405578483 6907.694087579766
-1660.567517638916 3048.8960490973204
-8503.782436675065 -2366.9635184635454
3583.940493932092 -5416.453376778414
9159.619907500495 -7656.533791618743
6636.474137683821 -4714.1587210785965
3204.68298153288 9690.049420031646
-2677.1627462304077 9982.545203920941
-4730.980697220047 8262.684395708438
-8206.312294666264 -486.6815192417089
-9932.318753605166 2679.4446956649226
-628.3997307333175 6896.476497657521
-4106.012837836879 -2964.67000390044
-7776.0048723982145 -5560.32819383671
-6668.955992986472 -141.0128534344367
-6226.804082613619 -4710.247284100775
4384.048615684993 448.6152309663521
2633.77154004387 5201.228332549159
4184.860655235427 305.92644234297404
-7128.767590215215 -9287.090922023152
486.73857560548095 5359.6952277932105
-1494.9430164031855 8457.452605707353
2358.5428964417843 -5231.926458381357
432.92034890885225 -3011.2925267639603
8804.116310073023 -9688.481392828557
7331.920602085771 -2703.1039463520765
-9526.051774011488 -3264.1724785468605
-1403.508277130064 1091.837208632196
-6797.346472191967 7877.434017927237
-2998.404043959288 -3030.436697996821
797.184239094493 -3999.226811588028
1533.7126965642947 3737.8489163577906
-3682.8880216056414 2500.1849882691076
-3288.9789405931633 7461.315111560329
-3970.2806472375078 6966.474425868353
3718.1053654382777 -5803.061302888781
-1710.9575574965438 8590.910336201927
-9190.599273014719 -6074.057067821572
-9220.57500322381 8977.092776995054
-4310.490789990536 2848.2130601670397
-6119.471581791653 -1346.2155557158076
-9042.577395985267 -9009.47161384452
5352.176491485188 929.4510026369426
5205.602036901451 9990.056355216675
-7896.203606065863 -3798.086699128875
-3006.2553852579895 -8050.275089524716
8504.632752038335 -2565.829333518419
6671.014869793809 -5577.77366024375
7507.324507864036 -6769.884304462861
1899.3844563341227 -1135.4231918492187
-9201.176324095042 -1208.496066245696
6734.654764592091 -9684.695207602941
-2740.935519198153 -2989.782757262471
1250.6373686417337 -5418.497045684505
-4800.8303253189215 -7952.507042808099
-1054.1331170244648 5883.1241965153495
3167.414731785999 -4025.524852491176
-7448.860753890125 2687.07575547586
-3447.442114316541 5396.069734952322
5360.05948438212 2373.8017259536773
2780.5561361890104 -547.2333973258865
-5166.291674108376 6414.214709960597
6592.098779270502 3192.734433574522
7984.418849251873 -3105.004254262356
-1295.214793646397 -8970.842609751784
3922.5874358437177 2515.416674318054
6105.191124659925 -6154.572108133514
