1568
-8330.865137097799 3246.0815455769625
-6161.163808862449 2238.4430398012773
-519.533395340417 -1506.959458322519
7517.098350213626 -4680.108424970364
8757.316453207819 -5691.162694146988
-5956.23448121799 -1489.6505336892624
-1902.542249151491 -8306.800653589004
-9929.086959814636 -6479.012130105131
-259.84382659477706 -848.2825288097338
-7009.605110738182 3377.229451183388
-2103.8381294035325 5876.896469518721
2189.5666576376043 2669.5896866423645
988.397411594422 6929.0455370091
-130.13806146756178 2812.469413072962
-9910.895512170184 -8015.0051824772745
130.00745841666685 2560.5383089094776
-1172.4985910185806 2992.1680676915366
-9183.562820588722 3114.367724367421
3655.2754967031233 -4539.9375227495375
9069.254004991086 1854.0158349905232
-2404.473213104121 3140.7259322764803
8542.858667922279 -928.7154657565443
5464.0484838346765 6494.347599773057
-6043.83851924081 -1971.5830999725667
-5959.878140164452 1605.6134827365895
-3071.941844701333 -9746.98654833135
-3222.723556903553 -1888.9954226608243
5979.641578486631 -4813.999411266663
9382.75257037671 2216.753511878178
3135.4050818823416 6131.495269921212
-42.31607517005432 4031.698046494199
-268.5395807856203 2914.4515491569327
-4621.707765448975 7208.809941946842
4839.593651571349 5734.00710172465
-5788.315919484519 -6716.2943373608705
1141.7455889943103 4407.472835990349
-4301.903619437179 3117.9668260383078
5140.29800194939 2531.9433812770512
4194.744966103037 3499.653480787916
-8734.679955729656 7047.540238986399
8964.69050857495 8222.894868339106
2740.716387412056 -9731.6795368554
-9692.571054327726 -137.00151972171625
-4003.007665865457 -6346.064888441704
4766.193607402423 -9016.965507668561
9969.139672224992 -9572.876490526862
-5489.769398288802 -8347.610465002579
-3206.073298271037 -2400.8090314426327
8978.601828574876 -6072.683188001598
-3778.3458270189894 7047.6278425222845
485.3389308318965 3338.031350655532
2483.2193837788436 9997.067739058035
-275.9390349400601 2446.449001966588
-595.8800411558313 -413.1866950357253
-8026.55091779869 2183.1735809603506
7232.80154128408 -7834.812397958987
293.24781377181716 2941.8915310982975
-7048.464605894052 9533.001271754667
-1886.2522216222533 9303.85247544619
4763.8015478538655 -8434.544917510897
359.98862212230233 -215.35473819155595
1002.9232199886847 1473.8356872376607
-384.8057514360771 6140.012188193832
-6117.514272393066 4425.379987590619
1816.2405091914407 5536.983181187503
-690.141950070345 4321.734344026105
-5412.7683081849655 -6708.876883583097
-4590.097628493118 -6756.559685308947
-9444.444729910101 3890.242829054496
4456.759995456598 3399.939972957649
7858.040818411337 3669.430209603781
5587.358405856194 -7618.40239878806
533.161139845075 9771.809569661447
-1028.9148252643063 -907.7141132270408
-7391.529364054645 -3076.046464426041
-3964.1507795182806 -51.899790950121314
1430.7716435817983 -3925.5853302112364
4901.526048985454 -7240.187249636831
-1850.231689865509 7088.365252452808
-4652.4291186763685 -826.3095590583089
6254.265006945014 1460.8725185000676
3442.364408778123 5627.352263313864
2673.230898945265 405.86631600488727
-7612.36521207425 -2515.6509558423104
192.34429661665308 -1302.6191977156686
3182.082355829818 1343.2097082327236
-5200.091312344539 5284.194670922037
6384.113553504412 -3526.305361863162
-2935.689410996827 7968.514080329944
4554.372761196508 7915.0639818087875
-7241.52199394279 1333.8818480070058
-6115.457212546191 -9021.832699911014
-5314.928891136706 4627.025781973443
-6930.336364814622 -274.78368296761437
-4980.580635096688 -557.114009441415
7657.001746512033 458.12114674692566
5475.512102755034 -4168.403329340235
-1094.714180041863 5328.3067605585475
1213.6111932077092 9840.731195909277
7613.899471596731 887.9508249567716
3646.354067734783 5525.641667212873
5432.410212053144 -8265.370237345436
7163.480824955215 105.26823141118439
8836.59101566239 -9641.627870070615
-4716.37955870791 -7789.6903505134405
-5742.1266540215665 882.1671986563942
2854.823463866267 -9934.807975749234
-3221.050961516443 6593.991945642589
2663.8428863824993 8964.796614856179
-640.9745562820008 -999.5305656834116
7177.4207909938195 -4448.566184391143
4728.014628658017 -410.719277328868
-872.8736200733274 167.09832895916588
7889.717824152442 4569.505287165823
-1737.413217889749 -2049.447201277916
-6400.145136091602 7566.080750783185
-4163.797545955412 -5631.672235471641
-9764.441438170094 5576.609857142934
3245.7585415815556 1513.2613736277726
-851.2521592676148 9455.774617451243
6749.590371125934 -2226.278781448219
6896.560888680644 1774.649737511103
-3717.7365550230543 5371.195874138299
-3332.1744842993903 -7890.768238579831
3137.0015855512975 -2216.539651246175
4775.310098867238 -7355.461099348217
-1355.6173677146871 2215.067346861746
-1740.7050595591827 -4562.331609672072
-6034.9042007288945 -8953.569111612323
448.7712151897267 -3234.7801476291706
-272.15919711779134 587.3133275231976
2752.36569940996 3687.5370323940097
-6518.267840304417 -4519.950696352564
-6998.134289565014 -6705.756501679927
2795.8442912696937 -7257.622405188708
3347.004877550864 -3947.423330165634
2326.8273343697947 -9290.722890391502
-5999.059712852326 1262.070511807402
4288.791265256661 -4972.258917821444
3061.6513902486786 -5173.8556566222
-6502.05044323938 -3622.0514044250267
7185.252879968317 -2616.7844233419355
527.7836251942044 -7261.171009330796
-6936.992722606561 -5703.043953701188
-501.22248603484877 2785.540765451089
-4545.397986740398 -1912.6345099611199
640.058336457485 6400.922498609303
-6043.966825396057 -1408.6408615536766
1998.5402066571023 -6697.49575953044
-2268.776960961208 -3526.410928358947
9534.474777334493 1431.1931076872588
5112.277931383127 1665.2669299039171
-9669.425748327078 3017.2873571609252
3274.077238925678 9890.77239733062
9755.166744804832 8133.994428758826
-7885.340692541112 7648.871257261704
158.11192633359133 3068.171462838851
-3976.3410457482905 -1152.6040374422664
-3958.4987862015096 3982.5254235910816
7396.826462138582 -5252.732572574226
8635.434785776037 5113.0483003807985
6555.4438968191425 2953.7844624132085
1422.4568137545375 -4860.000839178513
4155.2284695001745 -9099.890114857308
7392.511069773398 5390.259421730074
-5779.893066300352 4599.951307053152
-1326.4482498940652 -826.561000038073
8612.009888493416 -5596.573428334275
-328.7552732277818 -7176.372819205856
7048.631157456719 -3927.8342718405
5964.446800497339 -4086.7775963560434
706.8655183895589 -2303.281771644285
-7058.53634064256 -9375.20171175351
-7999.565699992852 -9188.637341993706
-9474.655380299733 -1588.493638124346
-1704.0289526838242 -2481.536986949016
3324.7635449791214 5846.029031872062
-6867.360483087643 4516.525173950504
9160.31649646214 952.6529893786446
4936.122171350413 -366.8426976407318
-6845.65577611671 6336.532995952024
268.610788861939 -3203.8377768853925
9435.674368986449 6068.781084137005
6332.201425104704 -8666.987399328842
7998.952474883481 9555.517850130414
-4256.115115476607 9071.008886882373
371.51849722258703 -2486.4278079953883
5526.102768080831 -82.56489228869395
4479.064147601826 -7304.95976310297
-8192.383295746607 -568.9324213617292
6464.585006161815 -8852.550634089559
-8094.76876942459 353.4169551352443
5203.4276674549055 -1434.2046556487167
-3742.3299021438816 150.1250339641465
3870.5134165167146 687.2641680541419
4108.715561028135 319.95597823324533
2154.0904081191184 -3301.026379351708
8887.474999197537 8560.86303968883
2573.667764712196 273.603100085631
-8090.558507158931 -4160.361453321253
-5151.95828033187 4117.307922314523
-3677.222542568461 6993.688373272689
3372.6291933911616 -9191.146669002215
7150.049085989955 -4299.499616768197
-5396.413492475087 -4771.56941117594
-2173.5922710164887 -7517.588925206292
3509.485418724278 2019.139652784017
-1188.9968974396488 -2128.6987645603967
-8760.41401835841 -4706.323598390236
-350.8104172197527 1939.8913076107037
9771.048515783623 7193.266722136959
-7711.127132016189 6113.32698813999
3535.6793220380005 -3074.5551895756607
505.11911211558254 3506.7843770050804
2890.1176365845877 -7448.213584144505
-2037.0603331847833 -8.14476917833781
-218.3793550620121 4066.2530638888456
-4251.066029533541 9776.50192770256
2074.9173569976847 8199.31944085312
-871.737686626373 -3509.6004932253063
-256.1494709360304 -7097.394004892588
-7165.797930293065 -6400.475298970838
3494.8349726572524 -7386.749420599923
-5626.682395016735 6430.866320934107
-5622.5720073330485 4166.801135175496
-4369.94740481428 -7829.817958617781
-8449.41866940743 7621.928647643181
-5519.648486456601 -6097.26001566145
4611.452164630497 6279.80220702941
174.67226663871406 -9900.972278682131
6756.898367696733 5825.492187163523
-1073.4429218943078 -8095.56809469582
5536.091344587168 -6211.699880500699
9443.697597017559 -2826.062443262973
-934.0547556721122 -2587.5520556975353
2064.208148665235 -7600.093425984813
7319.350632536942 -9450.911595462781
-288.3782431310992 1513.0510799022486
459.47864456586285 8325.12539219021
4057.873437505694 -6006.278404310883
9181.70074028926 -7886.121971064707
-3915.651564526863 3812.6864670578434
-4362.040719569558 6727.132711079728
6656.834812898447 -4572.404639877037
7756.692161672472 6767.678672517326
-218.99450507551774 3393.3481571650245
-5365.292824869885 -274.0581967429425
-1119.1622812368805 8101.639255743321
6165.680741099452 -326.13410931087674
-5256.839803907356 -8253.042896417563
-3816.771029037591 7303.723138770689
2697.294227822351 5823.367270908511
-4865.207755299883 9579.065574667664
6149.544769334454 -5711.573179505749
-4334.152861496392 5409.55934935569
-6231.932047037228 -5012.382940634652
2482.2437779710945 -7469.022041505021
8414.430085582218 6014.70846039356
-3528.2499886277383 -4833.840888146728
-2656.0385266534504 -6609.496789776074
-7695.843640324276 -7937.737099597816
5247.762310153199 -8225.5664021471
8592.592672215873 144.19859937370165
4385.039225275794 -9119.471992332075
186.97247263112695 293.61926745388155
9355.19507950062 6851.276614785205
3283.7698493793396 -1342.5842332063585
-2015.1010852379623 -9950.021979643934
-4225.382181501252 -590.8265544841342
-5643.86240331983 -1435.837468793714
-2380.5095971302762 3031.580129475751
5177.026935000431 -9830.274005720632
9018.518862040906 -2042.6864712333127
-3502.0519434913467 -5412.55409800748
7769.772025878534 2800.465238952669
-5798.642150753406 2570.566538041385
1438.607494344349 1430.0822736449973
8744.39026299127 8694.187666726091
-5172.511726326569 -6218.050356292979
2309.1649286339907 -9325.7879221281
8723.438258553208 1574.2622422094119
-5183.514020761963 -374.3538146100909
-7986.413304867777 -12.634954872319213
4184.403444557394 -7122.931220343889
5997.541868020211 -6112.724392465645
-4236.114210170905 3790.123503107714
7088.607645533659 317.2283146216396
-3940.362271526121 -8510.076465350232
-7915.859986616371 -2248.9782356825754
6644.878349862316 7494.273092913463
-1201.373718831901 -3003.5318156537396
-4395.331516659491 -4063.337250756398
-5908.656152625614 -1343.2174811093428
5893.170784420994 9410.009076664217
-8816.25790102373 7702.285810738653
2665.9935947142712 -6584.850583912521
-1350.0315545702306 -3025.6878096415467
4949.560857753095 8980.134050928336
-5422.754772698358 8337.761066388251
-9064.775262813633 5223.3832302512
1131.0801174884746 -7281.754473701654
-9263.373625669143 1465.8137460458474
7123.578913581456 -1595.65966783771
5624.5809542358 -8045.930219302484
9171.406335846095 764.9453841073318
-1445.44324758105 5339.0205625759245
-4356.773031972881 5926.324946699155
7227.588808743349 -4239.277462336999
1834.7315619450674 -4027.0889885105807
-2023.746724598701 -7276.925339636739
-327.35126163716086 -6119.516282784401
6443.113113471514 -7101.577376858939
-9262.595584358563 -7340.11845684591
-680.1795717026416 -1415.595504573359
7507.3914177544975 -4916.076897130868
340.8438154380092 -5257.6394679024215
-5533.918295003362 7889.7488416988235
-6723.42264208466 9378.653542750504
-1923.5035504552343 7493.329086889997
4846.358424128397 487.2911991127494
2615.834015078599 3022.4117665479553
1272.708436806115 -3145.741770573298
7476.333556216778 6868.713603666005
3623.8943491605296 9731.014210115856
-9223.264159377064 2979.6959826990205
-857.3163914069628 7716.6206869833295
3991.980795330055 -1245.2125653899056
-1565.0499096883705 8145.021133730977
-7202.931611694336 -2319.539484698803
1692.5721142013354 4856.002390429207
434.2810406071894 -3266.9154586216064
-8949.16063628064 4435.417450563586
1651.2599706291294 -4901.9772385908045
731.3711868540595 842.2639319785449
-2379.3041758876243 -1102.0353323480995
-8202.672014984582 1797.2600118648224
-4759.314886373207 393.01824755401867
-5851.520873188969 9389.575655879878
-2171.918277706146 -490.3833551478383
-5190.525834064024 -7934.577874736684
8455.451025678918 574.828483601661
8615.436876915206 5494.222465162884
-7954.480390437069 -2222.811512054066
5074.800108016496 5765.1216855717175
-2174.704321111378 -855.3033711917142
3490.0587182378476 9948.631550040642
9855.31227642687 -9274.829259977178
7342.917487066192 -3734.7727204215817
-9912.275786840606 -9826.342086956436
8501.083508455788 -1065.2546943002853
5770.286547301153 2096.1557245337353
-8020.267225121253 1237.4775338200652
-8998.499387145472 6268.409744497196
-7208.531576643202 4399.861781716236
855.5143519371359 4243.099312885799
-2155.639792719033 9624.729975349801
-4266.366861903035 -121.75498042678555
7898.448726490882 -4081.923893298649
3462.586054370011 -5035.791686683604
-2733.138062523355 7321.3700551368565
7147.966139253207 2396.178185647008
-7751.508065137254 -259.56117708517013
-2095.4448873169995 -3766.4173780606225
-6795.056071154613 -230.99669036496198
-6676.490266885944 -9492.618835109572
9745.26618039309 -4263.039150840104
-5100.316053774339 6780.731516595813
3657.733235629783 -5329.445693390118
630.6311451867223 -5761.938180916295
28.756946496743694 -2066.4099035935205
2612.112318756419 5472.092489344244
-6585.2402877589975 -6974.0997318547
3693.231000972395 6157.906981002774
2983.6449759595744 9347.281556840437
2117.5728987407347 7447.679001768633
-1781.7341375347405 1692.1622718613653
-1434.9661159264833 -3810.7866554308403
5075.081764636354 6822.292298285283
-3877.7153069933593 -34.022636699766736
-8583.024531106565 5671.779390066669
-9551.888771401671 1475.8331567342084
89.97856639534984 -3429.183520828531
4763.141713420038 9910.221947952257
8189.438604380204 3331.492095144009
-7718.231901118776 5765.060834505473
1861.9421945880404 6121.095243266778
7317.327423769835 -90.82583493002676
7415.085901029153 -7244.641944281382
-4470.082860607187 7755.581936657374
-8442.024815402656 3376.1215267260995
-6350.5236501610725 -4974.4758823061375
-3728.8931527104396 2434.9253108032262
-504.9396299894179 2864.612848708137
7105.0692814061185 -1513.9347510574044
-5775.488239276676 6965.047665707487
7633.2896080213795 4499.69026780586
-9512.988502744334 7867.354547856048
7334.817416331469 9237.542049002368
2514.28065536376 7759.640062541828
5358.937287125631 -6309.035829509783
7174.475691376203 2861.8874653525727
8424.167325413768 -4337.142255252842
8626.111535085129 9877.349494876278
-2470.0106640883578 282.26967132160826
-6552.381543198396 -9987.373806354604
-4789.557877382435 -5427.655923344976
7981.4249877931 -5287.459216183727
2734.4747987157716 -9850.600948096202
5119.744867184927 -6474.529556499573
-5041.242314144219 9712.915082322863
-6127.487121131528 -3590.6929364418284
-535.5817986724851 -9806.74531714162
1796.2149811047748 -9692.236899179527
6159.949503007376 -1744.0264781593778
7725.620495745479 -7028.737770781219
-6291.671798995236 2318.5968593527396
238.72073295750306 5766.194023543765
-62.84879609631753 -682.2159661458663
5898.449974411855 1610.8336089677832
4816.389654622488 -5828.175180965305
-9446.951225993398 -5804.23495230002
-3360.86629983672 -4784.557408382107
6840.213841387329 291.18035057158886
-5283.514203530463 -159.08258031569858
1528.4556012013418 8212.944561205804
5198.5410493745185 1161.5668364502726
7442.363704940912 2413.8669612648027
-9440.82419840218 8720.654962004213
6456.777809603798 6686.136204185917
-2166.858050716418 4100.834324695043
2408.1132433487346 -3394.5898105111637
-4130.247510912435 5746.251764102937
5759.40544516408 -4383.409796586894
-2331.7767072676324 -3608.512247827991
5468.890209707766 8555.83092258807
-9714.49381380898 -8801.480666035382
7750.2390585087305 1422.874896107618
1858.2540767357077 -4965.0608903960865
-3724.165932090371 6862.330332084373
2956.3145903350687 -6716.310700575125
-6137.239626366974 1082.0394838868651
7785.93998696607 2156.5931741068416
1794.4681678369961 -168.77910246091596
9686.694037676694 -8308.98122683304
-330.6614867333119 -1419.4065302789877
-5083.206476231825 7441.014094592665
6030.6724621184 -4808.7680123418995
8897.425905715674 -4668.694624893248
8020.897373466996 2128.420854675329
-112.64853513418348 -1775.430069702872
6916.0759867491 -328.6819035482149
-3515.1110607015453 2459.43354659965
-4364.93078154738 1588.7624449102805
7405.1557391982205 7948.66414813247
4181.003601575749 396.09433048853316
4656.224191527852 -3615.9207701737723
-539.0397627562106 -9422.612525035936
4538.62906001338 -1323.3052504688585
7043.09129556928 -4947.975586166915
-5181.549297074508 -5032.299641757443
-5851.348804028773 2684.076721917707
-9025.032498868228 -1622.1462422302466
-4460.2958941510005 2777.4829754877683
-400.33289597648763 -2880.06826220978
-3048.4379433367812 -3730.451401731394
2824.1755530550763 -1319.0977769898655
-5667.723531188182 -7270.175312503225
-5919.548546720402 -5512.484211934574
1389.799375036535 7290.949057008169
-7452.631027922896 3801.038095406704
2810.7002606446094 -7717.424985014097
1313.597624735703 1543.8908523861028
6002.6169872283535 -5390.972889025372
-7412.53008400969 6342.983927878326
-9674.11056471804 1805.8755933326647
2210.3016003958273 2281.5624364802916
9518.114609447694 7230.130360033392
-4719.579575396873 -9316.5761711656
-9621.359890412125 7983.307487401089
4870.93136238322 -3289.617189975009
8768.29249251978 7936.13592065667
6625.0368015105705 9635.907238721822
-7407.081866932325 -7381.785529811525
-6561.499554625083 -4635.1370103456775
677.600315358477 -7244.550487672974
-3510.365617399618 5101.351483879998
-3698.3080511927046 -1117.3466988913024
1552.9703507121176 -4976.3543330900275
-5346.911524437743 -9271.81175565179
-7166.458179529851 8407.26351279113
-5426.557962111784 1962.098356665705
484.5115684390548 -6155.743009723317
6704.304282505585 -6581.315523152145
-7478.36577877399 1038.8066587368885
2507.466989149354 -3950.9806018967656
-2976.158594876859 9116.270384135765
-8378.957745797572 8628.424660427721
6310.010372314442 1464.8392414480131
8626.116443462884 -5361.534359762799
1207.7664265580588 5836.001952907107
-5462.914192092596 -2237.446177276519
580.9346061727465 8762.04921263019
-6807.932472871714 6078.772074836141
8958.059783143151 9305.86543780622
8208.056847300231 1303.071080223859
3405.1734557328145 -1259.6899811749336
2278.7829211669577 -8669.477744162516
9711.787070937666 -38.49476859445713
7331.505022789355 1841.8359657634737
7509.849583714782 -6727.62243484705
-8577.741014516942 -4113.114861107223
-5878.782298294296 -6370.153704725787
-3762.644597045388 -873.4820464150525
7729.93643622263 8531.065523336663
-2317.794190036764 -7191.545926946519
1901.4379681478913 -4578.829305799621
-8723.157093602294 -3427.389984534121
-4478.475701783016 -7162.9914142481275
3940.7689525854094 -1174.284777154684
-5096.202735794066 458.3528867477835
4238.060129635811 3694.62741393539
-1885.0258021685895 9820.152846054261
4266.931309342121 -9537.735869188815
5493.304689717343 -353.61848394427943
-1883.7600832387034 3909.627318225428
-5113.906831671906 7598.08752748894
4174.708601339033 -7868.0979798926255
-4691.889669472811 -6314.714017445857
-8433.102332624821 2166.162253342829
8523.450741926248 -325.6506581830563
-5396.727099439516 -6837.266621546247
4479.190380485072 3529.5989697701643
-6630.035585727946 -8148.1977771506745
-6430.038309362704 8259.822193626089
3447.1214049530154 -4298.609388430261
-3611.63988536706 -9502.52515597459
-6766.9740183706635 5432.343135095427
9916.864276071701 5720.357701508256
-6535.5773508554375 450.5092445477567
8042.745353906088 4232.592566003073
261.80298046888674 -1724.168543887823
-6171.78678810137 -5146.258513955524
391.6572124386603 2192.582588539757
1143.8312152465496 1721.9661642280098
5425.989783364432 114.52793431315149
4074.0164519117043 -6300.871241071064
-9907.314144540598 -7946.683778035262
-6070.783149699774 5572.790365357418
9348.579039524251 -6402.064001126071
5750.14111685812 -4417.92121746672
-1429.6332335535662 8457.60956448504
-1134.7983278804459 -5248.559890011337
1746.799557977287 4390.018123976253
-636.8926088168118 98.3065188359069
3668.841586542312 3731.2924925515963
-3731.675826549197 5987.758850450833
3852.7906927250697 -7736.269619855929
7757.906878718422 -4260.718217924333
2294.62754129074 -1698.2663050585197
-1066.0171406586542 9047.749143880152
-9857.864455842018 -2354.0100288032
-1533.0448412430615 -137.2005705389165
-8015.37254992744 -549.5457694824818
7850.261142704054 4077.802970243216
-9301.617481902418 3066.2153657785493
4058.3214390436133 6711.645092841689
649.190917384527 6570.869692155917
4075.0825963302887 -5776.416052496318
541.6771097286583 -6038.451393417754
8061.341321833406 -816.5213554319962
-6681.64915434849 9884.279686922036
6854.82124120932 -8273.303361577795
7249.631814654978 8291.896873029986
9047.753940417639 5055.06928817838
9719.354417374008 -5432.761979781737
-6937.507182389262 702.263018800697
-6801.444412692361 9417.910480120732
446.4788700031513 3363.9956754541054
-8486.376137827445 7243.423039042216
-1966.3511124328888 4800.531913929104
-6246.8302941413785 1695.0273856609838
8670.161404357088 -8349.054612484213
3021.259749031551 6793.135412603115
2878.1034405037426 -7044.3524174780705
-2267.0642147947565 -6763.292799957659
-2868.3907983055005 9765.732396908905
-5738.776539591393 6433.549510957073
-1654.3857023123892 1424.6992315891112
1483.1196679342793 -4700.023126833797
8728.248146163416 940.1634210844077
135.31590984871218 -977.1628337527145
323.6416856733522 -4679.817739111502
-7121.282618133786 -7253.581347728282
4372.719683346515 -4169.129556882214
-5415.922016101608 2541.299066918218
-2954.6834437803836 -2161.0113009322095
6589.36585100718 5031.72233625558
147.74673107598392 -9764.754772544342
3542.746310248087 7702.6194402458605
-6914.265682668898 391.05956729409445
-3066.6338123632577 2176.9257147173157
-9336.609427007643 -7816.412704919561
5525.375676794823 -5351.627133946113
224.7078940041156 -8169.182026416497
-351.05670455960717 5174.469538655347
-8805.173418798082 -889.3953868507724
-6334.7357632492485 -9321.089649148102
-9745.902875564543 9994.510160199225
-1089.1332198057644 5282.1931462216835
-3821.237483432018 -9190.621089467702
-1960.1986818484438 5973.744415557245
9807.845579051867 3746.5838871550877
920.5570469223876 1658.393663193434
-3353.3758762531816 8870.930552970567
-7892.1342227483765 9254.563157257238
2292.8473215494632 -1261.7821858637599
397.8029211390967 1791.0744545341695
4172.633110608012 -1687.4960210141926
-7912.1045407819565 -9656.00323653645
6998.767099708199 5081.141843698384
-8697.780409520772 -5825.491124052808
-6085.097621838351 -7902.304333747321
3104.757642761304 1573.2573496072891
-9535.056809306676 -9860.14044514008
-1887.4400577042925 7686.2424685963015
4327.675527783056 4251.5568054372725
-9066.458520850454 -5008.21441799548
-9817.507932727902 4645.407176518678
8992.021653584274 -2882.339012999364
-3877.1685114560087 2273.790118013845
3168.402153232655 -2667.9796623192024
-4290.253357144813 -4666.229786414344
-2832.3438947316863 -688.7545338717409
-1941.2164733848194 -5446.8352005742445
8644.574945702443 9682.423522179924
-2720.8528872206725 2312.0821914894204
1852.0213281925662 9357.645442985322
-7865.103689230293 -6513.71890595712
8941.6917554358 3821.8791279661637
-3026.2875755495643 4355.733337466108
5035.193844543546 -8694.312782611285
-4230.457899686479 3.805354037627694
796.5184101586856 -7831.404772721997
2551.2178012630484 339.5099389984407
5475.262389547555 2838.450502393305
3539.9288191808773 207.29621078419768
-6746.755718803452 -6703.365610457923
8994.20083948561 5.895327062497017
-3784.5585260360303 -1631.4671177410364
-3938.1802585835194 9819.757165029554
8379.442679560689 -26.807574479811592
-2136.075565751863 2273.650989371441
-3044.086979924922 5.626636743436393
8587.266077888027 7153.031605080745
-624.170474177401 1669.7591439366806
9536.417116670833 4289.8068241241
-2391.464031158852 -9150.460580453144
-3101.5094821208277 295.1685557113451
4907.951138989585 -1499.7241926472489
8398.722187514002 9428.186042993279
-5637.463587741294 -9938.223355828668
3076.0309454660546 -779.113657097485
3487.914182707367 8539.423420069728
6083.473994213673 7437.585836246246
4589.313231207529 -5831.186958292045
8719.27925508358 8528.254579505989
-3265.7073626835236 -4525.837951742422
-7180.0709886070035 4942.7433320458895
-8085.5212036299 -5949.821752639595
8197.540132403803 1504.7218059561728
-4661.664882110635 8541.644725266186
-8020.419348461749 9501.209005906174
-2214.739973245747 2064.4867114381123
-490.27151733306346 1225.6173867572397
6564.592952648687 -8293.363277859833
-2105.5260079645823 -4580.747845032742
861.3875590413845 8766.523529594684
-4669.163219913342 -611.7555829519788
7114.0984513697695 4031.5600110044397
2026.3560507786879 4529.927000563199
-9442.404806952853 -6331.4720380612725
1823.295043783719 8584.695071191174
-9821.781900495525 -1807.7103219722485
-2435.2241406040885 136.41881834116793
6065.85393924991 -501.2124231027992
-2208.6528857226485 8716.514237397736
511.3016139675601 9092.827925084319
-2467.7319708486166 -2676.197019258091
-2814.5274805713425 4410.670335332134
-8243.43004069801 -6745.670391699841
-3649.7414001314455 9531.97869153044
6474.74136014 -2157.669500352601
8289.17717247154 -8404.775908920234
-467.3377838237848 6045.580478984139
2009.1809129095873 -5124.848633563144
-9184.804689014534 2765.3790634816232
-8246.689485987861 750.4656080064779
9877.62229199211 4373.465657566598
-22.859470418752608 3684.4143875195878
-2051.1062227279826 1125.182113489127
2180.2582786411367 -9139.519029841587
-9198.553151788105 8970.2387165166
-3652.71464878633 6259.927644144802
-841.8820471588897 -2270.532944138253
7741.245928524677 8737.468574807463
-5892.530158071528 6687.971138818095
-1594.6403852289732 -1954.1256683611437
-3575.3768971774916 8362.129012518206
-32.38470171843801 2779.8449458427804
745.4701191560562 -3470.0849855615215
8205.772677551195 -145.9771865931889
-1782.0713778765312 -4428.939670640774
8318.71417024227 6399.540235973778
-5445.327648232492 -5254.417288042106
963.3426996671315 -8141.962501037184
-5662.439603207435 3246.264181953795
-9145.47480779236 571.6085725769317
-3025.2361999850373 -307.3249681883208
2088.835266181408 -6688.329960566298
4887.373202854134 -6808.622585137478
-2658.8489124122725 9959.27817850139
303.0533313780197 2168.9780972215813
1696.432264455576 4943.948507534713
3460.0809517150046 -8108.277539108281
6117.291063700557 -7932.435514485196
2075.903075291548 -8082.642341952584
-9588.755944959943 -4015.503391363258
-389.8865729688896 682.024950378338
1049.824325029971 3878.574598971418
8152.543498278148 -3993.027893283852
5304.998314515231 2772.103123121433
-9307.07014466688 7516.9050848820625
-93.36663795181266 -4578.376201813589
-2920.5844589292365 9793.833328494875
-211.97440784478022 -9100.329800623595
-1851.0862332485049 3547.2881770697313
-9525.21365033074 4731.2940702263
3313.1492611459726 6163.837132299526
-3714.328766465276 -2151.339153361396
8309.970994478263 -7294.164870400555
-4247.793591444113 -6353.443297296113
1880.3126384754414 -6238.61074493808
5527.25535207814 -1933.8247098806978
2806.958100526519 7504.546152404986
-5459.046827178096 8904.081333695354
2052.050865763782 -93.24907897882986
1275.7046902184484 -2562.2194390677278
8656.066205668816 9247.633275781456
8770.23949996963 -2021.1359358075724
2611.7463537131916 -1094.7642395850526
4325.985054710885 9109.2129994807
3102.2849779180324 -4137.187574524668
-6122.690190314268 -5874.708780245636
6293.818729501834 -8548.632683213013
-5399.541087173087 7610.085048370031
-6701.926603440372 5554.120898981131
-6425.695175514265 -9928.230868401504
-4028.2071761578363 5831.14280546629
-4830.711957711605 3232.7224210017303
-4104.645553493327 9479.398641284068
5329.237857726326 4822.043825363042
173.7600342822352 -3374.489286693347
-2975.987174786681 3619.245587556494
6628.973920043187 -8344.452347087263
7889.207570987175 -6983.665121695087
503.35733482594514 1618.1967263710976
-1567.5684938000395 -5489.965669491093
-5030.267714911387 -705.294902679354
7173.970409190493 -8694.593411891943
-1455.6123195925593 2611.0006258226167
-2297.1016611661526 -3393.306665304348
3925.1239855960375 -8225.556006574248
1868.0034469128987 1190.7077176109015
4827.2092055395515 849.6856746956055
3186.176308708251 502.64251390639765
65.90758734332121 1445.1369113152014
-4960.8279374272815 -7216.302256777975
-2564.9840774098175 2763.5952057499217
9342.959929975434 6634.459724774297
3856.6296608356934 4477.598792118655
3112.1407735395114 -1062.5128539577527
2828.137169994896 -3277.8932427889404
-7294.801411887015 2207.103891271945
-4631.771056177216 4954.142372906415
-1475.3596922556208 -5796.0806407828795
-3535.52103710552 6511.064278051275
6559.3426314449935 -7953.865581327617
-4549.15230153784 406.1615925576607
7394.7252215244225 -1930.783900914863
5794.23196330831 -7767.699611257143
-1820.361339211092 5330.06311591968
7444.968609993735 2001.3789926524314
8527.13767247722 6921.311458471395
3206.9759278548427 -5670.615698244838
-2560.4009490115695 5155.954952303475
9509.012337595705 7583.870552181714
5086.913594209696 4202.001407075291
1509.294770305607 1442.710218947277
-9370.228293331571 -7108.59641441919
-7358.489362980634 -9229.99677492879
5268.344050536642 3197.033034220696
9511.04118669236 7797.061065069865
-1690.0716195502428 4266.016315867915
4475.986142359914 -5696.59586725724
-6712.5712389287655 1917.2564536268546
-9701.633678641749 -9175.23509227458
1023.8081357843384 -844.4821378436482
3926.6643063850206 872.0863989078025
-2974.0640831325945 -5476.031675171551
9771.639265569607 4727.574303640549
1704.532345497475 -7988.389254980033
-3236.864079208679 -409.13943740515424
3655.2018507893317 8751.568271775337
8026.388705391215 -9319.610949156631
-1401.1845597660285 -5109.288641878072
7192.10391144918 -8647.847466708236
-432.20920925608516 3780.6564081823453
-8844.616685196863 9379.950947471883
7538.1049342303595 -9965.312557852323
5524.332979017559 1248.3574712398076
-4054.8599351870744 8014.692207078355
6049.983359773583 6641.6347620967135
-2615.2347431449098 -6043.276058611509
-2995.0700314635114 -8731.153764576668
6289.31709589678 1213.347543485006
5778.880854323794 7747.459396924096
7481.439662396984 -14.560172642310135
1885.0799458781876 -8525.238022069201
7247.015492057519 -9564.331067732159
-1877.6391166887943 1248.4430017277155
931.7072797412511 -8779.618769463617
1813.3597551883486 -7145.280198059221
-946.0934136049964 -5753.816272758774
-5159.797225928662 -2075.567572625454
-7459.833554830484 852.0180839908244
-7375.238663232409 -9935.457557351468
6927.484014445126 -5362.931865209602
4251.351794493643 -4395.475332682821
-4759.933106647236 1799.367086760829
8605.539277955551 7254.151593909421
9736.51455369018 1119.5051025695338
-5296.520387363024 5551.212613068839
-6163.387735981069 -7381.634342436089
8312.019793850908 5184.745008694103
7275.227001717285 -3562.6430599151136
1510.5652385412468 1111.3717289521883
-105.93243069544587 -8365.875395902156
-2978.516624744463 -7160.618172647582
2470.3634934860092 -1643.721503452256
-5063.381293345644 -5662.776302571518
6594.784585610374 -3749.8186527343933
5893.257555618116 -8269.901933857773
-150.78405546732938 -3018.6076744608317
-8196.330466223755 -8719.610681038579
7398.27936793544 9387.88008450094
-7081.863048251491 6104.6826176355335
6596.773063653734 -7943.344314815242
-1697.8486993525203 1662.1671647570583
7328.483642194733 9.005946924922682
-4265.739675444284 -2743.762665414065
7530.106135325506 -300.96023969980706
-3418.199035182861 3623.154885694128
717.291607507841 9674.792232942757
-8612.434758152152 5138.643651254275
-9681.886796050383 3020.651998286996
-7298.798280279991 9255.34326828683
-5767.463728072535 2094.434180510516
3114.9511325281364 5491.061548950687
2274.7520953556814 6091.917027856136
8514.094415097145 1619.803368261466
-981.490149950434 -2383.7741725163705
-771.7321130416167 -4325.410272710748
5053.882950731919 -4301.046540141815
5070.58054223699 -1046.902144329686
777.1589187068457 -385.5479188276422
-5822.735779909063 7424.206380414154
-1426.1509307126034 348.260698193184
-9888.657455770859 6765.534368926692
1618.080333081487 4725.153887620545
6869.614293245129 9719.11958870515
-9500.083712218166 971.846056533137
7233.006689882121 3534.39275674264
-7494.560788292736 -6116.101229255511
-3673.8528746255743 9974.649854465086
-7387.298965668862 -7214.079833089814
9302.775612601767 -9304.75375947259
129.93603577829163 6118.678059115318
-250.58944826626066 6758.772152969548
-9609.291374270888 2756.273243521635
3700.450239451973 2634.502862798503
-2966.051209405522 2051.0527887204826
3083.68576713127 -7763.560717676672
-2864.8902894806524 -7876.5232719062815
1965.9713409381911 -2613.7048482211167
8817.971085084799 9058.68137140508
-855.4138511747369 7544.815224608297
8964.87389386032 -1558.9856135065602
-8569.39674204389 -6263.163231860082
-2743.52141526216 5052.344609829344
-6603.643454738349 -697.4583571281364
2010.3948539170124 -3420.514554220559
-8590.115178960492 5439.378683423622
3151.338286381426 2820.601297654559
2455.007470771061 -9543.838690942552
-1866.2783355146503 3149.9920370198306
1536.4737436399118 8242.883507092149
-2249.1018144528853 1895.1934130608934
-4604.599160544034 3666.8247166699366
-9496.468025312734 -6200.155854663556
-5188.992730602031 437.5458923781662
-3437.1294762430707 -109.67077307382715
-7059.582642950269 440.40739856791697
5352.961313407874 7833.702826165285
-7050.893899802806 2620.284045383305
-5610.857856845397 268.96825115223874
4610.327717407958 4204.157200129868
1248.4216361151193 -386.7139024924527
6602.64751420384 7383.328330447439
5410.6312452947295 -1510.765588682938
8910.496679332595 533.0009653370198
-7802.468720651146 1188.770337101554
8033.426207021668 -5370.972921147237
-2849.68023982457 -6515.92295219759
6635.53814707572 -7271.364004503757
5924.279754764913 5614.998332256482
8817.339344989836 -6785.998594661769
-7857.4156523818565 -3572.6853767628254
2368.0546515602055 -4045.472457493078
-6360.445534595658 5405.630536568589
157.20914834626456 -5374.230115453495
-3863.049680302981 -6260.82417697704
-5749.922283463624 -1870.059472384145
-7364.844988752473 5578.363943294222
-1617.6254240985436 9394.967292286663
-3335.6053644346393 6284.47009556137
-2894.658238346111 786.1283866918875
8029.415759224059 -4255.666775106622
3213.1760087696584 1946.2867573967305
794.3238965092951 -8283.491869597477
8990.510857888592 -1912.1914259312507
4992.569646307085 -9305.167593401977
1368.4577992797258 4591.2637176364515
5910.349171239413 1919.9014897135621
-3746.51273798684 -2776.960271627544
7779.9665892939665 -6061.526041306915
-6905.787566398998 -3633.9634611760794
2332.9861124479376 -7494.636171562346
-2823.0767192744242 8364.640016159698
6901.2861754245605 3641.9109093773586
4191.492217287881 -2582.803024759819
-8382.595272160448 6309.637107089378
9285.064348042943 -2593.742962576397
753.8539841254114 5427.250634809561
-8878.28523452428 -5361.136308612382
9354.349965094505 -2146.3295520365764
-9607.952600227965 -323.77581056663985
3048.1998729266506 1479.2827989628822
-8232.515518358527 -735.8976950725428
6302.36268937852 -9287.820937983966
8469.77751128095 -2167.6743551186028
-7646.0251205911 -9584.356009582743
-572.9423522337092 2113.8151871042373
6679.428024310928 4747.700615394831
413.51299185933203 -7859.408719252059
5094.3547904257375 -2626.9487855325724
2620.5761410340074 -2793.773880389698
7442.165286809668 -4837.719215786707
4783.276090438678 -3658.7445142260203
-1682.9441778558812 -1237.2787257536074
-1713.8093056197686 9430.088855651014
7380.697364572097 -9680.088822001693
-1400.7767687495543 -2695.0085028023186
-6429.915051281305 -8851.893141862198
-9055.796068567577 6984.736190501877
-142.68191205292715 292.8437808148883
-6730.907022725174 1682.5621981910535
-1789.6447594744113 -1301.9302055560183
-4592.643373646956 4290.104996817561
8017.080692807689 -6915.094164445394
9725.856848372769 -2249.003804568725
5473.281448202588 -1331.3784544749287
5615.3789254642925 6069.853978995665
6298.438890190288 484.94453579809306
-2146.2925657802143 5659.430257255099
-368.5056109399884 9366.3506573179
-2828.0624192412997 8310.702300286208
-2927.9415760972124 503.52053335510936
-9719.507611354738 -5722.273217180882
-2429.216141320494 -9953.333508607942
-3837.9039852090546 -3198.8850733420168
-3764.069815166915 8345.98126502023
5614.735749041514 7851.005743586589
3111.4105614160308 7199.980296556219
-8171.576517538457 8952.457923729617
6594.9049983347395 -7124.964360155029
1205.3597868063298 -9336.794122960291
-4597.102770344907 6678.953990253562
-4316.135066218631 9605.750891880954
2852.7780241768505 515.951702732993
502.24153091417975 2912.807570392235
-2279.5634056801073 -3880.0651244613846
-5360.49230588395 -3472.863949437681
-2954.9521971814465 -6442.486730214572
5095.717021568305 6003.835641468442
-2008.9669179970242 7111.707408932489
-9274.633748246028 -3704.8000513976385
-1759.5273279113917 -5198.151938505291
6513.176227713942 455.271623302684
-2622.4952746539047 -8435.316923830527
4982.306219124126 -3716.742672245945
5339.552121227889 -4483.740694099565
-2149.1491924828106 4632.000465148101
8248.476020122896 -8266.345426251322
8103.237549192629 3439.7395237788623
-3201.942554496968 8640.185705769396
-9681.05743702701 7500.412762786815
7862.475251637807 8347.240270686976
5401.7023947009275 5569.795889227369
6103.733754919365 -5799.58973198079
4778.201175246084 -6388.206459693711
-905.7238863959046 -3702.8567887640547
8685.976813926784 -4178.754295166825
-3165.6967863289774 8887.650191016666
-6653.917170357333 3516.616759083234
-5468.408073291928 2340.348695808081
-7383.182775939221 6077.999941526026
-3875.1082871319877 -3252.3557153433203
-8849.385142894504 -2187.1286392667307
5270.264813219794 4267.38723407243
-1873.024574760656 -35.92351809890897
-9626.996064205114 2939.8723540271967
3310.0906995612986 -1968.4469300593819
736.0594759617652 -4010.2147316628425
-9519.396589427732 1161.339339021235
-7990.829044608179 -2482.9801076779504
-2783.2807170681526 2562.4291374744607
-9138.803065549806 7999.832994376586
4550.67729863539 -2255.9188399475524
-8838.599461380914 1178.327729213499
-4797.646447827588 823.2187429681544
6943.7484463447945 -2344.210259330697
-5107.434968966549 8233.576721388672
-8958.45419626612 9949.935957033038
7664.424785346408 -6124.696162639844
2518.0164733597885 8745.65340198423
-6808.140726111598 75.73340828870096
-9118.271485383391 745.3604398675707
-8269.789429656246 -5310.901607576763
564.0251549462791 4782.621987873426
664.6038911484447 -3755.037935655334
5248.931019047821 4759.218827511822
5537.550097241479 6262.202013151784
-1615.7503179039413 5485.36588439315
7988.038557816941 -9322.608925439075
-6434.109418124525 647.3337995596376
-6789.852982121991 793.4591749111642
6475.704501379605 896.2423168789937
339.98585768292287 -1763.4444389752607
-1333.5828764804555 4446.336869074301
605.5724825582747 8116.053766409292
2725.5198905799552 2590.5743373868754
-9874.9947153592 9914.678445471494
-1786.7436571637154 -1814.0969956820063
6914.102794008213 6592.762435568562
8258.12907120939 -3569.882669036102
4965.439833285434 8972.673916621305
-2193.367801200641 4146.733288504378
2186.5059276236407 -5323.512372326851
-3737.809220089359 6313.8399837207835
3535.4806409514676 8721.996464089094
-388.41776364166253 -3282.5830808642695
5868.914189352565 6339.204392694313
-9874.625320564026 3379.1491143691983
-3183.6256761981604 -2348.5394966846407
5332.223754245246 8803.292002062823
6422.89949543016 -1427.5654504002941
-7794.868598037994 106.67145411579804
-2649.1031699934074 2602.156286517087
-2638.9391271773957 -5259.560726950472
7108.876177341681 4162.383029607388
9563.577138631026 -6218.267345576032
4075.2221779072424 5693.583696838958
6931.472436894601 -3332.0788015653216
8010.964932567924 7942.855797643431
7994.60935267025 8765.645266430562
-4693.69382308253 -4295.863077726684
3101.494536865137 6311.401630754353
-618.5698414985709 9729.085978325125
-9328.610956590614 -7970.062820156476
7462.913648067068 -390.9448009702792
1397.0270033399538 -868.7330354209553
6382.827717355192 2135.5942912512273
2742.3062875596534 1406.6473152805247
2098.4132652534063 4978.970683771582
-4057.4084833635534 2788.374580697351
-9694.021203280892 -3518.793601392241
8203.556885482307 -8992.191416019661
8823.466596956361 8942.178628178699
3907.7615965900623 6880.551163028304
-3658.0980037972968 -5015.646581117654
-9623.541091249575 3267.2432697193817
-3303.268851855707 -5586.24906852476
-3902.609226983558 5902.970103661151
2985.823328132976 -7548.217468967573
-7682.373901115611 2057.803214828935
-8338.29050444341 -705.3792224206736
-7486.234390282569 -7614.4692705837815
-6848.607760567717 -4336.2012925061235
-1509.8714473075634 6337.168789274547
2607.8638690555563 9343.765840013133
6718.807647215974 2160.3633499193074
-7926.771739971646 -6340.835648636272
4023.7691179909525 8775.341557890599
3634.124844966129 -9573.39311661803
7824.4495960035165 -1287.413116103222
2075.9196793988194 -2877.2148222874484
2892.589096823638 8816.949840137873
5092.915143223843 842.7580362463177
-6060.691197596361 8567.44351071857
9287.60854235708 -9920.698485232011
-8662.25893231417 -5368.508502347287
-9007.180868599438 9436.242136928304
-4100.215340059934 4666.936060815089
2376.272189811063 2095.711725797235
7863.845553116953 -6595.354488080596
5338.017984347076 -9808.69301995833
-4886.291796280831 -310.91143131838
8386.843831240298 -5803.841002629475
-3863.041831703582 -5576.229720164995
-5017.382324744985 9016.958100460935
4344.659980890667 -3737.0340161025424
-4242.719264504862 -3308.0041731303254
2112.2754509002025 -5589.284429861649
1577.9943662371516 3423.339303158833
5265.0914382424235 6032.563182072201
-408.28239071959615 2130.2587960281835
1719.7007924468744 -444.9221596102434
191.28392719371004 793.084175219934
1606.3687512136512 -5477.299685772341
9268.821051496208 1563.6779471449954
435.3955421464889 3701.0140855558075
7173.136127750218 5950.761294797632
-8266.13654246525 -6239.9553796941755
3463.478331461518 -2654.65782711249
-8932.555696926609 7140.75151747798
4852.864552371273 -6266.456325108569
9475.219995649004 9602.38248327791
2659.9380183209487 -9348.851040360558
1083.7530841769312 5467.90690517499
-4360.8879616222885 7266.219047235583
7029.920189787586 -4270.729060746788
-5765.469207722857 6933.162130483346
5810.311563125399 2943.7476598511585
3104.1592597044582 7643.675547489551
-1211.7283473907173 -8752.81070918104
-9813.902051272788 7507.002202483065
8827.9415507642 9829.516988222575
2630.0011735097505 5723.980450102641
9887.946852798897 3862.3172077893014
2592.2474322837734 476.39672964625606
-4104.3461775247315 8137.946406348296
9194.31522718272 -8264.81989345605
-1663.8068869867875 5574.067264163525
6869.56535879381 9198.011222918674
-6271.255205049675 -4742.9114825972565
-5125.551125919376 3398.9457388157334
4525.842818765876 -7157.507814004361
7915.90867378881 1489.690253764602
9959.752680467496 -100.41842634078057
-6352.45313172432 -1725.8092912560642
6973.248424976842 8182.695206010183
9212.901094026569 7785.231865882499
-4389.599128106301 9830.484537573586
-3935.0500900437037 1023.7804876969567
8106.265729324874 5139.365736817388
9966.763493987648 1438.8184941109103
-3597.348680253931 -4173.202112471701
1378.98138647232 1307.46884484174
-1069.591043952607 3594.5700996670603
365.591198232225 -617.7687596359701
4236.995505523275 1321.8021776033293
-299.7448782263218 3004.1741770193476
-3598.691877127938 7361.915497280777
-9968.778886602397 6337.976219081622
5166.106517698077 -7812.66816789169
1763.6260946383736 -9533.271544732184
-7668.412980682136 1020.2195008991803
9743.795945335685 -9208.561651861453
5191.977599407723 6107.117227323764
-1119.0953295245272 2512.2238869453085
-2339.707879961539 7939.803389095527
-8482.837078258932 5925.196513104989
214.6699291755267 5994.314776359906
658.4668869234829 9851.078294587282
-9087.004321171116 -3545.4606266818064
-2896.7730682439033 -6281.377217628296
1460.800815153103 6906.3510660350985
3057.8829771574474 -3342.055540537718
4680.695131329545 6132.774071026728
-9996.618355176432 -4584.113064955722
-7280.109853166618 -9089.793128841404
4377.684303161435 -8012.404393169039
8945.637565478373 -8899.745463906136
-8934.852091995 -3434.5028252405928
716.6922614103296 9351.26515796865
-8265.596451133275 1738.9008069788579
-4917.805184987887 2368.179654372989
2742.1428350235838 -165.50364582374823
4947.643138676136 -3021.1497567848755
5621.001043843366 -3129.9767859144386
9360.910335475292 -3880.4936566527504
-7904.499607412203 3800.4441362610214
-1690.4593060998068 7381.5784953474285
-4879.185399357153 -1432.0333110818847
9783.84475914255 -93.37155362336307
7614.876284986352 -9075.695433870558
-5151.4135565471215 4185.651767610423
1355.148865723393 6075.5880811921
5079.346205695954 -6286.436130064672
9937.154515243437 -7092.6300733998705
5957.915700350082 7469.21111828844
-8257.367820675932 -2120.790490726692
-315.62999011123975 7835.760850809835
1540.9873807435943 6635.338116049319
-8648.263025110755 -154.11426680957084
-7351.533072002787 1959.9492541679429
-6457.529782252954 4530.662626940564
5495.285834580334 -1087.319468803933
-3855.7915173891333 1670.6511783492933
-6998.303234194587 -4188.101398071458
-9454.408464145845 -4607.853385716254
8339.79599385144 3190.4094977697223
-9638.823839953375 9821.12876878451
-3541.381672979751 1930.269360899616
-5552.214871649368 -8598.035600633912
7175.875298887888 -3509.61404302091
-7787.102038755811 -492.5504309672906
4690.455888945875 9472.638940895366
-3921.027077118877 7611.31101787294
6045.600975395551 9729.281368118267
1455.8789845414412 -6436.1892120182
-626.5643025870468 -2203.5889847890667
686.8842671557231 9405.644613535838
-8322.664520632512 9645.32574354346
-5828.056456315258 8674.838397958498
-4540.6291860261945 2575.6295304072373
9235.294216717197 -7694.116095420999
3675.867420642835 -4469.040498353922
-4707.332310317349 -7010.10061317592
3304.8927503094765 -9799.743812844592
-7513.316131685464 -7740.89380888165
-764.7376692750768 -1025.4770087926263
-9802.699765359288 -5421.528934471021
2237.44924254145 -8838.951289953984
1697.4491882535967 8371.874075830667
-2547.4595703699433 -185.896392065908
1712.2914626319289 5179.703538312011
-6863.804360726415 8123.154947032337
4753.78515762463 5039.312886228448
-6679.689160003532 -3493.3380114034107
3840.5616021621026 8699.294529912175
2605.902385300902 -608.4397345755715
1576.3679584871297 5423.067417892842
-3523.5156793919778 -5884.428044281498
8548.62958638915 8906.805375409884
-3677.993776177622 3471.4959835343034
-2378.040212262358 -6768.744334336467
-5210.804989356526 -1880.3110072831223
6939.726278040129 -4213.460099737074
4124.928046129202 -4573.049075751074
-689.9342717365089 4753.55397359083
7855.045359190444 7247.082071453442
-8858.978225106552 -5004.885748904029
4441.784266547613 -9259.598570776478
202.7593664926444 -1895.465600107389
488.814119066441 3536.542270991431
8233.087843526107 9878.840745913447
613.6156946890533 -2623.1146203169637
-8234.18581446512 -8371.625130358467
-8717.260655688064 2830.0049466695837
2549.7210738799204 -9495.950219018954
6706.258249589355 1755.5497186273096
-2460.748686451646 8418.07498136572
-3686.4937133801814 -6100.9976844451485
7676.2539118227 9153.477780428875
5382.9811269173915 -668.2078969553313
-5454.558598415156 8902.29759325344
-6924.932223714531 -591.724084183601
-5525.525755124882 6741.844778786737
5417.019893078821 5493.122455639172
-9237.121189860045 -1547.0376503774496
-5284.580020603962 -3080.3289785111447
6462.285317639184 -396.25469883226106
-8577.87778022012 7471.872346245174
-7506.247085348698 1966.7161907283335
9655.454113297405 3139.438744877134
-1123.7758810982705 1106.9783664849238
3379.243418631637 2977.873651097767
453.44677911154395 2373.405069419554
6668.0184859515175 9612.073421500383
2744.965397588745 -2455.555102222899
8537.501591744247 -3745.7669209718115
-1589.919889576131 5024.674152890593
-9504.69288011415 3063.8069865139078
301.9406254149708 2757.7304674131065
-6732.468504957472 7259.32744001985
3202.2316600499653 -5084.180310041846
-1917.2952930123174 8598.886000355611
3065.189079626547 945.5044924713475
7445.353337751796 -5321.854499863963
9962.953664241333 -1305.9844992263388
-9492.789139632481 -1048.2429441306358
8912.573194901695 -7890.138890367218
-1055.11615713215 -1533.9009369192572
-8621.78248728249 8406.044868992085
678.5714723933706 -2001.712434243639
-519.520022832703 -406.27982110276207
817.2163718845277 -7371.569536491831
-5192.099296115307 8938.657664064405
1891.237611922792 -8270.85904291572
4214.131538687981 4162.42005296049
-1265.2077768136696 3938.3413475165726
6097.455021516318 -3895.322039755134
7305.279918846067 4888.4387851350075
2397.6341467777384 -5917.374521054804
-8721.409347562454 -2703.0340978715503
-6091.632667906393 -2672.007738218558
-4565.6149615565255 6480.827750239452
-508.1116015440766 5651.673179614838
646.4604694334648 -6561.684355633084
-6604.45168163225 -8119.464594758057
1719.0562422171697 -7649.91661517791
-891.5161960784553 -6369.516601853134
-3639.2799853129445 9682.319974811584
-6940.232448112607 -7375.592026265401
1263.1419464800201 -1967.6317547077506
-3052.2911151704648 -3966.839897394114
-446.8511827484872 -560.9126289304586
-6396.735591399723 -3787.759047129047
-7188.177528999467 87.27652501630291
8028.79098053465 2726.4056009956694
405.498184086895 -8832.488126920325
-7383.344236529896 -6301.058685781687
-950.8252743272424 9109.784562135545
3540.505063925295 2291.875392274631
6323.643873459636 -7508.65041332575
-6074.730776840589 -1482.0629126897693
3293.4435283824932 2626.236625266538
-1359.7376672541377 6604.59557694654
3423.503483323211 -9824.105821347237
5423.023875800825 -6224.949311420946
7668.141775236145 -8922.514102116489
-2470.1849531907237 -2419.4273240754183
-1093.1468189371626 1668.3675961301105
-5778.013726173838 5813.1230915925535
2827.1059311493755 -4907.677124359797
7135.692996358248 5546.715648083178
-3094.8468564810064 -1094.8383110634004
-7054.275030019735 -3999.484032169081
4311.632489228932 -2745.6920318130606
-4277.493865173978 -6313.80287602497
5369.524827334601 -9910.950796993955
-4005.4147869869985 7696.615127444213
-4382.1827524151495 -3434.8605233409744
-2232.7695996171215 8012.381245719971
-3415.012200587149 -9860.513438503996
9611.020683232917 -9652.538355831526
3052.228863459306 -1192.3213442245942
-8577.394253910568 -2675.5609789329274
8887.093436077681 -4480.856260111432
4573.089122266445 7664.633844829008
-7545.967576166826 1011.7602005031076
-102.23078550405626 -7402.220971328597
2159.0767807805605 4139.77456210739
5344.254548659035 1840.5075906903057
2861.6967275707775 -6774.092666971052
-6915.747178433269 262.4163197377711
4687.647924703122 6050.5613827948855
-5492.389784768976 -9246.982713976973
-2797.5952564458066 5798.083257261174
-9244.535533591114 8822.408992200682
-6044.44730623881 -4387.948195877953
-3687.350348371332 113.0439980662959
-4917.703381469194 -4631.399608223379
-6332.219709420075 -6730.520230836841
-1050.9728643964427 858.8200511702653
8162.712911993345 -2492.443448977242
-2244.336940002192 7778.308866634859
-6108.62390881491 6743.954590961013
-3441.7332015740176 -9246.029196730757
-6128.76865212419 291.6282529743512
351.22368325369644 1095.200745147762
698.9162277609666 -6103.8583379486045
-350.96008544626784 6038.616466202637
-2485.1042088556023 -5717.542348446332
-8566.390808978203 -3037.460315891438
3340.2334386089733 5401.273276337355
-616.4293039804343 4379.44702377005
1711.8745962578432 5208.512549991758
4978.17079890493 -6528.345867303413
-2968.8854206916867 -1918.8644987449807
9368.80948712664 -4482.476993417861
-846.7961065457894 9866.930298737254
-5162.751260913487 -2237.489510915718
3484.3279342461537 -9914.48286605657
4210.2265610477625 7121.41444186779
-8784.522156668801 -1057.7086409065487
6776.017444084333 1555.1976094401598
2311.008156975866 5586.592728022413
-9950.756525770219 7047.808126531458
-7517.036818479848 8439.897216917296
8156.038497914244 7815.440131435593
-5379.470427142068 8439.374531565642
9662.435934433921 -7287.287207237878
5007.260628522672 1686.6748582333148
344.6420857138619 1757.2754342161352
5146.989413223959 9261.350071945151
9700.627311587334 3276.383465350771
-8867.358225251053 8852.83247730715
3928.263409823523 4386.008567701443
-5769.571414725397 -4615.561112969975
2645.999147684359 -4654.906761086748
-1284.8143450456373 -4052.6085397476663
-8192.138491102854 -8215.42106990678
-4019.0871119437043 -1867.6185868748307
1065.3459905514992 7892.874221210273
-2436.1648715483234 240.72363605171267
-9745.461545621622 8346.459433954551
3953.601235646327 -3123.298573251661
6737.59658637784 7106.354827680145
-9068.492438903495 -5932.789953617921
-6996.505145423464 7158.211657938835
-9337.075159027532 4324.350431271401
2233.727712743621 6855.816812503737
-9115.624991959765 3961.1578257156107
-1535.5661707751624 -4265.171695643906
-7735.9977177310775 2490.1704681407246
-2472.803885684214 5495.60086044498
-8622.5544379725 -2920.9107920875167
5126.550725859997 -9689.020543890823
-5270.5821671381 3807.2946215504144
9213.013183815456 4696.978909379981
-2135.4331223148583 -8138.465368581691
5236.224764219143 6891.294996268865
2849.4818668104654 -3171.387095401821
-5086.414384748006 1016.6248589786937
-2729.0192946407624 -5112.547547057362
1825.5413863313042 2262.80460120359
-1615.8913812885403 972.4280112039305
-9550.548708611404 5903.805560742516
-2843.4513001109954 -9125.598569720678
-830.2300078387543 3172.6603689638177
-1305.5742111426662 -234.57659358550336
2353.0302051669532 -5150.582364614318
7897.779082932229 -2222.4116648666723
1751.9215171461983 6874.267517150318
-7817.755135443596 7036.0737528042155
-6696.481366025322 -8620.007242178142
6716.776659405248 3940.917601672907
1812.5112765413287 1244.949851094103
-8134.477406953149 5511.61731437414
3061.0533700287797 -3400.1975308265455
7385.240551245664 9253.17207719422
562.6510858796082 -2321.729182782735
-6582.069891149813 2271.718994555087
-7521.736056042348 -15.819463294883462
4431.636768420822 -2737.5605873464747
-6861.401384340625 -5045.859730330395
9000.657319774855 -9488.051134876234
3167.345754330996 -7872.80712198242
5679.670129401822 -9798.080731069842
-7624.115735725057 -2710.1714898316695
-6785.417683550822 -7929.803353001524
-9599.223340419965 5146.776199647264
-8053.821372287404 3880.2322840746547
-8518.856343684858 -5224.987188247487
2500.924617909226 169.15489733905815
-8176.203614999189 -8549.524186557444
7726.576693924766 4389.355993627327
-9320.217542255526 -606.0170962372304
-5681.490217053415 6827.988830720231
-443.21543668362756 -3435.099646404865
-8304.024930932243 -6416.690605680362
-2082.406878570102 -5161.869818276945
-2574.227902642914 4396.321803512639
8265.650652014552 6732.023410662452
854.0955431862822 -4719.279269024723
-1305.5463182050262 3311.8436921679113
9595.616161272923 -4336.340693375991
-3221.628901097686 -3024.542296924901
7142.11110623525 -855.6085947618358
-4891.769254738183 -2465.059810710488
4091.267215963051 -8002.620547346623
5825.79161845329 -9660.176691196646
-9640.463529433238 4190.988648793304
-812.9857379348614 -8855.247643470913
-8768.769710773733 3962.4093753437464
-515.1788412955339 4006.3348326185605
-3790.7095775090575 8883.99371778769
-9412.195711052056 5701.001148882582
6371.4884457966655 -6124.280151277071
2902.1468951727147 2987.738717378421
-6700.943100683802 -236.97977928791624
-6260.219840456284 -2503.4267801987035
633.0594768278243 4748.75650073655
-6123.410470021901 7105.7179751795775
7927.072060803523 -4437.359785701462
-5489.7254928711245 -7622.663607996931
-4296.958238089721 5070.938587658544
-9121.776088692002 1953.893311632488
480.4584399875839 8773.835212891921
1471.5767450974872 1774.1083246219587
9037.269084723408 -6112.657338998186
5082.397513442376 9549.544624624454
-7725.767600782072 -8398.801728043794
1846.6927711787066 -1850.0885149764508
792.7029006021949 -4376.294777541793
8996.7627027659 -622.8212784180796
-3340.888510197333 -1730.9860230715149
7212.181179412233 -6934.363418740408
-1182.3138415433423 -888.1372583282082
-740.5477992565338 5527.06917374896
-6773.753101973303 629.341156977036
9036.200941540905 6067.236089595031
3028.182853987695 268.75553278238476
-3813.4781350766116 631.888340040081
8937.001764473975 -974.7797625067869
9129.882944220288 -2402.4199831409287
-4501.870944235071 -7117.878237841287
7646.788857840373 2304.5635884604435
-4994.095417260589 -4637.864733720196
-4909.84099740019 4136.091806763077
7592.020326168229 -3043.9920657534403
9842.182917383212 -7219.52299740645
-6635.096618156931 340.85088813803486
-4187.826597337578 -1230.7063012836552
467.8605337005374 -930.7854716408856
2571.7440139056853 -2532.8634221640887
-8462.959489299266 -8195.247932358394
-2850.6059474116482 5395.384961712107
278.5977237317202 4199.809838857356
1557.3848527037444 -6895.556291691507
9747.678050300226 6154.810858113431
2799.5594714007875 -234.02111545217667
-5599.831383086036 3468.8320326521916
-4590.451920129663 1238.680051741172
9101.397099204652 9785.304589326486
-9505.423241991815 -4431.876713943412
14.283511804567752 7256.303684791135
-189.1199225819837 7713.341404480663
-5347.304257374479 2493.4120071185407
-1427.4981484822001 -1250.2732986766187
1374.0691376230734 -1857.3091239982186
6496.0462882975335 -6120.059369163111
-7801.390006231805 9815.80950226802
3009.723633434425 -1708.4797770305358
-2919.301299518762 3128.920235107167
9605.816960748318 -9768.090485907653
2621.3841568203625 6245.397389087861
9991.478861282245 6628.678494583106
3699.135460697882 9588.090927568497
-3006.4578568670904 8164.716954029591
2609.316241390474 -3718.7256522289335
-5901.178578585286 7925.220447648433
7041.107908666188 -5598.002195709053
-937.8526481113058 -9434.664982570965
5583.900258406893 5265.091928095788
-2809.826662414812 -2595.6791213572196
