787
-5799.955201324694 -1692.9190253680608
3660.8091695405474 3797.8671982201467
-1645.6181874020003 -2427.896817474966
2747.641792511349 5338.6620387807325
3666.6246214957628 -7954.821691772074
-7834.348079241276 2132.3516927496603
-1294.2042819780982 3540.5307948561494
-2463.399793626928 2770.313800722348
9407.173412702457 2093.2283848808147
3613.643023940538 -7460.5491005360045
5235.920604153222 -9220.339804822464
9606.692525317554 -5747.382825052041
1030.893936707027 -1783.3618698226492
8038.601697320872 -1268.1464114300907
3574.6505109891077 6383.774811196261
133.27248602928557 -7127.716703276929
-9372.915088580517 -5988.551013006698
-6509.30094738361 2374.6846006360774
1976.5227196460019 6499.320853900084
3682.847500242535 3519.903202284726
7003.517068350899 -7821.977265129185
408.1966701037163 3768.4357949148016
-8681.015958800435 -8300.69869633666
971.6604544812908 4503.66261733055
-3770.257632513967 -7562.451655179947
-889.4774631661658 897.368378793919
9100.89871893671 3008.305858454465
5565.918383972077 3661.34358416927
125.95911428947511 4356.998847456665
8303.309498158545 5359.020532300085
-8418.075397061992 -6656.203975456756
-5085.703215562993 -13.755803502270282
9338.056396761021 -7651.844057990085
-2513.974976470812 -1309.5534325233784
3203.386714600465 -5860.720196203917
1103.3469098640908 6782.639440625069
-7360.530022364574 5106.33653951944
1152.8074529654314 -2393.1955997782507
-2568.7327395732473 1914.9947109225013
1726.4248361841946 -2633.592591436649
9100.465460050054 6754.43941479034
-2322.8527890908636 1667.927260165152
8161.940765656003 -5438.277303086534
-3743.2263377348436 -673.5541810437753
-5234.520181305777 -8042.062333237347
-9228.973783289892 1888.492690878389
-4168.721993577724 -7896.6295358155985
-1684.620732719788 8362.506836555229
479.14531040248403 -7723.553364240972
-3590.8548132262986 -6192.5744889448015
-2632.2548241584045 1703.9278718157711
-775.7712393129477 -2284.9294931446248
2501.618064520524 6017.487761860271
3108.8685979059464 3532.1527063403464
-5869.879974437275 -8315.557762259159
3235.590702770138 4202.885243634415
-7446.159119564478 8858.072221419701
-1543.499831425952 273.3333623864237
-3029.5457505968116 4315.623471447692
-172.05034075030744 -3116.199992655833
-1066.6394045512588 7499.736597883282
-229.47168662729746 -6114.302446940272
-7437.095702359437 2151.7096484064095
3459.2140188983903 -645.4891993545007
-4658.672982815235 3622.646824334335
-8207.545423574307 930.6111848984747
139.05526922056924 7671.219135659478
-3832.175577737289 1704.8495463023664
-938.7001068087357 404.40071677881133
-704.1619084861031 7775.992218082691
-7229.632926002265 990.2112801940275
-6587.613650210025 3142.2393148310275
5130.487186633394 8869.153531228545
7504.1754821584545 4249.210017168531
2338.3599126779827 5413.679832383035
-1459.54265329812 -8698.061546309817
8144.0394916089535 -3667.3101399472216
8208.24463009031 6358.583864114877
-7666.827114061145 -4409.289198131066
-3722.8960607463505 9258.703396861049
8333.025198092946 4209.068535829512
-5526.462463212319 -8400.88716611021
7621.115909640568 8039.020424514787
623.8633390796349 6255.490173405695
3556.7149653279957 7444.463411132139
-8171.594806916902 -4641.941421385744
-4678.160938151103 -1195.4940191221904
-2441.2718804917404 -6835.176053182199
-6150.20390964435 -7156.171976412568
-1176.4625536526783 1936.0056209386566
-4064.2519677551127 -1978.570235809616
7927.783149094335 8698.457348812259
-9834.858394785193 -1443.9934323944872
-5146.587745854079 8699.024725922922
8862.288458537922 -3861.1365751263556
919.1163935187014 7380.947684425817
3952.7655673499467 1982.9175429901316
-1869.6729679253685 6877.56886949894
1449.7226050507397 1579.0170128823338
-6490.371450233517 5302.772132947455
-784.4191169065089 8378.43473700407
1701.6439514718259 7527.71679296179
-4282.973020454244 -5406.92229026813
-3724.6254023719976 4668.610872539091
-6317.408126176918 -2597.411517169099
400.8760508173709 6170.3994730211925
-8111.465507527058 7080.183614587535
-9043.953115762391 3156.4212763788073
740.1395637858004 9896.720046646606
6623.23335052919 4624.227924126853
-7118.055758721087 3135.1562351622615
-9835.759573713252 -897.0735973353203
8761.833836341073 2145.1991222320466
-2183.7416318357937 -6452.448148853782
-1109.6746448218164 90.6198790235394
-5369.884738967135 8531.147035787493
-522.212095583096 -110.65243285903125
3576.1721608859334 4205.367420096678
6198.741112270025 -5180.871235164699
8372.085056846368 -4964.403224279901
-7976.214781382356 9359.179508366196
5240.562229356363 2976.708880417218
9376.118125274174 5060.929006054046
-2815.8434998279436 -1459.2289279405431
4311.0063287184985 7588.5915637871185
5868.029982647309 7118.1397732840705
-9017.019301707247 542.9820980578606
830.5440502872098 -6051.448959126391
8356.931367858637 -720.3761128344213
-6504.572838822054 5298.974734165147
7935.684836626413 3654.8715477980095
-5661.816464348466 -4309.8537447328945
1218.0556589460957 -7518.580922549254
5563.305920819415 -8576.14686245263
8667.765604552751 4447.219425963369
-1222.2267934553838 9198.207927641553
-1834.9678245645973 -9650.495720479983
7400.205269650731 5258.293952904023
229.034250245948 -281.7608998926771
6923.964674704814 -4685.270328980935
-259.1271574385737 1251.0185997333483
2656.401391727506 -1627.1494733612071
9463.039835827003 -9045.954584702262
-5814.672264694683 -1349.6352757921086
9342.830904852333 -5518.4860053512775
-1422.2544075710684 8921.49659622457
7403.527470386725 888.3520080067647
-9805.28209051947 -4089.214678160156
2968.590832575439 -6141.046306572944
-5989.783047290207 -6230.134917505638
-8969.485112483348 -6552.824917349917
-8549.333320574937 5205.707580629212
-2232.612752119181 6460.531096867868
3025.808211416477 -8511.034845150547
1526.6145478068174 6844.178253875532
400.42608549908437 2356.2074338711172
-8963.315739320336 8767.939919126547
-7939.620437414028 -5269.9968613442725
3174.222560810762 -5407.731305697552
1355.2833360255554 -4784.048269412901
6305.0338638015655 -2513.289382560917
-6545.9027522408815 -4504.069475580892
-7965.797648005282 -5802.914997735517
8628.78142054988 -7978.028627559633
8141.741350200733 -2694.7494185723244
3285.087606913521 -8174.651328675469
8546.690478647466 8297.991350593991
7288.46033416619 4790.601647909818
-7666.038084815114 2859.1999980692035
-3613.075190848039 9404.38884536947
-6805.358953626295 8022.20685710663
-8088.248225563066 -6225.790664723751
3071.8565554484558 -2833.2577949955185
-3559.413049934801 -3377.802964335224
9370.744623809256 -6682.3031922351765
-6263.3513759674515 3994.3414196646136
-6217.573787522535 -6199.520296787761
4031.49501161471 -3414.352297436476
2588.3382561926082 -9969.554714552782
-8402.22671106721 9866.909184242977
-6747.34579074137 -4938.489381587771
-9437.731671627018 4608.909791714537
-9823.063634044993 8491.739560593014
7038.47350688545 8935.044755996092
3682.5805472200136 3421.328554138716
-9088.184026649915 4693.493489037992
603.0019721842364 -6618.910776084576
8989.567460789862 -9274.758965046321
2308.9314068132935 8497.166767768864
-7268.608700255146 3514.3970274063176
6556.592934507462 -369.59449993003545
-1594.6360195196685 -8257.584783464805
3239.933826164246 -3173.5836820301856
5268.235757371895 5427.985745318025
944.4989279580313 -5864.93672456307
8247.584286936846 -7380.49271707403
1141.9310035860526 -3294.258351953632
-4392.566889373282 -2982.7774406638973
9930.495956756127 8037.475302217335
-792.1926628921374 -1562.752436329576
3418.435201927874 -4639.482259776584
5222.604200053691 -5310.123760874252
2163.3494617642154 9348.79917485069
-3440.9316473835624 8229.71561924493
2522.234147588042 -9289.78575750401
4726.0623312978205 -6154.663369358948
-1666.8180483004799 -9325.594204104123
-1472.7705387093702 4691.314265994799
5041.180004548942 4995.353534301714
9709.058390423845 3125.6535305406687
-9803.161551961386 -8191.267539419189
-8427.246922129305 100.78293334889713
-801.7158821681078 -7468.335294618542
5562.736514441609 -7733.567619304445
3212.869100963484 1965.14286966293
-7026.50051396857 -522.1188247578593
7406.744073531703 -1142.9415230680115
-5829.567454734879 7063.209595344935
1926.7558587848016 -8593.57400850873
6099.175820805123 6988.357734974299
-4479.47119697337 -6462.947360991349
361.927900305589 9968.926831683697
2247.0095517375266 7241.552357621833
-1231.9401493056066 6612.842392934614
-4578.8587250223745 3894.2681158986907
1020.2974954251331 9838.137596261717
-247.24034677536656 -6845.684608459684
76.62292733976756 -6904.728622939256
2581.192996374486 1927.6209120864787
4731.969270834699 9333.566243036523
8173.465612601452 -2170.5172376568107
-3907.3189845390807 -5813.514795410752
-4754.593859047489 1686.8385441931514
-5129.381392533199 3510.6463479603717
7181.3677012396765 1842.0819356641332
9802.694147622886 -9801.387135790048
6869.674098970212 9367.92308226807
-5994.469765420543 8095.6604530941
3637.312673462895 -2224.552553105803
-4296.158422581524 1885.8759917750685
8458.803270217399 -6604.814915522165
-7474.956683470284 973.1089101870111
-4569.430647128017 3333.6494496227624
4431.497594978111 2667.429779895925
2443.561082791366 6755.476956069648
9365.714256624095 5397.935628167861
-7946.735173707715 -7786.06372024595
-2187.266956775802 -3792.1261724565757
-5262.3420231063255 -1149.751622473048
-2262.187839073702 8448.227278615406
-8949.934256407469 -7495.193137064031
-263.5344383697229 5371.051905159273
-3384.7180713140588 -868.9552667980533
-6262.217456989236 -6765.9807229167845
-5516.273386077782 7375.348536976711
-6769.1108906683285 3562.768029941153
-6950.182723229333 -215.91436053067264
-9261.70534042271 8377.829415683915
-5442.866082045816 -2178.5458202651316
-861.202401290715 4478.04334023861
-845.6286562813075 9729.532731768391
7446.503438555315 3282.544269168935
2532.4698638300833 -7765.446530899556
-3218.5586130681386 -8731.459581335295
-8635.270262638354 -2798.913657224606
2521.150479321388 2702.285955431462
88.11700680326976 -7441.524407180348
-7998.472268711894 -8854.223278360372
5005.37023177029 3171.5233603170436
-6360.874599096309 -868.1190545983864
-2746.0636480381236 -8199.9254905095
2975.9999324804467 6435.754510029346
-5120.84344032802 -7110.186933953575
3902.116339133856 6530.556864133749
6065.536732759554 2659.2360156330687
-810.7834464869775 -1899.3667400677714
521.3421652397064 -2204.574223310323
3473.974593910223 3895.494193461409
4078.164061423113 2043.8984652195231
-6042.844247409039 2743.065838800645
2758.5018217389243 5075.466767547912
-660.5847760129309 2200.8565828455976
6880.834353440649 1235.7035653471085
-4106.730753092646 9108.8281512408
3213.022206045871 -2869.7444845308455
-8925.31857832545 -6782.076152428728
-6248.662516928365 -3528.0886703865954
9706.613180909135 5103.361900550022
3393.7730598138987 8212.978717661274
-4479.204492054841 3731.952403999021
-4407.266961114858 -290.80394008811345
1722.877584697735 -8662.138786583913
5013.5848138951205 -9490.96183335807
8250.026019459212 3671.392138410023
-708.0328265812805 -5665.044200920657
-9481.056962739873 2220.523220872612
-1825.838690660391 6920.725066940395
-5283.811189378087 1665.0795417680638
7641.230474859472 5591.753168194493
8061.586667221014 608.591107760918
9059.04171966215 -7177.1639376055955
8979.413579335534 6543.034467808931
-1037.3105198697867 480.51839183160337
1740.9635726144097 -2963.1880410333715
3775.252079616119 -5945.1316288902835
2895.998060895974 -1703.5132457196487
-4422.791569984807 -3091.865041734134
-7310.511078390869 9537.9365735768
9984.259184059963 -6584.596216504017
-6336.026598918245 -2987.2442565940146
-4742.306859349843 6845.036780783383
-9223.255121464428 5070.884618307229
2962.8563843081993 2924.323837829699
2615.0090623608976 3300.6061101760224
4807.676125208687 3258.441032382798
-8328.960445700826 8572.200950241164
7734.607605609101 4118.464289630188
3143.280923275297 8721.712422269491
-94.22709704141926 5586.835834266674
6358.239294307408 -9353.570986573513
-6087.52967854415 3646.348656101947
661.9248154519264 -256.1544415904609
356.63235481056836 3521.360232443103
-1491.4989440392383 9911.02252001263
4893.22842773334 -3572.3864287107344
-7522.29294408402 3731.418624363243
-5110.995642989449 3859.6865531272906
-9918.465317503511 -8988.572570049619
8044.355603395768 -6357.2403762796
474.5284077023862 -9510.991973415346
-5358.445146333355 -9801.958173794394
561.0082651789126 4321.950224529432
-2476.067200891798 -2181.1513921741653
-5503.606526524379 7873.47795498099
-522.9533176209516 -9773.010456677295
-9791.263913620194 -1651.9547671651799
6374.251020371761 -7723.227036707512
9320.467468583938 -5009.663995258687
6265.515866629148 -9603.407504388311
2729.262484554263 845.6428178500937
9529.719023252033 -2794.2788351409663
3110.847758897944 1489.9393970225046
-6722.931307258334 2716.587941405998
7735.471149877565 9673.141793556737
4379.702171847133 9630.46945607414
-9756.332807523559 6479.18086953634
-175.08010265528537 -6542.802213896095
8405.848241721313 -608.3054147198236
526.9193771841346 9537.115493884168
6394.169872442948 -4435.721385784286
5299.30190250148 8516.19772295529
4724.017362840143 -5370.591346356399
-4617.9787625636945 -577.1122751607818
8776.364926221675 -459.70588240263714
-3267.1317443408916 -4782.129449860941
7691.175824528604 6225.08598885736
-2765.0277241636113 9535.651275190394
-574.0991443326475 3243.004814296555
-961.784301841175 5309.470444121436
4902.058433258209 -8832.86671458655
2443.869485886762 6068.7368740983275
4416.771834690537 -1921.2489121256258
7058.149658580576 8920.822063558993
2875.0482492762094 2343.258494436828
-1618.1857312112643 4576.713145190901
6902.4936215295675 -3252.107274888336
3569.320723910134 -5747.323057600058
-3472.9348329639697 -883.4134872253708
8782.4662474016 -4122.260932508579
-3127.6402927871904 -6322.510261369645
-7620.147436534859 -7240.541055937053
1183.8543011384081 -5256.185376541771
3124.904237292327 -3291.8963210781894
5513.415516373909 -321.1622535070055
661.5931799048321 -5407.984278082654
7516.29891817701 1651.034039119968
-3301.579972034101 2394.5965289245323
-2931.2296283279584 4345.4831055224495
9657.605640923124 4066.006020793102
4793.385411597248 582.8427823593502
-7012.133768476366 3810.320274744572
-3917.131204285811 4707.338599241073
-2094.4693870153033 9921.549152475916
2842.4419307182106 4640.374615512877
5020.187875153051 -4120.421055862799
-7075.646174258345 3656.5318807170006
6117.441768086906 -9860.246484094432
8107.278310038026 -5776.131193212508
-2687.2390681524676 9897.460560611846
-4522.859512289221 6660.6031498801785
-2143.1764463134905 -3918.2380310729495
-5805.148258806767 3895.4044021304653
-4935.841027902499 6929.743034617804
-109.67191828346768 -9721.31588341581
-4846.7128186322925 5715.926898999072
-7698.9181896210885 7177.429601248587
-7772.018885270631 -5441.250681648897
-1722.423869088485 996.2799443828189
-6804.338374040606 698.7469882565492
-8093.557825179169 -9697.297990465919
-4889.640073563495 -5759.228958166529
6256.565940346471 7894.278328682052
3244.075639689734 7075.187610040059
7131.95056395535 -9068.725612376371
3131.7733584702382 -8459.307262581164
-1780.8218686854998 -2332.18559221777
-2098.3415166223194 4364.013126998576
9146.187508152234 2850.143011452361
-6606.208560024338 6509.436615436345
3223.0052664044542 5510.612233203921
-2113.511954763474 -7206.248313226113
-9986.038840700683 -7328.810758784226
691.3804753357563 6469.855378765362
-605.170218165913 380.43105077742257
4444.403469464658 -6545.078469568833
8377.25173532809 -456.9633724922005
9611.383693091244 8476.696764341756
9736.686491280034 8161.238161970741
6543.316478628261 1134.1392606324134
-7640.9457058963735 -6107.551956428128
357.81524990284925 3716.2653622399193
7225.14300701908 1237.7391501333586
-3010.361935023693 -5404.256593946004
80.74547114244888 -3789.10991068351
-5055.419572352724 1111.4073374808722
2094.4124252145975 7997.881131654576
-3392.5472024584087 -5923.455062640044
3183.603764429483 1901.8870208578483
-4603.745394223171 -7602.558629963336
9193.933260290265 778.9644360736456
-9378.94094070407 759.3459688476705
3745.1028913215887 3204.793090368834
-9402.454381048676 5934.663077309126
-1688.9650014614308 5772.981206361163
6381.504629992631 -2009.1639340966094
-19.392944249262655 4210.604506915659
-6567.940881938001 1523.0457875184238
-4650.683045662789 3406.805743584491
6577.74382657975 -990.4975249989348
1121.0895878653155 9985.43498567821
-5149.001153774959 3484.7638851981337
7253.366398713031 -7287.134034975699
-2926.966751146485 -9050.826021816829
-3142.495758642556 -4182.712429870458
6512.4210008295995 -5719.836167593519
8570.43604403445 -1794.08352138169
-6492.797077940149 9883.824704978964
-8257.569836420087 7601.7382009086905
8631.671761997284 -4077.1934463469424
-7460.285247812517 2781.5415997179953
-4194.582351060812 6679.261925035618
-60.381219380571565 9382.161480788058
4683.631777897996 -8540.79296679127
-5400.1939634134 -4847.989845861121
4734.057465307089 8417.324601452521
712.0646555109797 -939.8765027989102
9597.391173849435 3778.898538088333
1205.0465862478486 5335.112032617888
-355.65532234712373 5158.216579082564
39.22722065555354 -1708.4360439071352
3083.980216749611 -5979.559688171876
1841.2896640766885 6711.593423275179
1544.3381812101234 -3193.4022394764042
8754.027677800153 7584.396511872823
4737.786205315539 6839.001069730755
7131.771153471571 8166.824710507484
-9360.077612030394 -152.93585239030108
-7409.752182369236 2613.1470140348356
-7447.728862147058 -5198.863306335062
923.6957713828197 4832.32109615421
-7514.584215574687 -1285.3669024203446
-5469.04718283695 -7233.738613555487
-8509.375546679576 -827.606884011977
-753.8469737109172 942.7381594459675
-8115.578766882303 -8434.13488123291
-5151.437468192798 7941.7009227079325
3751.971506889091 9363.354727829636
-5969.997027571634 3323.9777597728353
-1318.4502567127147 5216.247644698013
-772.7960798837921 4606.457458679804
-2626.234331738291 8299.764085898187
4480.346554152367 9028.015620934355
-5414.365092680353 -990.5411505932097
-9642.043547893049 7135.605460467181
-5189.018127268223 -4017.6579552665444
3992.2088198237016 -4369.913850079832
-4834.932506879308 2384.146032564544
3397.6289506162466 5446.523339975087
8132.748602954936 8501.926786998138
-4499.940515120422 7703.844918591603
6155.873498579333 -4096.163809803775
-9318.3156640588 -5056.096132429164
-7522.969978062999 -5224.436588071064
-6848.1989393675485 -2009.8647283951677
-1776.8364808712377 -9484.394598035073
6081.939845378351 9791.182268623103
-5596.0040197309445 -1730.838190518005
-6802.163041509384 6774.982320166495
9316.574499389251 4803.136720740204
4399.6667975031705 5524.003512620242
-3211.3070407815258 -4027.644476625401
1985.8597699473285 7992.440337927601
8760.32948472949 4999.7838076974695
-3815.2817821375647 -7978.642767387707
6893.650543462427 -8108.8196263608215
-6048.027122920581 -4432.079754126328
2218.544043321557 -2472.728064183858
3371.30407458431 2850.0025287392928
-737.9580014976545 7324.202412647683
-2501.222005688206 8517.620371296303
1676.4015472595856 8825.657032290725
6121.0440797063875 -8002.1920356535975
-9927.970476767572 -4812.283481580171
-8348.952690381535 -1680.3165575861858
9577.820469887436 -7759.829342567837
-3736.0802581225134 -5988.363093936074
4592.912305665797 -9344.357334024191
1379.6123788816185 7072.709113202254
-8739.758002618426 6730.575017840765
-2272.2486951033225 8555.392638505084
4383.710485488811 -4620.2562862556
4484.086802451646 9957.245427039277
-5172.8363550680515 -2831.348707931965
-653.1720367320904 -4596.140783587539
5874.80121429618 -2444.206615085187
7925.055582687739 515.8824042460456
2599.0377878353793 -9010.550610137752
-9559.691802451407 -9112.043491780463
6973.239172119313 -4898.686934663239
-3503.649871327112 2267.5745893967724
3283.1686954597844 -9038.079215912643
-5448.973183690844 1807.0360061266056
3332.3847346463263 -5789.492561038372
1728.0356974068 -4828.182915414465
-996.772574571427 8844.562089375275
1735.3215241684102 -2176.1559477037636
926.4600798055671 552.0219037659463
3910.7396254021623 -9541.698542514818
6329.00728813581 9691.693559798456
4794.514261617249 8357.774436907552
-3429.333886134138 5375.148659906212
5131.938944349071 -7662.327972925583
-4552.945412862428 1575.9979444486835
9838.66594754838 -5007.962237267474
3027.4770784582743 -6209.8969280582405
-3785.161732029532 -9890.985868725717
-3387.2114461550336 -9507.058361965148
-3426.7689214805077 -4589.627636805709
339.7458676841543 7487.99823995597
5450.459672977284 9179.693240242425
8024.743244913279 5212.707886722268
8699.239607352672 -121.08015276621336
31.235575609813168 -833.8586814364571
2013.5699478164206 -5486.824225491709
4261.551430228834 1845.264731384461
-182.37176623927007 6288.893187188682
-6184.784481281 924.2793696224435
-8046.927554450021 5020.447958500252
9422.30011064413 2884.190444944181
5228.345102336165 4775.659379929604
3451.729952054511 -6102.586331721709
9647.48518926857 2410.6693801006368
4110.876948304818 -9505.112360363535
-4985.140273651769 7929.865342515619
-6605.819445159244 -8609.185728526614
-7383.8679806578075 3016.677437768072
404.9406759861813 -1187.1970105823784
8804.692148905793 7616.226837439892
-7134.1629862053 -7217.144294300994
-7423.326949728415 6110.9675739458
3950.1292548529636 -4982.716405658645
-2403.401028615679 4415.610131808653
-993.09558804679 -9538.69993030643
639.5963090603091 -2772.2182814389744
7320.142572350582 3946.6951277645803
3045.0286215470005 706.0296127916172
-2267.2258808119896 -2941.347865844373
9530.29756792849 -9993.076268142098
3783.3174729550483 -3979.579872782906
9592.482150153766 -6601.812065557009
3944.0789946208606 5252.212585162601
729.3748626485049 -4925.074521315915
-4383.679858427696 3233.3697654363314
9840.395653778545 7341.177298871298
7729.182428330769 -2605.547049716999
9421.758003800958 9479.194989460502
-3894.4131056522237 -7011.370004401217
8549.17539722212 -4586.02276145768
-1800.2790105154472 7239.336118898838
5145.30299949835 5190.767210710408
9377.128710922032 -5466.133682459035
-4341.993051352726 -3681.6335403880184
1599.8339335729488 1030.2132972949457
-8970.525769927865 191.28209485479601
-2804.66660588597 -2232.887917684976
3715.0662715798226 6088.872937202699
-4670.30796568553 -9785.085991537037
9514.739375887424 659.8181317425351
6871.387694613546 9177.570691347988
-9891.245764086205 4335.395170715965
4523.965102385373 -6946.339575788503
7443.300981862296 7775.2017502854615
-578.0590812994706 -5312.95099204248
9490.582641075933 1234.1105944560823
-7174.157406311079 7385.429643076004
-1588.2078069466534 7649.422331794558
2118.637273956143 4157.650698365454
6780.336342731702 -3717.6984815396045
3997.2354934513314 1818.3846217954615
5276.5603958729025 7907.777286701028
-5430.852737331664 -2668.6431962600363
6144.133764735056 4832.7198102173425
-3994.2137531785593 -2389.9920463262124
-9297.83593587476 9431.36427027129
2470.311221793576 -4032.8862332542158
-3663.9849929358606 -6576.877370681335
-5770.690293144987 -1497.4469078829752
8643.705799369287 6777.560933242232
-1825.9673792534277 -8058.94304080861
-2206.3215096593276 9916.594912297413
-4581.708874497268 -9220.55502250995
-5346.37090003073 -4205.900998815466
-7793.460866737143 6075.493659542808
1878.9943045938926 -531.7125075689546
-942.9339043663076 808.2528612224742
-2096.394724392161 -8057.624686305453
4881.634938502832 -2537.7278142114546
-2346.0828599822107 2334.1995157714864
7764.303850353481 2335.8602817617666
2812.1295479613145 7845.609746466398
-7851.424768347561 8046.158301204592
6582.425328254732 -5462.375051526896
3373.4285134034744 -9198.543672592268
-6831.5438184213945 3577.484451706154
4815.1865482007 -7766.150378182438
-9450.890979034124 -2591.110696516932
-9666.40878676151 6932.975971847027
-3356.500416721091 8206.887601973205
5286.84912999966 6294.245715847839
3585.0362693956104 7014.00487532694
3071.8269095114283 -3107.3886177523245
-7421.682047923728 -3885.61540098348
-9038.018224400881 -2684.392842871828
2691.515412330449 -512.1369885382246
-1042.9847479386663 1237.0197505580418
-9059.185088392007 6596.041273795494
-1575.3592163982394 -3514.777734139063
-1847.6122484339012 -6712.401585547943
3506.2770859593056 9957.856551416044
-4658.724739959887 270.22695663620834
7574.864043799487 6457.206901093989
8725.46609106239 -5618.263000104966
-525.5754183957833 5868.25277376729
7997.365650067033 -9196.9761191362
9837.385146870016 -2425.9321898042826
-7896.247924181396 -4609.233076289265
-3532.908015937317 3600.8642845398062
-460.77696049899714 -4532.1409730555915
9589.341265825602 -7292.350613720415
6037.051631939139 4694.7456448277535
2718.177626632252 -3516.8772506782343
-8454.744682430797 -6945.005741791104
-7052.402257158059 5485.0867392665405
504.61742060854704 6523.5750372878465
5672.211834858479 8555.303900426105
4699.279182588394 2646.4936864125593
3056.3228204139195 1665.3990876387306
6329.441630759387 -1954.4325984215648
-6987.71312058551 -6002.9548895142
-9540.376300551661 1772.2944324481268
6015.424870641829 -1567.660328949647
-9375.17927841707 -5530.072912352885
-9225.836246914692 -8772.06523251377
9130.81850309789 7463.005233895969
-3409.5125012543567 1369.1294853265408
-5536.173384462888 -1821.2259933257328
187.1896950913706 3947.8013860649135
2228.496417569424 8715.058915717189
-2155.1772277735945 3880.7051961192665
-6837.701646590497 -7095.669087162683
-117.35533473941359 6382.320331625042
-7971.864731811538 3883.8454109476934
-6165.730243866312 -1170.9047292823234
4565.985582845868 8966.905649525866
5110.144581807275 -5000.427798430793
6188.258672726084 1520.444344153162
-494.64124513021125 -2852.437120079483
-4267.5312302502525 -9410.715272188334
602.7283169124294 -6036.82970683512
-9661.270619173918 8167.589675955875
-3062.52455546465 -6800.870837566787
3398.477818208863 1303.1719648300113
8731.249856364346 6587.587775080989
-3475.247883756103 -8369.51353552541
-7930.363197414783 1645.105717942497
8623.237415620853 8463.290189004267
-411.29991574334235 -9938.694580625754
397.2169580318114 -6761.895059580532
-8947.480275678245 -4410.734432449619
-9001.538168244579 -7115.223687496963
-5354.90952314954 -4296.592916302542
5040.001556311992 7610.5816374379865
366.350209680897 763.2705698727277
-7184.374746748774 -5380.50939091768
613.5131828196027 2019.2487178916545
-5675.133353961095 -6551.655719208027
-154.70643719665168 5518.985872588708
8581.134703621326 -9113.132631541686
-4831.990375025779 -7179.17832276499
3684.5600251488668 3858.5939012520194
2748.9587032525887 -8606.698675102658
270.0243286965706 7174.932682746363
-8846.127915540455 -2322.558370059979
1194.7606292776054 9734.764602579646
2021.6506238728143 -5988.90852625128
3708.803611010335 7527.112214775043
-9068.999283229692 -3037.6172019094347
-3144.514828987386 -5295.414640224776
6879.989011531659 9091.931238085435
-3521.921855957601 -4969.545147177597
7490.941801682322 -1238.9152037031236
2962.581674292149 5162.372174077402
-1130.4769575727241 3326.200225066392
2725.5741887208933 -1479.102067195936
-6011.767790361109 -93.44357338003647
-6540.063008722381 3901.172726717874
1530.963199425314 -5113.806472433471
-4719.814803934781 6521.199485425299
8326.678717914321 8407.60294898548
-4836.977218677092 860.3902182895381
2816.659974093691 -6662.13086429599
457.6707733108342 -5572.842324102825
4441.189857523143 9535.499546510848
8744.401227914397 -495.49012316364133
-5602.051040203799 -6281.144386858718
-4051.3696992876366 -4042.2486126092053
6915.791457394771 2834.7367599075187
2371.8240629136453 2348.554672511358
-2996.007950498696 4548.341379226482
-2820.62234694765 -5115.181609460653
-9421.55151583462 2323.4652297422563
5889.537680314585 4145.893572899491
5932.737075887704 -5465.521364546908
-7463.660915959485 -1942.1001652443692
-8286.679679206818 -2850.741184803298
-1566.5662796999768 6254.030217956273
-4125.379309980135 7744.917763874713
-7155.394354985945 -4260.121916500756
2531.0680590354223 -5034.1701643915985
7370.655074588762 -9306.006290468777
9189.643223674426 2006.1032988019178
5491.256980717404 269.02634745980504
5537.848548585409 -4703.687327787953
1454.29535275353 -2581.042542723959
-3221.567268001557 -9703.04569703624
8584.086830490713 -936.8955606405871
9443.612436803458 5148.746943166567
6083.808466023625 -6692.287604733485
5687.934561172597 9902.556524170672
5536.354975260898 2981.1168691665825
-6749.666061705759 -5850.618891353121
-6438.243317502319 6398.619170033602
-7407.660981599642 9093.484544301285
5468.188955118767 -3941.637313958435
-9839.2028321433 -8540.574814111471
6237.523198011999 3879.6630811352734
7289.88184976851 6096.388896242179
-184.73985113553317 -2369.5985185559484
7948.566031000886 -8259.124929908301
-4571.39181114169 -2649.7634760238498
-4643.861701061321 121.4653175217718
-9464.639330451435 -7138.438169520731
7429.757588174747 2437.0328197361396
4010.144076351189 3870.2782294362078
-5905.564829585972 -787.5670793713034
-9696.491799411524 -7306.3856492607465
5677.250506255143 9633.35091564311
5563.242561939669 -3687.613847599884
924.0077798168732 -5315.349183280285
86.1967328256178 9230.234016587663
-4382.053423704806 4764.223511231376
-2027.1912841715784 1532.5397112477822
-1653.4736360670013 -3083.011799209903
-5514.573563420886 -2427.1170021468106
-1346.2832379293395 -568.6501479172712
-5634.5589146975935 9875.045101153868
4631.6165977842265 -7736.912283187194
