2176
2902.103434004259 3031.544694731956
3635.3651103777866 -1924.4995348366147
529.6604773770123 -733.9046248127306
1457.6843704937855 3123.385526748969
6884.19264235425 -3815.6464401701332
-457.97217072885724 -458.1770457720504
3250.307707684282 -5876.975975035374
4790.302812033438 1580.5664562124002
4708.335615312515 -7423.408667792992
2829.059558063931 5095.460498418615
-8312.53434449795 3053.464050142329
-6612.746008225703 -6969.747680745641
-7257.496094230957 -7116.930037849475
9947.250007038165 9090.863889225962
244.3128378744368 3993.0563698519763
-5256.105266308981 -5968.314037247776
7099.784160840896 -4617.1943667495725
4424.77691523284 -6007.023299658269
-332.0344267698256 8351.481055852895
-3451.941264856091 972.9826161871806
9714.75059971758 9495.871069543926
-7417.445112086296 -8212.067156268977
-3450.6823130321736 8075.31456909392
9188.0119493079 -6232.409600223198
-588.7053301452033 -8451.965456862512
-3708.175496791335 2953.5637492852948
9728.39063629671 -4084.771902843054
-2158.2963150909573 -6287.869450622181
3040.0351457640736 5966.301777815863
-897.9010641874429 7442.845463789148
1183.332704030052 4600.659765633169
2975.444268481797 -7541.265570888527
6763.431115082003 108.49817830193388
7067.6015134248555 7133.413953277151
3981.1788654192897 -4374.918647963195
-6919.870539969759 -5944.989727599412
-7433.273370403722 5930.002961316704
-9399.68869518752 4196.26355631763
-5131.4883831462985 -6655.014728238513
-1526.8606619374368 -2995.236274083488
-9927.149491006548 6690.77008490586
-1322.2553582683558 4836.765962008007
4080.1312412704574 5095.719766253018
-5.963535758042781 8302.59098102195
-1260.603948307842 -8094.245444272048
1733.600849471739 2861.1245112070355
-56.126138051626185 -6972.7098347116835
-8577.812681666981 6395.477954939379
515.8057796544308 8741.876775596531
4559.391892616604 2521.3959793820504
-9140.305150761294 8363.261157079978
-555.5677392784855 -4975.4755447573325
8038.884034387884 3064.638589587994
-4454.816236248682 5092.1986629101175
-7768.853455825258 3785.874808852428
-9999.06855954622 -5100.0811077138405
-1555.2304454228033 8337.528018344277
3587.5754311859328 8632.23788412994
-9072.629603289024 4650.518228527813
-5162.694799448939 5162.293351016549
7875.484445058286 5577.329466126021
-1006.9626380285517 -4616.231219935318
4853.735611777403 4732.6602295275825
-2908.79689593246 -8416.421224671085
6758.187644260157 2568.467595560176
-295.2623285463833 6263.125254938359
209.24305979526252 -2789.616412241103
-258.5803143874018 3460.485755075457
935.2616677915576 5539.510452322838
9180.979554767597 6895.436898556938
-5991.178670566656 -3414.361935755277
5747.682856167356 6153.7403546431615
8723.352539658797 1504.9524311090372
-2746.6262698176806 -5353.339782520614
-5551.358423133439 -7752.660856661016
3709.2430496940397 1226.1940657095765
8979.488559547986 -5524.588244161401
292.8735730110984 1106.052686572366
-3307.4241858581636 -620.5615949563035
-2129.6149839452646 -8867.062527895496
252.40631131994087 3739.3536777182962
2011.7962229624918 9472.205686072553
-3342.0805205399693 -2082.9114557814955
6300.989603679956 -9583.459863346055
-3902.7926740231296 -2580.5231046700337
1229.9554064970253 -8704.227866680709
-9621.49006447524 -4745.9717898585
-3919.731818438295 -9639.458023402696
6631.465608610342 -493.11621190359256
-2066.9708919478235 -7967.995572753288
-8476.638708267958 -6595.6836152657415
9311.796000930142 9054.32385286059
1410.9212145070906 -6423.84725520321
-6048.709635101419 -143.76431642258285
4648.941682921886 6321.53208517842
-1202.0294265443972 3822.4768283238227
-6297.126919623657 -8615.548493088354
9586.82327640862 -2804.5778860189685
-3236.7825762206267 -1921.4265694264814
-2797.982358955195 7971.799459493035
-8764.593853136383 -442.19689705335804
2517.349969302957 -571.1239001273934
-5220.408487289201 -2388.8223301837734
8525.671261107822 -1190.949227646206
3500.5723858140045 2567.6377800855735
304.79642110900386 -9788.685182339976
1438.8583710850235 -9271.71645563627
-4269.347480484389 8882.572938620604
689.649890602197 5200.751002983641
2836.7167739208326 7871.346664546316
7277.301844630809 -4907.6318371141815
3332.0741401827163 -2599.077520970077
4338.6108188631915 2725.7974987843754
-3971.2961083171085 2338.5228748935006
1219.0593959615217 8872.877824317486
-1208.1112020275814 3781.6259470422337
-5238.084657604864 -8040.558730840313
3115.9142867489027 7052.078811428026
7370.881452168942 8775.878558817272
1540.5189836833943 -9716.813746386184
5352.76373467279 1435.2890152589825
4861.82578120678 -4695.511105972694
597.4063032601953 -1846.9456831949446
-6545.223159916384 5673.468252390667
-1172.0719279202112 3878.732409796443
5012.359754011233 -4527.038114458315
-1544.9233158411043 -9106.824553659339
9620.216437110506 6887.5845305788425
5495.286589589876 -809.1752749884963
2323.4864884264716 4592.00034837965
-7937.172176223965 1799.1610676802447
-6793.972051715649 628.4095778087758
8622.19185276005 1144.3117373019504
-4509.55587028377 4720.149054159689
3487.6637061402034 -846.1353092056197
3280.6097889547273 -8137.155976694022
6982.790273336133 5994.950612903338
-7693.305911079766 -8445.941008622753
2223.2535622668584 177.70444951058562
9395.937566158427 -8833.040949163422
9662.425471438302 6211.233864193522
-619.2644949611094 9742.988922169552
-1660.329446837406 -4918.737023272497
-8231.141996906754 -2126.861937619875
3197.2425645921157 -2474.3528363871974
-6261.090500919219 -5643.127525768745
-5117.603831017703 -9584.015298137212
-9112.568692653884 972.3509154045732
-3872.8733683692626 -7489.413103536383
2642.309722818636 2961.077934370087
7098.720500373765 7426.093061784497
-4629.552089294315 4724.674377428786
-8959.906823208044 -1117.9425521048852
2945.9360451844695 7750.97427562912
1069.657287667731 -3895.1474248326194
1908.2408145237205 -9068.806324287378
-813.739585231453 5734.281704928795
-3671.797634280114 2199.4456346376373
9325.502562843354 -9341.69472493027
6112.9282601405175 -5179.595104763956
-2260.473582557931 5908.339553424126
1718.937037139991 1670.4643438501244
6023.161303356725 -2920.404726198837
8106.198272583901 -3497.7565829474597
-5214.926060487168 7697.96829787517
-8746.01087839889 2451.8565396967133
9263.36539933288 8537.023918887295
1672.7714361847738 -5057.134846275946
-7889.1649465355 -5904.3555967029415
1084.5764295332956 8660.380137059412
3125.911376522312 9278.942608679186
807.6616459573943 -3586.695269158571
881.0323015999384 -7217.925622382712
-6630.510093267607 1472.243379644544
-2998.962250744541 -7241.380681085879
2485.3579313539194 -5634.865459883056
-9730.076421796402 5062.218515167442
-9221.713108694472 -9867.81192199752
4795.072680970312 4682.203045111017
9479.061252344549 2686.253432412899
-5866.116308167278 6950.971594399969
9833.596895873132 9194.261423428372
-8411.526832348876 6682.9032876323035
2058.0866984457043 9289.923760786434
5799.932386434124 611.6306579249595
4420.6603666808005 -8552.597871377326
324.3797162308474 1324.5220463290552
-7608.426217667215 1990.1874790654765
-3951.151225165495 -649.7354197400073
-4207.769219453383 -9021.031789387775
-3894.1813888570723 4137.450236194734
486.6109373231466 3616.785817488868
-5629.01133117633 -5630.875358903658
-9603.036041435626 -4170.673644642142
-9320.333348633227 -6609.734754113654
-4511.08174852969 -1677.2988290149842
-1427.0679066084413 -3517.7938098853674
-8140.582642103973 -5309.368181323004
-5314.488803789434 -6699.955916264291
-8825.802621224253 -3962.5442945999057
2813.084472884202 -9003.90191204422
-1560.215438321613 7102.924018313639
-9752.47348834814 -8615.472806018071
9458.281782411541 7019.283380099194
-855.6383921397955 8959.238503042292
2301.4935398302314 -8399.340231761562
1487.495530189297 -4340.750973024472
-9245.786911227608 3459.3079551005103
-7357.924775109774 2982.703169031234
-8085.209228459036 -8737.189050861021
5537.093694689142 2382.766124748545
-4995.635958736671 -9909.15676586889
-4804.847354651753 835.6561564880722
3924.434884843886 1119.654377635883
-8372.428997274248 -9946.89359470672
2215.7357697924617 -9243.051739224027
8038.80780247186 -4981.423998470736
-4190.371092399135 6869.372174522901
834.9487728880686 358.5616152588864
6326.552994119031 2889.358934515305
8106.7955136126475 -8482.602175152784
-4335.688343942319 9357.595013926602
4058.859351935793 -8214.044871929613
1232.2868141770723 -3148.078537747232
-1718.6309318254716 5941.686221016456
-9574.062793714776 -5726.99329730451
813.1534799159872 -3410.500840436137
2799.2208079094617 2101.6525393967804
6619.068716824408 249.9618191128411
-1119.1341941135815 -8487.857975120734
6406.400700903159 -3176.620610404754
-4306.304992884111 7120.551229062636
4630.464549740027 -1734.6815027252233
774.4884657615439 -6333.505338519672
90.40619536908162 141.1785285190963
-1144.8522068137463 5071.288774562097
-308.02088569478656 3184.442976367396
-1645.7832150495433 8085.068461442766
-8245.128342980492 1065.2778600760576
8441.07970339861 2129.899972643776
1667.9175813541897 5283.171540204539
-8326.544967062044 1965.4908112118883
9746.324037138947 -1570.652445472695
2072.0694714543497 -9551.399594500084
8820.823508806101 -6978.2985810577575
-6015.311126338521 4926.815865399905
-2610.5666282186667 4697.062250377301
-6795.038922476662 -7298.1425196603195
3088.2956113836863 5752.588453854854
-1450.196863752637 -1482.8572066098914
-9211.147991490425 7860.1611921850235
9462.350492343972 -9831.163554699278
9804.378369850783 -8765.349184718425
-6804.232363925206 7109.173675171292
-4510.303402966487 -8381.022647135565
-6253.503297896248 -8694.649030373173
1943.6620374742452 -3844.093035312523
3943.8062824143835 9636.834264083856
4574.793388531891 4548.5654077987965
-8034.218622691465 2758.437817755701
-6033.788119309291 2868.672848033262
-5959.82299765368 -3373.913428893933
5776.820873994844 -6046.452822283257
-3798.1589726919337 9776.684758209874
-4658.54896418713 -9460.061684240884
9716.689489122371 1973.0536571412395
-9816.532822871253 5114.804854689548
-2854.4984828844354 -2030.5644417284884
-1170.8755816520334 3920.1583364013786
9009.083983339988 3922.5845448531036
113.73131477665083 -8368.854156396113
4629.631486619986 -6632.001923909747
3595.4688118211343 -2066.4306866073966
-5038.605034151083 -5299.614850060264
-1256.5090441973935 7559.0595496915885
87.04857214225376 2741.9761719610287
-1757.2892387765023 -8706.827818460155
-455.571515811831 3251.836735893956
9058.464450288597 -2946.303350006827
9761.59780165469 1123.856367804181
-6169.979174755272 7343.490357557526
9616.47326618349 540.629729291606
-5287.312177158592 2214.198778928878
-7499.471237953998 -1505.0292783571222
1964.0483456073434 5334.243178068458
-8745.624316392277 1860.3357407600724
370.6379291252524 -5163.51035466718
956.29761527357 2585.9604386108385
-1962.8396297207319 -9671.952779213854
-6216.8999393613485 5612.046671749746
-5888.881255872858 2776.6702632735887
25.916836495045573 -255.13131116887234
-5308.488577920653 -5054.721457300328
-168.10231550580284 -6998.800271052714
-528.9548894852705 6628.130059074952
-8644.021696013755 825.9837264319467
-4412.932399559281 -8850.781189201203
-7254.781619056615 -1893.27845220989
9707.238978442609 7415.5050629658435
-2258.522170656259 4052.5588428892534
4551.7100687189995 -4725.394604849669
-2323.5243558909024 2775.6053295377915
1854.374700340988 -8991.391194146723
6246.560052256556 -8193.464535631465
-9808.45307176016 -5497.279530196084
-2307.19560133249 -4203.939697164132
-6842.817399410106 -40.54643040939118
-6124.684784387508 3298.3922009652397
-8960.448770096185 7986.133677908721
-8781.071804686944 802.3427948677727
7455.055579251417 8465.49938315216
4620.747788304776 -9929.753991495352
-8679.343640282628 826.2305752985085
2148.2604634674753 2364.407775995558
4097.166032612242 1162.242601633774
-8279.955869832229 6285.331400044499
2411.430572381343 -5893.352183574112
-1050.6313079576612 4715.495676414794
6966.22697186131 1448.2795233393463
3944.2652758835447 -9243.01985754918
-9927.543306100659 -814.2567264102781
4095.928397407808 2570.7881233178214
-3810.976750893691 45.961203209628366
-249.41199102544488 2670.2272261787457
-7468.4572093489915 9451.221606301631
148.28129525066288 8490.247546102433
-9888.167682072493 -499.22493313501036
-1874.7819324500024 -2050.827452825537
-504.1127073048974 7740.046600979429
3814.735711345207 6238.7765332942945
-9881.137029129955 -4677.433347702178
-54.89642969566739 -1776.7852987014558
7171.3227296196055 -7373.242033407157
4320.726181117567 4596.812931801465
5871.838782642142 -528.2648536647503
-1313.4255584135462 9345.290949546801
9366.768272226422 -8216.675646515898
7413.958799132797 -8925.50923928349
3548.84829392105 -3106.478145639242
4309.026536306479 -8584.759798496309
9762.007340752392 -4386.346589767334
-8666.331045859868 9982.492019992802
4660.584343197474 -9196.475474642652
9141.780862858599 7261.422628269636
5416.925390297365 9365.884238287374
6072.115179585144 -5687.291113613837
8022.106949524041 -2572.4494387153272
9602.24480046557 1333.7108151463144
-3399.676312873734 6925.5888706880905
-7743.5658839035605 5881.850764719904
-7541.755445993641 -4101.0521556943
2573.493043136401 5960.986512356083
3016.4413552952465 -5506.991120341767
978.981060913693 3191.1125576206305
2820.7622114494097 4016.5239757011386
269.398295886509 -3073.734506328138
-8492.695959533743 -2652.554754271632
904.284528031727 1455.0298300977265
6895.42778226345 -4433.805998908296
-7584.56145487969 5312.569531060784
5309.031917394956 7901.936384857359
3980.7325885049268 -5747.344141434612
-4222.910632153847 -90.53273320516564
9573.299156908219 -2427.320530887918
9940.223748828601 -1748.658576870017
6085.1258221859625 -8745.829405539112
5290.897870765872 9541.908862575932
6437.4018404643175 775.8888543873545
-4199.451916828909 5416.9589961375095
3928.2121171457493 -8523.941232767942
1037.7990988335405 6324.6950873059395
8931.480965730967 -5015.115794151788
2557.6638120813786 2490.8014938407778
-5450.665279218474 -3482.025243560034
-5357.585457761426 2092.3904951697805
-6066.665645006635 -284.1216149547108
-4599.401655858086 -6117.345419012499
8728.319060661215 -6765.575843819267
3781.4443325445973 -5659.930315772172
-4544.12783332584 6435.120022979678
8237.700400356844 -2126.9564469890365
-5357.285907108333 294.3827908163239
-6429.293404662823 2692.9109379401325
-3887.4097538268734 -5955.097368899793
-6082.69611674473 4675.235314400599
-6901.471849814673 -1918.0188319326971
1888.9522187490202 -3138.6152675561198
7695.59260498326 9312.207529218482
6549.217888208423 3209.3950062742642
-9337.429571947032 6391.37944979416
-3783.4353697051592 -8214.837716957107
9694.285975681189 -806.9093422515525
6005.172603213403 -5207.9710986367545
2024.5304817048109 -631.0457790023629
-5432.717736863133 -9331.126747824239
-417.1236805702447 7005.95053629623
-323.652658376679 -3056.166661802109
-2083.0798658788826 -7844.073243275396
8091.061201828601 1612.8284045898272
-6295.214087746148 9406.799505947562
1566.0998742520442 5519.078183461097
-79.00070997307193 -1315.4448895087298
7926.206896972704 -1458.1566644666236
2582.1210357389846 -3880.3425131264294
-6203.969691120914 8359.64921365747
8486.816761754577 5081.016892689602
3878.896760177413 2135.2803987978004
9478.313517773673 -624.7981375037289
603.4952563157913 8676.870901519644
-4504.517613677792 8128.102827414543
7508.220889619533 1461.4358707136944
6042.059741485797 5010.7919767765325
9908.706872162911 1364.239213705967
-2308.1935429048635 -6759.145338299528
-2805.132941064776 2019.3991626874868
3860.685881423615 2184.996342436205
2529.5329604554954 -9555.810369498584
-7684.580975932023 -8591.735911662567
7771.571110270586 -9108.492308884519
5751.058961818126 -6340.252545823495
-5877.870102895415 852.0188182049751
1258.5064272389063 -445.83746903475367
-7706.539774682375 -5290.47950802844
5616.174135105159 -6396.753804771775
-74.47201340127867 2760.0927645075226
-4921.720147711877 -6229.5757359311165
8526.415728597382 -8862.359105571964
-9304.459393235482 4866.746542748748
-2611.698245067193 -8354.537361235774
-6807.691644351273 9875.611077445537
7731.575297223531 -424.493576577328
5037.488707039134 -7311.6608668656145
6755.437490658351 -7695.986412126852
1584.8357675420102 -9247.820979384216
8324.10585076821 1784.2769905893965
-1978.4691826072367 -3223.1357562486537
-5306.460373269048 14.270560884726365
-5647.790699294588 4915.375287737659
1984.3665484285739 8138.942374686409
6758.890456630539 8729.075881397755
-8967.514556171564 -2946.009901655835
-9584.45223295293 5766.951887972118
4799.5921240345 -9790.024270397593
6199.334171691853 6733.180530454258
-6298.336123637351 7772.657262108169
1728.764265944903 5986.814476103946
-8985.785056985276 5377.457846364981
5772.425455423132 4511.881638767174
1938.9160974969273 423.01708867289017
-5689.9160875888 6515.7393958659195
-8033.042050987251 4180.798162173807
-3608.671965229122 -3541.9500330453384
2850.309939102015 8954.765851230659
8425.165359364597 4582.2783538515305
7792.820013513632 -3892.826780430858
-3352.7158407980414 5916.142981564422
1398.8668660436979 -7026.477278192806
9249.962360893627 -9773.02203498878
4468.075872395028 -5478.184427695898
-7977.111174707816 8562.505487713985
8900.368941374938 -931.7888579895789
4341.446796740751 5777.038206977426
-6223.577555435145 6443.26981771761
5952.289888626861 7837.669168212455
-9895.627898581975 -8290.027271083196
9244.316142857584 7724.536577178515
-1225.6100086914284 -2133.255569160211
6556.437532151795 4383.780393574121
-6061.451144027233 6925.741087475311
7561.8135137827885 -4538.659053094343
-7665.852025642485 -9661.312446079177
-2118.4945574737894 6440.280377422147
-2005.513416375391 6949.595822757517
-3181.215099178916 -3676.1634348117896
1341.824518336176 9485.703942720895
9468.613571115406 -6849.040855922702
1833.0649844235431 -944.9712572060016
-3554.9049737477635 1400.5921437925554
-5870.524554924117 -8799.054157387767
3082.9714039074715 7735.517664631123
9187.539008919353 6771.238522011932
-792.4671549521208 -8443.906990602534
-6281.186708209094 -3808.900682832368
430.5732561196801 2478.750240567051
4142.452762974943 6686.588051188235
-7581.675014918863 -1876.3404512616753
4454.833919732209 8587.089712578098
690.565260836931 2490.4828323332877
-8633.493912016633 9042.341190968069
248.38920038818105 7720.683850156485
4607.4593209534905 -678.3673020427923
1691.4115441342929 189.38701152316935
-4522.494872636824 5319.811515735239
3473.445085385427 5639.304704497099
2519.3215638177353 -23.239623672263406
3558.9859615486057 -2536.203259594985
-382.48604040229475 -8975.959192034437
-2018.8848323172424 -2734.3561149863735
-1122.183531343062 -2195.564951731845
-1335.2901151945844 -2537.348617252579
8316.33845968133 -3132.8626433475274
-1632.8659255686562 -8019.261378628015
2689.5488249693226 7623.392789001624
-3298.1341590667525 -7030.310383515388
4721.464684644701 6554.398823481577
-2051.2042393973998 -1003.7194785744814
-6464.7041955841905 1295.3256956147834
-1281.7899741310393 3314.023165597464
-2727.4216743379375 4376.338852495757
1523.761709543227 9578.301965329869
7683.611126058098 483.5370675734903
-1066.9941049060908 -3229.7901936516046
-4101.212924622213 809.7530647753047
-7797.644227133833 5111.9194806107935
-9358.80113672571 3397.195513558223
-1833.3896529334352 400.95531030376696
2816.6749861526423 9330.93869649138
-1358.5315889891936 -4539.7283045129825
3718.180193852477 1224.303323311573
-2289.266341089935 4295.563928293643
8007.311412925013 -7355.802885641984
-5991.798485038118 -2929.228935184092
-2813.625318870756 4956.516869437877
7467.4914280868215 -7842.728302897514
4450.340487143685 1528.7497091066944
3001.368970868225 5281.791021721559
7608.727583312193 8308.93363278935
7185.391882248896 -4807.424532481863
3193.272672386196 -5492.820139280281
-1741.011232589235 282.9242895620482
1918.0019476327416 -2562.0233871669698
4620.360568730535 -8744.306425339642
-6665.887158218795 -8461.46003029169
-7520.118341350686 -8818.075082412935
-4177.134354636159 3160.4992102947654
-550.0525750006927 -3798.7249274701944
-3004.5644499988057 -60.76419886311669
-2412.4882648372622 7631.466049652456
-880.5053624536849 -3622.765064024791
6768.8267351941395 -601.5120597308924
-5631.954632788923 -4265.176887634181
7264.182277084266 -6531.15985455408
5486.819498214509 -7596.2800495826705
-1006.2741156416723 359.6092915529589
-1097.6567704597692 8645.83641080643
4183.722688881413 1821.72099760347
9343.538124092749 -5088.191234993215
-9994.101965144175 8436.241289076403
7725.518345035223 3910.7727427198897
-1729.2163852274352 -3866.8861828639738
-2654.9778954118456 -4815.087549710788
-9640.727002548852 -7463.720181128279
-2637.3022144682827 -850.6336964037146
7314.871117246468 6558.624204439835
7098.24221424865 7390.081619236793
7382.403954738569 -7185.239926542079
-159.82207723725696 -530.7379810040511
-3732.76104527233 -3810.839195583946
-9327.16799215013 5570.060700027418
9002.339690041 -8708.295838597682
-751.142826845211 -980.7708982042823
-3451.2288180413298 -3447.7902354579037
5486.425262081013 -6941.562892826638
-4881.455699198993 3350.094743286594
-6153.998786825268 2192.0297382679746
-8303.027828009188 -3155.209719009539
142.37953847085373 21.011378528019122
5354.992410456543 -2932.8970590993777
-6226.537039100371 2680.0721370177816
680.194346203767 -3648.7675191184835
7798.022058558719 9826.515910321043
-2981.4388872341287 -7668.310695749913
9470.482376196313 3586.970394775002
-4792.769901022791 -5501.112627199238
4641.536275427758 -50.20311614367529
-7908.151996321265 -3298.2878073227484
-9140.808793596549 6798.139966031817
-7639.615952668672 -1995.090929414223
-3944.384651172605 8110.60206619605
-2911.4633162701757 -46.34405281841464
2380.94817693782 4813.548061278714
8880.163566053983 9567.218575478539
-1953.990300312742 -648.9200112431645
4599.435360761379 -5721.880680284299
3961.628710636236 -6754.248215857113
8429.699119271114 7552.787384497362
6513.09202002894 -5244.868751009699
-9642.683060503356 -7925.826592700556
-7016.004579687136 7186.338116775671
-1832.9692901495127 -8863.639508074639
-8055.437109235652 7512.726230759134
4648.678926202114 -1704.2735725162129
7345.273309331795 9643.904077222629
-4046.6213368820236 -9657.260680612118
2107.427088909508 -2967.677312987944
1900.55824048278 -696.9872213540439
-5321.945416429905 5256.690115041607
-5474.474619478373 5445.759191588591
317.3591173426503 -3195.4999864338542
-2729.488635167134 -4827.664772014408
-2187.3401592081727 -2517.0013385969114
-6039.564928592175 5177.078167886388
-8136.410322236871 -3280.058875597536
4067.9019275320734 7417.185270295624
-8440.921992389127 -7527.479712330318
-1239.767414884809 -1802.0933686235985
-3832.5679329851273 5544.88516478286
-9165.394297525037 -926.1388873539563
-9113.3883589486 -2178.3061247405585
885.6702887014653 -2713.1976567273487
7252.576492140601 4257.176757187399
1913.269906117057 9104.718311832261
-4420.646309825845 9416.224293871164
-4933.793652316823 696.6503804776894
-9894.720818054044 5946.032483182898
-9668.760095630827 8072.168496412771
1445.6168213477577 4563.883245818268
-2285.1830523959425 133.96384000763828
5502.567286893996 2978.6575977910325
-3171.709939388048 7036.554792688436
-6840.555468123 4620.718710700379
5775.674307473873 9813.620704844434
886.5845079582632 7136.829656152953
-6143.722350885059 -3368.9670534951865
-1187.672609258445 -4686.202096898857
-3167.1942786753425 -3957.8378249407197
9863.208430032882 -6573.418695999193
-1621.15788909416 -1733.424117617813
-8746.750094133207 -2036.3933556559923
-3192.1322858998183 -8217.211726630083
7903.058689075002 3264.0990607447493
2299.282434454213 -5579.770053203368
6295.188525459436 9809.234084308016
6575.1557635320605 5655.159488686781
-3176.9794589212497 7740.973773952872
-5655.269383121508 9959.752051010924
-7133.8040414154275 -3360.535368745949
3821.9736904403526 -176.8551138293351
-4373.586756142751 -3328.0832571879837
-7765.249439226507 1457.743890338057
-4816.814383005781 5932.904386535867
1482.4919607971606 -3776.3723174688876
279.9282667666557 4128.074060103101
8962.484087657624 -3551.583223427122
-7973.452063883146 -6289.737995004614
9073.215276700743 -4410.491731946682
5.453477315344571 6159.061663940731
2016.472976102108 9580.106985764975
3193.7229570425734 3301.917685415874
8258.18735849419 -1279.9862630681819
2664.9209857792175 -8593.156632990462
-628.7226355630755 7616.666366383168
-1790.1502484575885 -766.1026193880934
-1027.9435755800023 4451.453162340675
6816.296435893946 -9685.41506562852
1075.01987313063 240.8598819620929
7373.624671548645 4435.38012007683
-2570.8714750134413 3781.533787294553
3018.8323725723803 -6366.402612131817
261.97802191291885 -1387.1160445664227
216.48617391404332 -6029.133885408899
-7653.470294759543 -5399.632616047647
-8034.280879062842 -4068.4933684938906
-7581.649130529961 8637.14071650033
1453.2592449581316 3500.1232539109496
-9290.392420612314 6481.291638172617
-7977.751493952263 4804.7654070692315
6729.322003747071 -9109.61097719952
-497.62714571829383 -4330.9521374205515
9407.691055783533 9984.631192612367
-6252.375109306788 1498.6370747548226
-1664.4493778599517 4164.394690233374
7653.791061949876 -7365.445208217965
-5931.661054254211 9927.521268027656
3978.5399037114184 3637.775423715668
5327.2079122287305 -5423.788616980314
2962.767185211311 7926.624814673058
-8581.801570614753 7072.924009497132
7052.641014868881 5770.5233017817845
-696.31057074825 -2800.7885303775956
-7052.442672482722 -4149.36084475493
6498.600982664306 -2309.044440156312
-4249.980879552697 -1569.9390252325047
3327.1238102187617 2167.9924836488026
5169.210573623564 1633.1188363661913
1064.0171859124785 5445.655348080038
9530.836205862757 -8584.479700885604
-3902.191628150278 2210.2884796380513
-228.43216779792056 513.9982300223764
-5508.497958676919 5060.319022420308
2647.2231668464738 -8003.802742596197
6179.69178322432 3559.0070054713524
-9940.412029150208 -1011.4422030410533
-6470.752697723192 2214.5201081842333
9707.5669183625 -6258.013459918592
5104.030038994913 7197.516659972469
1194.1312877708424 -3597.861306764298
2212.3728890512502 -874.0532624807893
1271.3194059884227 -3316.8419430592303
-6820.657668454662 -7608.685548902546
2081.319710077487 -9899.234129982382
8274.078513122 270.17838225518426
7052.4457117835445 4502.607257346939
-3164.207697109123 -540.8075901481625
-9465.393405793597 -7659.194824663826
7380.282369208049 -2308.473894403005
9309.640442103631 9463.699589781747
1332.1127810398448 -6262.967473677634
-3212.3276108478494 -7839.222045100609
-8484.130045581953 358.0623070504571
-5998.562811021184 776.8378504481952
7653.210657483018 -2312.645619655169
-4563.721409020564 418.4582136508161
-7149.319679315034 -2986.033990515806
-7715.662578706892 -2892.1288876122726
7426.5677753571545 3107.7369336028823
887.1993785598806 1196.379560445861
-586.6473291659076 6982.3065334796265
9932.077189882843 8931.478008161343
-5314.436690922042 391.2461572482589
6392.35963370464 -2221.1249396053054
3901.1622435996924 -1628.6091371868642
7254.165900407963 1432.645888768975
-1692.1496566991555 6791.985640500661
-8253.697539071196 6403.772895903447
-8046.038903633755 -1862.1969403476314
-2908.183418805348 -6340.633736105696
3956.900062064342 648.9028973989825
9725.113270891292 -4008.1205453752536
1220.3633107740116 3459.2561159275683
-6530.608679921135 -5370.317499724249
-645.1482305958853 -6479.031333826315
6344.921605595133 -2942.633662149954
7544.284418512034 8870.382960332146
8479.492771343368 2096.2016896290042
1714.7793210717828 -2813.1376345530844
-4981.8908895035775 8002.193056566375
-400.02736471267417 8614.594010959136
-20.178616535731635 -5328.792592020173
-8839.488258388275 7462.281150741757
9685.348258873866 -8002.311683790733
8303.647213723005 -1334.8784144715737
-2320.075668623478 -6984.5098047842985
-1037.8734959545382 -8211.99709571346
7001.59501820078 2656.411971579795
2329.8765857909384 7868.380794385615
195.96340356653855 -9205.975718923553
4415.239984383341 -7458.174779044355
-7345.836806884596 1697.4290466192415
6060.814138729058 -7337.230834621658
651.627976713029 1101.6161780774091
-807.777938125002 3027.505805949484
-8108.998898466138 -3191.888208966702
1296.4244440605198 -5173.970291592327
3403.3076621972014 9061.646962062863
2993.463698555068 -1906.1684375384848
9337.300851699096 -7094.39510625034
-946.1823653467545 6704.305778236587
-532.3330005308817 6301.037884196723
-673.1899851307335 6336.939847784033
8178.562515837861 -4998.927939624987
-7216.179571899693 -6623.9912819372075
-6770.268434815068 8004.5591979372875
5243.301851040444 -4160.988125468399
3788.236762696537 5869.849090857313
9332.912071184095 6203.624109240516
-1990.3815146297466 -1748.3897943246739
-6142.66688444671 -9603.524704509457
-8121.925943919308 6730.6322443438185
-1021.3598563519208 7226.585209250672
3066.0351736507237 -5661.402587871984
-6520.63800696584 -1809.1704587259328
-3750.6976574585324 -5863.174909710194
-9133.345222159687 8848.333293828044
-385.3307009729724 5790.029699459765
-7810.706107270913 -144.7784384401275
6222.762974461435 -8716.834072714119
5177.472507162178 -1729.3069616900138
-1560.403064520675 8761.46083848939
1678.6636300320206 7889.902973448414
-1173.877827676988 -3069.232239656072
-1648.8927431947122 1128.6887635913918
-3324.1652719010963 1537.4055525237873
-810.2594662807587 -5620.31401408255
5816.292093748814 153.68561654063706
2697.6849051163936 3778.924764367235
-3658.8436774904912 -8172.6553039720875
-8620.314985576731 8966.527464783318
-9384.821931960956 -5889.851296811699
6722.167157155913 -1305.3484782661108
2195.304405705836 -8437.042165388226
8937.875369618985 -5969.636277449024
5236.8844246675 7041.569655234351
7491.317103032397 2420.652491724717
-8495.28005382392 -100.30225453698586
5784.537383968862 9031.32524855166
2284.4974116122467 -6297.533561091546
-8628.979867362017 541.0644801659419
-6709.088512225799 125.83663104388688
1678.7929671025777 966.4484503205294
2094.575396808432 -4575.585924298182
4462.096602680669 -886.7317674206915
-359.40452705964344 1182.1079529127328
-7935.737377147896 2894.0200291124693
107.46708377338473 2017.159220500056
-937.279625326697 7020.961504459476
-3344.272977531983 -504.9303448247574
-6019.662455017274 7478.6685273110415
4541.587487656685 -6289.988669312741
7485.579470763503 -1300.4462261499702
7621.548124102763 1827.31104529794
1867.254494313298 7510.33673347779
-550.2295343856076 6336.648377425807
-442.10658690078344 -8313.004393395853
5970.779660717042 -5152.367172920629
-7906.909406629236 350.2514199477919
-6764.168428926372 7966.451879010801
5132.41887425423 -1546.8266574081063
622.0816971484091 -7875.677893523316
30.809256321253997 -1742.974560176739
-2290.5463817126283 185.5010118650589
7937.566698070143 -3039.003730656671
1270.9017509230707 -5755.3527542769125
-1486.5203942707885 -8453.992980856683
7757.534240175348 2230.35205296765
2094.7546168701556 9412.292497263072
-3789.152166083989 2763.6978137008937
-8504.204621519551 -3464.9897719995934
-3289.8899389749813 1177.7211373645187
7631.122747714755 3631.6497926137763
263.69749650763697 -6314.3008726342905
1750.0155234089634 5229.543105509294
7478.986783270546 -3606.7934316677456
6315.731872317825 -3458.6813745145337
-4603.822275862717 1180.917542478055
-3575.5452718623883 -1299.334216728692
4547.198303585659 -8557.836253539666
4147.378288815851 4180.3043012166945
-8398.36220433885 7241.288819658665
-707.350197037249 -8891.400596423415
-3112.577481619498 -8334.133279951324
-8177.859677374448 7720.773330099819
624.7378834745068 -2022.106974407312
3521.3216656310706 -3674.7864423730543
6887.476784926839 -9373.923871391591
-491.21135454515206 9934.900754824757
107.28131625854985 -7736.6016883789125
3785.263176175471 -5891.4880030590975
5361.017568957828 -6378.85856761339
7260.182791271516 1565.2816533426558
-9266.685970630186 -6577.397755049159
-8442.725795214043 -2217.751037416593
-2278.429923812644 -8523.238776983582
-2611.2230714139087 2052.0295132901774
-6048.382813418404 -325.8089024287128
2401.2740328707696 -9626.202773513663
-8601.984770184257 2814.5260809462034
134.36606953846604 4069.692593271362
2853.71754127655 -5973.151698694328
9096.706062784422 1163.3902057243322
-430.345423939536 8001.370009923379
8952.188175552565 -3672.89126803642
3785.5374974863953 -667.1688670193616
-577.6256758906075 -402.1325603493933
1298.9803307670481 2983.055063198166
6749.517363362051 4083.3218227290563
-8729.18206746022 9202.143112852518
2427.8224306314496 8522.050410117383
3140.275768498721 6204.8138506183695
9398.867098438506 -8167.307217337679
3824.428738168497 -9519.570624088245
-7979.6101434646525 3680.864732652057
-7697.827875921215 -3177.722627498889
-2144.073192292295 -2387.680557930067
-6766.300007178565 -2006.2845043414109
1696.0655736923873 -8554.65878775663
-3557.7174113758 7405.80735602292
-4789.635343334642 -6615.0992834897515
4885.893937442932 7263.117168982928
9242.26572292803 1715.6232655028962
-9827.954320479457 -658.6369267884365
9997.612323185695 -9049.83738336658
-8280.0542499183 -4107.353244828826
-4759.338827406179 -2045.9066156883418
-6650.1060529831775 -5868.969988080344
-7900.235337854089 -2162.026737689227
9380.596420830825 9333.239756336232
4198.176421925433 -8698.24178734227
-8759.11985212134 -1203.6740752629503
-7436.287373642758 -7363.724665858645
5153.042593221184 -8273.872916718221
2134.2912159407333 -9268.992257004624
-8379.114955582949 8587.420120883959
3664.640102751471 -5793.046556929906
-1743.7698991641773 7528.678727294475
9452.761411976495 6187.875835867677
-1096.4731106094077 -4798.619219016249
543.0043704182099 4242.770662658193
-5927.08587188326 4625.841552631342
-7074.107002184973 6676.929639063819
-9632.097135425514 -6287.413691231025
-9256.869309569895 7618.490959682138
-105.38682883358706 -5369.7009346298355
5619.4856524877705 241.91049069301516
4565.287152854211 6418.4162446775845
2981.5411810861387 -10.681957688333569
-5240.4213155658 -8925.523083528602
8586.57989871873 7795.248965063041
-3017.096456326647 6803.350453823976
-8526.85285259432 -2910.2265289808793
-9038.090771782234 -8802.48113452438
-6841.875612893631 7749.587225569809
3042.91200384305 -8175.397902920169
-2856.576322601023 5186.138441994512
9809.930555834766 -7969.642292256929
7658.69184757728 -6595.577150175974
-6485.284360351536 -4277.589733471347
-7945.29940867011 -2864.415676607162
-788.0296936166615 -3517.9927672362064
-2624.626191733152 -9958.991367673998
-7581.2702825661 3558.113174669108
-1625.312486584713 3505.1206755247385
5667.648294911838 -9869.797750357642
-8392.033922928651 3678.6268512512415
-7500.2714436664755 7683.130907874918
-1784.6422355546092 -6796.520572182251
-1757.1908712346758 -5580.495448353005
-3371.4134400791654 -1554.6336048181347
8347.89601608682 -4658.017045176927
-4329.6764030809845 3079.0655827869396
7106.225443498319 6970.009157496141
-1621.1648241570147 4516.528239892326
-7754.292536453657 612.4598346434013
-2621.1819165535144 937.0959510628327
4206.190589505864 4699.768552260564
3732.631929437739 3573.77858131599
2818.768493782023 -1113.9174708368391
2944.4163290257457 -8570.946245482035
-1334.87019217956 -9535.935651829075
-5847.148605505275 3738.185396602401
1568.7297957277278 7091.966510802253
1536.6177254437935 -732.4183553786643
4470.353941633224 8914.64721745277
-9430.118228242176 930.2507358459679
-2633.5895581799005 -2132.7790587511663
-3996.587171299381 9219.93933393429
3039.083082859508 2282.0755605600843
-6689.767115954965 8610.07347331462
3983.2497366333955 877.0068360167843
822.9620911373913 7333.150921074524
8235.856898737762 1784.2727188481203
5903.319036553805 2850.763612444325
739.2149865772262 9487.374488213518
5222.512860386751 -7156.032936019501
6420.4705116763 -4635.56963616395
-3405.462023683932 -5301.767408373321
-8654.71243916498 -4005.9854735559757
-2207.3245306724275 -4773.234855348034
9104.545375768019 -2538.6157204005876
-3607.2240980532497 6770.485602438785
1018.6559467146726 3610.037982796506
-6074.813829733361 -4167.483992534051
794.8720860362555 -8484.418323218983
-2519.53890124552 -3950.457993529699
-3051.259595236631 8415.91542449869
-7597.717047064032 -1428.0612248838188
9601.646931795975 913.7747484222327
814.2915309982454 9819.107329199429
2192.165856877453 9474.702595130762
-7534.185898087247 -904.0308049684736
-6810.2803903277945 9075.55468872004
6744.758221300737 6701.120979921856
-1925.1758469517054 -9684.33213316555
7694.213430666205 6926.670023867042
-2349.0074658885706 -5615.139562123017
7482.5985406871805 -255.69309852534207
-4820.866143686877 -10.540768794626274
-1984.5440616379246 -8.296610506324214
-8123.921418896649 -9330.418708467387
5240.292149552099 3517.851745794038
-2005.3656297849766 6897.926577343067
6184.1297637801235 -3984.5047227920613
5003.360236146214 8932.378846258413
4876.73416005762 -7836.666244264616
-6689.966275788024 3601.7255108516674
-9949.258986304038 -9779.789261516984
-476.4428688153348 1035.858893498913
-5126.792948049113 358.0297804151123
-2575.163738485291 5808.834406508133
6951.381528629641 -6210.327795843109
-2382.0549094350454 -8954.791250336943
-4531.225859613168 4142.72285944479
2258.675058222827 -6252.902015619251
-8454.116535118585 -7450.660052586256
3308.335905910648 4931.434956085177
-2216.7744845245534 3567.138250351789
5436.476659343543 9123.936105660574
-6567.41535371904 -9684.516944859313
7996.9539564178995 -5661.68241838225
2755.694036733381 -5893.87011247789
-5572.422254843954 5876.329736884054
5867.827819512424 6366.664572376065
-8025.672909887929 -4883.7855775524085
-6272.927846852639 -1200.2541079822458
-183.07585527354422 -2085.7809464808797
1918.3256640569834 1490.6663472107575
-526.6758427254863 6325.83177893243
1494.3532415054015 -1929.70592247705
-2213.5259547894366 -7939.566768814688
-625.4902267678444 -7940.022610129658
9847.455866523178 415.09435899147684
5665.020336087831 -830.4652693328917
6884.9314924125865 -609.7218962049556
752.9911360327387 -3411.0270875327633
-7548.42939030217 272.2335210443871
1139.6078795250687 -7790.87466373088
9163.934564434538 3173.90824043232
-283.74564043384635 4225.90711809268
-2196.932560536793 3858.2229787650886
3550.566073436732 4727.444674762495
-9241.17553710398 6624.6055969425615
-9762.279536643899 -367.1544353668651
2601.7523323512014 2121.682819772619
-7514.456227095805 -8254.084849106926
1992.118860477789 8656.092933177526
-159.71247870300067 3706.662407155125
-8813.539631809721 899.3825996532287
-3676.774983179147 3267.953910192644
2077.815004210841 852.0057909967309
-6763.512888222993 -5405.774188954259
1006.5707037012635 2505.4621282616536
7509.837373346381 -3826.3246723894563
-1495.3491693524556 3850.6442204235864
-2301.6208862144595 -1545.1003290265871
4686.5418885909 7712.499070568083
2104.456910708028 2463.4722955626803
-3823.559199348536 6348.136542719558
6485.300904816155 4423.483288728463
6261.5862062836495 3827.548088474872
2421.2418306551026 -9196.403041370877
-3612.3782865118146 -5076.864109260293
1657.610634716073 3226.7161019267714
-5837.387177202678 9566.27483441661
6596.710485101437 3326.869663264184
-9287.873450941735 7886.172129578157
2604.5369060028715 -6093.52745609689
-1471.4354646208922 -7571.690625844016
-6089.803441680024 -5358.359802982748
-116.28629966080007 -8643.209522308713
-8385.733958862176 8102.769209394304
5424.271496908259 -723.0512429116097
-314.4000335550645 5002.124870221838
-7254.125139716048 771.5957062168873
-7185.60836475985 6349.713727675524
5541.946558670403 5826.326605945165
-1397.435978528476 4593.245153778844
5349.452054486779 -3973.6698925667406
5810.848187000078 5837.517666761478
-35.55066719997194 -4260.820406779968
245.19964668276407 -9116.902464532368
5276.078590202011 3455.1117096686685
353.46021179760646 4093.697058882941
-9431.557724108401 5038.337467893705
5716.486743658683 5996.1685364935
-8734.418583427685 2849.9530319896985
3356.220732169353 8036.590768465794
7645.565150017828 -7464.94616620575
-853.5308235394041 6060.431554250959
3225.458921593985 2723.688495106704
-5399.559168568373 2854.3144813702
-7680.249284379326 1977.311644737134
-7077.622801563952 -518.5550135589565
2700.5661472461925 -7980.562512652623
-7551.12552015264 162.2824737680112
-3661.1903483586675 6621.220766794169
-9531.200699333209 -3903.42406544177
8881.129345927173 1469.721218358638
-4101.035359518246 9892.415982497325
6818.405620203885 -8071.357384083431
-4593.975358481614 -5837.523756545775
227.21634619459655 -7191.6311469502
-5696.68141057543 5367.1678020748495
8516.5510044162 -2905.848974377356
914.6868279988448 -2871.063781924532
-3212.2152000352553 -961.6759451085964
1085.5490697923833 -3988.5125563652955
1216.743193521541 1104.4731446604856
-1865.1684505105568 -2847.759759115833
3292.4391005045 3958.492348465865
-7220.401398079688 7155.847093242719
-5202.131483302672 4033.519072321342
7427.531234962924 7301.147991932037
-1905.9862779659989 -5847.257632464686
-279.32254031963566 -8616.539695552961
9568.999213164207 -723.8620781620994
1327.1750457050584 9408.630114456519
-1959.8854846679915 1644.1905206750907
-284.06334135048746 874.8135135025768
-5552.7913972490815 -2576.2860630735913
-6987.442476333594 9522.476812562189
-5648.26235268715 417.89540277173
-8976.99755724888 -4797.361413160279
556.5270133574286 7484.7378187094255
9124.89078019319 -2092.085368643504
-412.90421818401774 5015.085076934587
5964.498234452723 4030.4475322961825
-7173.832645247813 6153.471209414907
-9239.135411654634 -4444.65739546646
-9231.226277225544 4402.040723899308
-8493.324084216085 9167.757434670773
7166.142746134323 -9170.165725318018
-8531.117011158849 -5853.673254934699
-1247.6626944495201 9316.765594925175
8130.284938454679 -4564.867143405917
5798.398977420564 -2906.365818142509
6076.597153476085 1430.9680873075959
-1085.4752388499237 -3703.4379797935317
3321.8024714424173 4792.161695334245
8321.594791512147 6336.271121636228
9177.86237099781 8969.774166471823
3239.142699977354 -3410.358912536891
1013.1493590378104 -6818.4985777123975
1087.6454659324845 -5746.965843000716
7107.245008760827 4193.15495522263
-1121.2089775428285 3153.8884877888067
-6701.98117699206 -5457.88815521598
-7531.840448152942 -4100.878688370748
-7769.7970061944325 -6268.324025426804
3270.543224523437 -6054.082151055493
5752.938658553323 1444.8019292251265
6588.896318796829 8012.502887279246
-6622.935376395231 9970.18199924608
-9116.291061500728 -5296.470162231064
-7308.802118969109 -3196.783191036774
-6889.639498876808 -5693.242495108723
1248.930591226048 -2221.0733921313276
-8322.202124202751 9424.703136487635
3677.7584241078384 -3886.6094212117887
-4367.330505992044 4437.003882254505
-7376.372239556051 3374.8294918331594
6348.816333302713 -8253.753845583298
7633.277630912009 4674.986082047024
6302.811532257356 2342.0496473601997
2189.8316779348843 -7734.0191710525
8442.019155158694 -4574.769933586942
5855.367652273399 -752.6486844235005
-797.5805800708713 4665.891972161287
-4162.5063403427375 8232.529089833679
8409.238924083827 7126.333380671851
-9714.784145505317 8593.5138074858
94.18981782573792 -5038.31627369886
4232.687799422492 -9702.934526276285
-311.0762323962608 9718.213113793277
8347.69249975697 -7634.760536274654
-4894.93196240712 4381.297402322049
505.0076272830629 9637.63880841219
-8112.9960858005015 9282.042163450951
693.0684604941853 2782.2821558617343
5924.327306364992 -5446.389504303952
-9124.361952455405 -6603.481269624156
1136.7104871382344 4035.32333722409
3168.4693798539065 -1441.0525832483654
4094.6631957550235 3354.634905433735
-7945.776209633779 7337.840532784085
-7284.520365000269 -1625.8840973645656
9347.193658937987 5531.093089267093
1974.4326261649949 -727.3834281887885
-5767.336565976786 -5692.751247647072
-4002.9421129281363 -9763.207283450716
-5055.988406767484 3436.6993844735916
2949.159779342337 -4928.764781460293
-6496.048129075991 -9553.332928686606
-3183.0612966151084 4992.456199379432
-9555.418169394481 3303.122998774583
-1529.5653951317727 -3545.9810579760706
2534.1965491651954 6117.323079340915
-2670.746292850379 -5942.860294076772
-6722.900059915449 4894.1699815981065
4500.328488677134 6433.107836370458
-6684.06829617886 3484.148468171077
-1566.754559874349 1440.9125744935427
-4145.690845683505 8670.105132382963
-5060.546783671413 -8894.511897685257
-9169.141855073978 7714.680372527608
4847.44348955697 6429.02360180355
-9186.000451184162 1713.7274030336976
-5383.2135419741435 -2460.1791550499947
1450.1296871010563 -6254.410056482429
-2090.329023787296 -4399.801605944529
-213.8839648510093 2075.634001985067
-580.6078567231853 -523.0071801204831
4900.316022958899 -4430.03449275259
6181.007275483837 2385.2219144210576
-2985.3969297114054 -9008.200751221893
-3859.8447730987064 -8452.487710405738
3623.162380179918 9998.467901152926
8931.829639736952 -2631.0701269962756
4162.112270738304 7426.594898602074
-378.33855054560263 -2291.1261775696894
8357.272635148489 -8152.506761587714
-7411.939065019688 -2461.2688102383
-2374.3049777909127 4394.369194019211
9774.343530921087 4606.022795500236
3769.8441206594307 2507.4566696215534
5215.745414985271 7682.79188200464
-5308.393875564064 -8487.277162779232
-3952.979920585298 -4441.963271569731
2966.572902967333 -1155.6656707471138
-877.9177208842684 -7859.003204509736
9857.344883252787 -6759.407267468101
1927.952975071501 5874.154358309184
4707.860000863002 -5612.423112936775
-3348.9630001422847 111.82742834886267
-2350.943141706134 -2745.719946613869
7054.545785583588 5202.275990179907
-7840.558952659849 9757.528464706535
-748.3396846866581 -7281.735928776443
3262.4225294277257 -7585.459810990427
9509.811506759703 -2386.9445463446136
-2994.4365409627953 -5714.529254783219
4897.233829569988 5035.853344074783
7355.156239303746 777.8629293969116
-4116.26885852503 -4877.2798360000215
-2247.159680460125 5779.4196281153545
3933.3737553367046 1286.0551644898387
-3680.758175871053 -6894.933148681353
-8322.369334658992 5357.728144363748
6052.89982632301 388.7997712397737
8433.213380886355 6397.999648121382
-5638.969176747603 2320.3331346977957
9629.701915771031 -935.5965751058666
-128.0400455478466 9521.118560594517
-4862.209419710876 2141.7743835951223
-1282.6752377082303 -5626.195290753555
-1460.2126468208644 8166.66210267946
7335.452700252979 5763.7706607736945
7059.76527031267 1036.3751157080023
4335.5717217161055 960.8728314565415
171.56242662705154 -9925.038611459584
-9924.177955360594 4764.090961966072
3828.5935800093303 -3764.5670223119687
9346.29525835229 3551.2810151488466
6810.23087329758 -1050.4057935748096
-88.38134179596273 -4979.214563035517
-4144.720982994301 -9406.143180233166
-2344.1115750733425 3181.1649884073304
-2946.1343589732887 9621.45347578577
7686.0212992145935 -7460.132888078361
2394.832611921469 -6881.497566268499
-12.106809716528005 -4538.839164722881
-7583.484617366352 4873.392666004544
8092.9042013297185 2308.2134022409373
-1415.4414003575148 -3993.99471644418
-299.1113823399246 -4746.301048027979
2321.2063800600627 1785.3080943532823
9318.581445259046 -6462.119787017053
1536.2992580026403 -9529.107434908914
-5288.881018491849 472.61582695808283
-9939.041792069931 -2153.9359568759965
1327.3474621693422 634.2918863967534
-9439.24140815654 4567.10569148684
-8152.018545049357 9458.202317740528
-2694.0562603996486 2535.3937670059477
1618.943321957131 6841.429729969892
1602.0290952744108 -8793.94605529501
-5029.501561112386 -8619.18239750012
9734.919404904122 5078.888674663089
2286.0689972708096 -7482.847934314092
960.4512638807846 -425.6697592140008
-6827.093467195595 -5873.8052190264
-8630.957257398386 -5920.783346798117
7200.073789600141 -5008.235787453475
8381.926662435126 8154.204831847452
407.47455230839296 -884.443873141814
186.21224644916038 9726.678988262993
-6847.058616974178 -8037.0347664285655
4591.811984684902 2550.031617763958
2852.689298970192 -2486.328732303018
2594.046100864749 -5707.758665002927
-6216.298437064614 5380.297160901591
3351.5168479232743 6323.684529636415
-4645.076575353406 7277.980615865468
9339.632569927853 -8393.837651238502
-9882.610911388356 7772.220400975231
-6884.065899979763 -1957.8450672906447
-6728.281715591791 -4498.095339367811
434.16818865664936 -8774.66319565339
-3455.322564336787 -2031.0573274697854
-1630.1789397157809 -7259.570253981528
-8955.201942599937 -4494.528869338066
-8329.382138595085 -2007.5081372588047
-3929.688973552814 -1825.8782478651892
-4278.733418692528 -8997.220114677346
3830.951159001954 -6873.621300211672
312.51495347266246 -7309.652497207144
3658.4599391631455 9338.575787499893
4830.357733805433 3865.5785775909553
-6481.107011557349 1664.6287983876173
-7467.970628703278 -5506.121862354694
1503.127419291166 6789.113555659169
-748.8206375244026 6744.784070982027
5460.242607967675 9933.842862076326
175.42872086109855 923.7901585985364
-4948.27460763211 3065.6218535375465
7265.268510524766 591.1974969013154
7242.735891376622 -7127.603866970296
-565.942291527328 6004.348999006792
3609.9541132261584 9919.529103516736
-2215.3512347484457 3476.635325456793
5833.798052274949 -832.5073527873683
8998.957744298212 2328.675378243517
4356.102491796832 -3573.2323906313377
-8597.430646446352 814.132684328175
4422.605391425224 -4654.701037236766
-9722.74287178528 -2265.3656654298056
-6407.100878877843 5168.366807199232
1670.0738907350933 7415.304316383259
5288.754554182802 -9219.723985029565
-2751.5487548283454 2294.4523531575123
-5934.9651309839155 -6568.20348049409
-3323.4738553195457 -412.01027214229
-9974.32773335531 -6923.185118831639
8538.701808512524 6321.172041992631
2170.4866119860417 -8613.812658414663
-3987.7863045423155 477.30617318803525
-6553.117201584628 8276.323142557816
-708.7216962552702 -4904.917208835167
-6106.235984067132 -5815.4470201528065
3191.1567034048985 6853.234389186251
-7496.734922462958 5342.866285173226
-4588.732756061931 -8986.75553214445
-6710.796273163016 9946.14003214287
-1387.7500326681638 -9452.1355500636
-3460.5825494539586 9380.50382345953
-2237.3262696547445 -1134.765911136843
-7657.558928413863 -9427.971907485804
3136.855204090036 -7254.57856030505
-9782.737241738932 -6964.561553242727
8896.039588320396 -5061.7637517211515
-3961.8254575554593 -2652.890008192472
7360.977244572146 -5671.797363488012
5435.011273230079 536.1055041966774
-115.29310653447283 5654.60411290011
-8537.63834101946 -1718.42866873188
6660.143908614984 -9518.453947133163
3569.611338220833 3824.3242575427194
-152.15405732532236 6445.017872474185
4766.956563569476 -855.0037106605087
7085.115356251346 2760.9577046982813
-5629.187148725796 -4769.358653264151
-4261.622471913078 -3439.6365659554376
-5174.673694838838 -4853.771455462524
-7813.450020645776 6824.521776459787
2834.964943043349 6146.988642728484
-5026.088004115072 -9474.54488175099
-2593.5356369327446 -4787.893304968545
5846.748309781586 -966.2793934549791
386.673736995901 6149.779226839342
8488.833308822694 -8062.2696377513985
-1303.8734064593646 -4181.797727255598
-8803.395160713922 -9874.216256669091
1696.452118026702 2026.5670984928347
-3214.3543229641236 314.0418262639814
1993.0178366568343 6324.685544057087
-9304.11300787639 -839.2982121313835
-6537.526458021605 1159.3986719022942
6563.717681540857 6688.665222643565
-3591.846974834896 -7229.559212571184
-2545.028705363239 5946.015481784596
6484.568517139873 8717.97823629724
-9496.458396012424 -1334.3405596892007
1395.5143272966689 -7921.437948527166
-7123.841484055575 5142.520673805269
7358.5774293476425 -6884.229477129762
7784.636479573037 628.6920681087522
5942.133976650581 -6373.652343468244
-9307.305603253493 -9745.999035427994
-8880.806575623079 -817.828953294591
7915.216609993939 -188.53832551724736
6245.726854342136 -9867.075705720466
-7516.380322473928 704.1210635677526
1159.4133405842895 -6496.136656449329
5451.755096426654 -6068.155896877496
-9292.006315150838 4817.620031476559
4742.576490192596 -9796.396762353563
7754.72936240739 -8611.508167455235
-1813.4360195985464 1092.880581947651
6071.726510333385 6782.21900955544
-7421.305622586136 -389.18860867541844
1520.176258439651 -96.22655192527418
6381.516529245599 -2346.262561744328
3529.8368578372683 -8429.788665288874
-9872.320125563656 2488.8670954772424
3128.3711960223245 -3554.8242712064894
-4373.96212667781 -5226.23658694527
8634.431260587844 8856.176165579356
-7248.761568928808 -3437.5720839494115
-4383.341239102434 7285.281377729621
-9102.513001457979 9332.764681645542
3834.061849376898 4218.415218467431
1102.9506714947784 -722.7552401590474
-9388.502869216378 -4442.031975400269
-5597.941165427278 9930.629086904599
-2532.722877716187 6947.9590510019625
-7861.272253772633 -9334.37156005885
4798.20265077578 -6869.468898128445
4774.325716932095 3669.41775518179
-1959.4066928584543 847.0813745627311
-2850.027606701182 -8279.049328434274
7964.183544027739 -4183.135590415151
213.54800647126103 -5578.946335886183
-2380.9815714422975 -29.56384322498161
-8102.429090000238 -8515.697004666634
8943.780452651925 6384.837456348698
-6865.121342135833 8283.732931858707
-6842.754827445514 -3738.0506628374687
8924.838926936813 1046.4377956369208
-9207.15083834667 -5189.018977720905
8913.582430900697 6930.177817228301
-400.35191209341247 -8959.416059453224
7127.548420964486 -2331.881959576923
-8478.801716547772 -9764.383992018556
6300.400049629605 -5449.135796230203
-6422.797739677983 7288.1117523994835
-1340.8418863457227 7222.000655070184
-8288.979912969013 4071.5464030735857
2086.1781521601497 9095.34211023846
-8470.552475349143 4692.008701606275
-1750.6236689986563 -1840.8226745343482
-4650.5746878906475 8719.438474343704
7593.894591110551 -6485.222022801056
-8920.36572425834 4396.601899441719
5014.176235855048 5203.501368261765
-4796.778804535294 1343.0199710489487
9576.197394314731 7708.843381673509
9491.158998887971 -4584.4030458919515
-8164.606150121707 5976.816565795829
-935.9533209544516 7157.213549833716
-6903.410223003834 6880.073714168157
-1966.5698001553155 -340.89677216346536
2388.029223556774 -1241.7746046613756
-1808.0056587600948 1682.3365776456903
8972.380856124735 -3001.1783809934877
-3914.7186509814055 -2471.710320782723
893.3780418192291 -5419.486406761586
4285.845090887497 -3582.5076070237546
-6642.4707572409925 3081.932457592855
-6195.943530359964 1030.7891067679975
4676.119239196187 1866.8558176373845
6308.038161851589 -2613.727482183692
-7956.495025457267 -9011.733851500747
-2811.5035415858956 6369.982393326356
-5396.518409258409 6810.932612361292
3492.5025967509973 -8992.0998839393
7056.2920467747535 8434.186236498881
-5636.453744971303 2961.2831004737454
3484.615299679648 -2296.422375793707
-4136.524709134466 -3253.0605938415256
8127.663113697228 -4067.849769804723
6915.214376284934 828.5490951919091
7508.295571314724 6409.086319305039
-1406.5689602426482 -9005.309256082206
-3381.16106733344 3355.514758800611
-4896.394323714694 3333.7467733667363
-9202.921319262921 5194.304703761172
-8471.754659715285 -8364.596615168099
-5525.3249993003565 -7167.3087731595315
-9217.751731379416 -2807.0091629496856
-1843.9605389868157 2113.627953129753
207.7247762821571 -2249.572421014356
-4213.519047485956 -6326.232247487602
-3148.148285743382 -3267.910488567707
-3905.7852572930733 3153.0320752928037
9709.61813899142 3913.4277261078914
3541.616510659198 32.7323234176456
-2923.3910825998755 4334.711154885919
7196.8737738050295 -5663.735512006072
-2354.7579295642 -6470.21028227657
-862.0264198291843 7008.410124172737
5091.172425545283 -5963.691444460897
7926.748346531622 1996.3149964534387
-2365.160106748034 673.3395746096903
-2758.5211093859944 5887.252502817697
6426.431732083423 -9783.084175345452
4932.338444718922 -5584.701136219119
9590.806372090563 -5126.497814824824
3564.7385498646454 4231.0927657017655
-7617.788898193356 -1654.0507371138156
9941.425393160858 -6964.130563707191
-1863.104569028047 8306.025150580335
-1855.050475237037 1512.999562240857
9575.021521233499 9732.135603357769
-1682.0840777912 6447.292463487556
5491.538356302002 9840.39132681138
-8300.79388148862 -3995.649649203383
-6011.021901551141 7231.691408038674
1360.1385492118134 5349.300319842945
-9856.597228032306 -4602.953291344514
7635.320350474522 3616.25019364165
3358.026498164132 3867.8777664208355
7418.721501513457 1696.8572251073183
7647.307250230486 9067.566500729816
7296.286841450834 -5601.577902448888
6707.584521283512 -8684.938029412731
-8087.8226921021715 228.95530937765034
-5131.37204568671 -5549.113234429102
1016.5181136194533 -2601.3074911425083
-5116.263098747225 200.3994378284824
1318.3141934885516 -4415.429913562312
4004.3117293641208 658.7243449251528
-7432.034439964233 9586.197732473927
898.1038806027373 -823.727527719624
1219.6055144695038 -6791.099900966949
-2291.3716875979853 -7556.685618601929
9574.264658866312 9541.435032734524
3916.5059937445294 4716.605544239259
3480.637516642586 -2746.9874059662707
1651.783379497283 -1099.4185689196984
-2528.9801637519395 1616.2879108472534
-4280.442906677026 -1409.8201794523084
-7364.238263191849 -6329.976879595262
-4160.482796823806 201.88079587711218
-409.64332488491164 1267.1411211693594
-6536.7001494534115 -5035.923391515235
-3434.9191753547384 1710.935825318602
-8978.184146291364 -3192.5731887824104
-9052.132844321135 -2735.7768832606143
7568.022174299767 4090.373787659031
-8463.115283654166 -7976.737940470822
1518.8571840714121 -9385.464669861554
-1689.9266102690035 -8519.712239014505
-1436.6322636255863 4529.215504606162
-3305.329740983394 -5444.448333067345
-9207.680424672993 -7506.19377087288
4120.532703234059 1961.7722509861978
1717.8714480343242 861.3885923210601
-1933.135653653182 4470.955314493385
-8909.82416877788 -4333.629654501509
-3137.2900235958487 -14.452291436968153
3281.043655074125 8843.522562159484
7177.379641242038 -727.0538720157547
3493.0997517109263 -624.6749674379553
-4562.255284889214 -3195.609407103746
-2833.870424750782 -5040.95888309075
4335.119518654921 5346.322416986244
9690.60702914932 -7695.512638286122
135.23295134489672 784.301076697886
-4098.334787958799 2317.994698453025
1680.5709900681613 -2883.378606275144
-8184.939171914276 -9802.419037928312
7775.154277801197 -9363.209867866199
-5320.040006074496 -141.10975309447713
6067.595835361037 -2968.936267963214
1661.658775011556 7130.99282835608
-6400.936034685942 -4550.733912110787
-7669.375756138173 -3194.3485900626147
6858.557064387125 9564.158125986629
5622.536338356847 4893.217130717716
7488.6803191815015 -2783.3637059068424
-1952.7242485123052 9332.827018296248
-1289.105042691861 7451.088823670958
-3336.8968239174683 9924.113863551662
-2910.0132239182885 -3422.7392340276165
-2304.461066624317 -8607.818486727841
-5566.710343000236 -6647.9908137467955
9668.742215748494 -7732.893629455735
-4579.021549418245 7456.369419636776
-1469.5263149446819 6653.782906943663
7989.52262542356 5150.370655266228
1489.994749931382 5987.443347819748
-4458.822449673891 -8679.9162058198
-3848.4500566424404 3514.720023800737
-7271.826509754027 -1911.5893747392865
2014.3560964649205 -4490.346912277896
-138.9629128964716 6743.150552162162
-7476.704026925425 128.5704160337973
4916.267126795861 1942.9204091976553
7592.810321783094 -2672.6932265855567
-3330.6342034583267 -5006.473390427102
-1110.2533217060864 -8591.25362025182
7655.004968444242 -3555.575308721459
-6850.778426706818 -8461.773515553257
1456.8953327557647 7336.93287310208
2410.8153330398236 -5041.157598455728
-4744.301182235257 -6857.107984516299
4300.717224581607 2658.2548724857843
5614.112964945933 4764.504067849908
348.71279640666944 -2116.891070474667
3154.0350420822815 -3076.896020777831
-4182.822451841126 -5833.284538164274
81.4896339546176 5846.658636846561
-9367.45658172999 -8569.820178513339
-6559.204080569545 5372.8087898396225
7747.9639903027455 6236.685153303017
6530.22227444196 3416.3148544143187
-7370.802024529959 5423.174341034652
-8912.842177113545 9206.781041934843
-4455.989551539261 -8896.790772861375
-6348.378100181755 -4215.421226134033
-3051.3305827141494 -570.696114390008
-9057.303265405748 1949.9162044519362
-4496.6030402159895 5522.579678553235
1133.2682927422975 3192.0252341906726
8111.919359687436 -7377.897619987369
584.2239066887851 -7917.516685373552
-8131.463093223692 4775.802562178424
-1099.9445032440653 5198.702165580915
8909.417977940058 -710.5875434462996
9093.575156886094 -4149.340251607326
-3096.89793398678 7669.378904259731
-5801.7428524980105 -284.02222067614275
278.4812137343488 1940.2450143275
-3157.5202548040133 -6054.525306425876
276.80453597482665 6986.527392152075
4100.733603921863 9383.363415108215
-4472.465050037464 -1036.357360398968
6362.63991911441 253.28683459217427
9086.171045817915 4841.970270659574
-3988.5935093869575 5993.424627724249
-7264.575742138677 8792.670589290261
-620.8697645600696 -4119.081446321833
4839.422571654755 -2606.5924744536615
3747.126039009594 8667.921183823302
-5846.1012892537 -2473.3429721645252
-9914.736607709212 6658.574988544537
8733.594315129725 -1637.191020600998
-8224.945396608095 -3511.713684459596
6441.397382488038 1964.813819037152
9737.026762083708 7323.669208419011
-8447.984621639845 -4179.359113494352
5183.696060725453 1283.5797921702379
556.2548392000099 5004.356135897626
2645.231143644507 588.683487525168
9510.275888463682 1686.1606752454081
7965.690148998063 -8720.963369405894
-4862.542148235434 5356.250252878988
-1356.5173702657466 4296.18629878564
-7621.197157110606 -1603.0980619169386
-2809.5016761883417 1308.334531754097
-7798.923627158745 8531.714489145088
-7889.882530966728 4864.132473633907
-4789.8241439578105 -7799.53113646346
5645.111363768829 -9707.28964246606
-1019.5087955852359 -8947.40493239419
2622.2094777622096 224.5746443727985
9999.302141266624 7521.77606829158
-9479.104381344592 -8309.957076110082
-5261.451096927454 -5161.255906494291
-2680.212951238137 458.9034311876494
-1395.4224126570298 1858.8487024946626
-9275.291422005703 7617.036745928028
6379.760835639707 -6274.4730691951545
58.38078710512309 -667.249996318098
-6741.8403289389535 5660.313869015323
392.40616740129553 2347.621477573397
1690.6821477677222 -935.4208234519483
-2571.9786142959174 -5066.331371945321
-4006.522574103182 -3362.2947667452972
-8817.130678925638 -4109.299957599604
-5963.418551371627 -3639.0599355642835
-3283.177073911176 2614.729104497852
-6681.897430770407 2965.7099271404877
930.6708967425711 3350.366903791999
-2657.456618191145 9899.690395407757
-4102.73220944611 8447.142219361733
7460.10417690418 -5176.524101405211
-8764.487283419676 -9228.27842661862
-4812.885859498628 -2684.7845810455246
-9286.675056418164 -3614.956800716256
-9483.981094808707 8730.11193935898
1566.5509691925017 3175.402531234613
-7163.379376810979 1056.2200179079591
8946.518513797932 7345.558228980179
-7171.44338424685 -5872.500116433439
-7540.254730394296 5483.968295855217
6048.292510419267 8699.621835834183
6939.080371516367 -6592.7199370233775
1922.1631218662933 -3336.4519192958423
-4613.655603035085 2043.2485822951803
5470.3043988100835 -933.5552176038018
8452.308252492061 -4669.725336266674
-6675.425038318556 -2370.9903413346756
-8129.356142140927 5441.789157209385
466.86831596137927 -3907.15950704047
-9061.751033164803 -3399.2519743150006
-397.51789468047537 -5999.014111147889
9435.133510381296 -9668.479369292922
-8803.498946014271 -2590.6378850388
9302.842995852196 -7796.502647174566
8939.428882223674 8546.250536992855
6951.16339330154 -7047.229229476264
2771.5863635298483 9581.613675976685
-7761.355497659326 -4674.733638375122
9584.072462833501 4437.50910413185
6973.2527009799305 2066.748343192814
327.36642977881274 6965.402833273281
-8794.750966211514 -9807.862927450748
1496.934396407778 3835.7236260529407
-2364.8327828220863 -8001.3773128992825
8828.47924504738 -3870.480187250567
7135.550245573446 4244.0795010968595
1523.7569394696566 -5108.373080629302
-8314.115365034153 -6505.676405162637
6441.167805788529 -7200.732494172206
4945.950622044791 -2150.216882040203
-6576.4016644039475 -3380.447378785547
-4756.414258128805 3094.1867528070015
5299.293096819629 3273.8719397009118
-9071.344579801536 -5235.101805251789
-920.2094470573338 -3903.2973244353016
3845.779125548588 -3273.429045360618
-1507.7334912048882 7270.888701765791
-6895.830997625602 1536.8086697105082
-7778.118727737522 -2559.020343751604
8373.699912313314 -1775.4304948547415
-2896.9659012390966 4150.743325331254
9612.121143560104 9059.064202852784
986.6885491923495 7020.509900989451
-1570.9022065882655 -1531.056031492626
6124.231767086561 9474.517492144154
-4781.449920678975 -5521.403815865616
-9353.408715329859 4347.980227160921
-4258.455132407841 5860.402230416004
-6919.3581765406125 -6151.883772402367
1017.7658566283972 6658.839850713335
2833.1810960363036 -6887.08654142282
-4815.616229743895 -6175.652909310778
8186.072846457158 1005.9355437597424
7406.914942152198 3401.8913002319787
-7415.599340166698 -8194.991038760361
-4022.554425327785 -3948.776534436829
-137.2133961388481 7087.156318354089
-4588.618875815913 -6367.176506732483
9543.292181705914 8381.674162432337
-9345.342511502122 5175.581028460838
-5548.398164158461 8057.792060469423
6439.135169095989 2749.2806442063174
-5363.51461424752 8432.867141604922
4374.672662311499 -4403.011137913464
-6059.206547229554 7231.612029793112
5542.169311580563 4339.488951746531
8560.542867277298 -8703.619113200753
2152.635725901084 -3854.0847746356803
-9458.082305147214 -156.93368293586173
8263.134254985587 6471.792488463423
-6595.705265508398 -6423.306075582853
6591.223968604401 3297.7055808004097
1940.6873187597885 -3374.6610280994573
-3854.693136626952 5758.852647676844
-6264.7176797356715 4520.505250098569
-6310.925349797562 -9362.218030434098
-3948.9832213690534 -6653.347045523706
-9015.985880769527 7399.626374554544
8478.440356272687 2702.0879542623934
-695.2665587217871 -4718.8119118052855
-899.6303377321201 -1742.049834018093
2897.6336308497994 -5597.740357460228
9915.139923851115 8471.581407230064
-6145.757026795329 6949.600919018845
5874.528498897498 -5594.924152226592
-7703.694945013582 -5808.9950054624205
-8869.285131633864 -8380.652394200702
7820.501877313607 -9591.05436380028
-4050.086612124893 -1241.411034983721
-9173.534880778465 -4199.696068714991
8238.605465309782 -1290.4853245681625
-4347.486259555771 -3029.2771324396563
4741.575376157656 5114.323543392189
-8630.657751231833 -4140.849136044968
8709.231743137916 9535.840431491451
-9367.344686657934 5760.188461344118
3194.986712581078 2717.829578220919
2171.5310817361296 -3431.136530823089
2131.73338028995 -2846.991288105023
8290.08563428096 454.50094758111845
4949.758228108625 7565.812375089208
5185.767827423551 3877.389425556319
-5263.30679922377 -9063.503996027446
938.4255533904925 -7806.036716869012
4803.4013507242125 8337.701474536341
3700.040609730171 -946.7320376213847
-5992.028499985152 7124.123611097257
-9084.173213135882 4369.489418279327
-2696.732462664948 -6089.528254821542
9333.154111132226 1862.3772426598425
-5288.220002778478 -3707.5747177119238
-4894.440460504375 -10.58890191421051
9294.784866531783 -5590.16188793332
3474.869695303918 8550.588842449506
2671.114152372331 2220.955236101194
-1684.7548737118977 -2671.2384541631336
5254.117571024612 -7249.04291551453
-6751.243135885774 -7164.545462903185
-2386.328697061468 -8402.3390114161
-1907.1491403343207 4564.150398720303
9233.377939358463 8621.751930626298
7075.8726077240935 3110.0533619069993
1421.3830441679693 -981.5578086842252
8557.583318787074 9097.359539528345
-7753.492425959501 1861.988553867046
-82.60875852074605 -5937.879567390921
3109.682602589788 -3265.971319003391
-4176.204669659826 2270.787754563453
-1076.0406271659758 7191.233074195232
3274.323789077127 -4088.4149539731543
-3135.368992843024 3597.294327245705
2596.0372638870995 5177.862387659574
-7735.69428598599 -2761.191814272408
22.432071344508586 9469.638801316392
-5533.96512235597 -7335.862057078941
4513.375272707928 6271.550241829349
310.8915463511621 -4171.12443142624
9160.47998737152 222.46856373095397
-1575.3300510405152 1901.050972866933
5821.102463852592 6474.084557345817
-6418.33781404338 8473.772303844216
-9450.061378767372 9642.764133428675
7161.745088141546 -2547.497817682942
6947.966373407133 -7508.955956940664
7080.293610462471 2028.7239506903716
4724.267842495881 6932.140954713734
8558.725244033354 3921.26010394323
1567.0421579509657 4032.895574351809
5716.741790636708 -9538.941193090233
7845.907872063286 9397.593241656123
3205.6425729764014 1114.7800375094357
5718.369066758436 5647.139365749623
-3034.6580208482865 8687.050035317876
6889.098266137025 4665.104593446953
3676.016415692904 -8289.21663533288
6571.4830329883625 -1135.8316193910487
-411.41462554749523 1429.507942245271
5126.650190262319 -7066.4558585783
1156.512113753619 9295.145691050438
3405.9660776587953 -4640.020853232887
2254.6896253175164 -950.7483764409899
-7001.195811608886 -7528.031404414331
-4240.540808209636 1225.2294758225198
-1611.8643211041926 -3161.151428205715
-9122.904488558683 -2696.418778514214
4442.2881430465295 -3436.5410223678628
-8153.641553185129 5771.779001936184
-277.9946199219594 -7660.889202504635
8504.014759293928 2984.8762823453744
3757.705992404597 -4901.385952584745
4690.496235629034 7992.505747667838
4752.636362098761 8665.15151851697
-3413.853423563415 -7607.550643912695
-6906.615433639876 -978.1703430970774
9806.799525001723 3790.486930071229
-4399.993365992845 -5351.251708720328
-8549.303344766344 -5409.228463945738
-4376.202664524069 -9166.517388695314
-8722.950451437597 6610.503343758839
4901.520994517694 4942.883943845238
-5190.180045569095 -3592.7948106588055
-5499.306522036407 9351.15169866696
-9601.417580319725 -3773.5555189360402
-5758.706365944273 -5948.847178746082
2131.6098336689065 -8877.640466907658
-7344.939851696794 1932.9934245492823
984.6012498017444 -5927.100840624124
-7155.683751973096 -3704.1101918378636
-2298.236060889887 -2193.8003122547743
3528.034878756247 2366.4028778997963
2644.2249922710816 -5425.93603696212
9113.651428594021 -7571.856199533442
-9795.952223879322 3253.034548318543
7808.9030009247945 -2374.918115896414
8370.396921979329 6923.088470658626
-7411.2389235949695 8582.62184245466
7647.680555732648 3468.503226905379
-3741.703726446928 -8302.357363852101
7763.7819941798625 6764.98734005239
8903.10855647454 -1719.2688854026273
-4530.22755353373 6661.69032485185
3694.724176457574 -309.13476541241835
-7779.225944335318 2236.2401588096545
-4680.849550861379 3184.837984978143
6640.934092947773 4695.493513072897
4222.5589741649055 -9589.2574573388
-6586.261573650414 3814.205705446562
9418.845444414346 -6693.124667212431
-2397.8141062253735 4948.36667543958
2779.600793737156 624.4318303224027
-8608.381873968765 -7570.522957435748
8527.806810508362 -7625.578917831801
8861.288645121629 -459.43269090399735
3082.34843972393 9206.23782185194
-6370.975951042122 5294.300361676325
2451.2234516084736 -942.6293388232207
-5923.37263612332 -6121.9734807429595
-2952.8988523604285 4370.7574986625805
-8648.060999895546 3900.1823620077867
7099.6722604122515 -241.67144067724257
6456.765277439557 1466.9767098443099
5765.011783498288 2196.304268416505
4468.15574678226 -6362.186595739614
-8417.053070461718 -6330.147125678846
-3696.202143178415 -3047.5475237091023
7109.224290397895 -358.25591275832085
-8569.42263965385 9492.42958251998
-3649.968857319539 -4198.339710863148
-1471.3691162746854 4333.7930963498
-9947.784259326687 -9740.138406798422
5361.504322966173 7267.739316173142
4953.340266569661 8680.935353736386
-6033.693085187555 2310.274195177124
771.4637246699476 -4189.613993415853
2766.0326509131573 4791.538648089916
-2984.6481349889964 -1571.1438680157407
-6680.493929009925 -6290.009724997536
-9378.423727029764 -8024.199333382784
-3837.313235732964 2556.1430861141
-5024.241456207424 -4083.534068003287
-2441.654336064933 -9044.885059400545
1050.9941652758243 -8616.940745346235
6959.417165950301 -1753.244147218793
2197.259126397099 8703.017932539598
-6395.397945510693 -5483.339638142693
5541.406250045726 -7865.663999298709
-96.91885343424838 -5389.096192427394
-4991.880267838573 -5540.088156041181
9128.484172528762 6311.868318095967
-6352.013116965123 5049.935754559305
5430.536130906063 5122.060459591112
-3740.3731337085346 -8416.645070340415
-4713.920440258285 4997.348255949588
7218.594469705691 -2173.5163811529956
1249.4693960440309 6890.583609676236
2976.559175994229 7698.866973657849
-8774.403744556937 -4888.903357388043
3870.0469251796003 -686.4735673155174
9477.08975355743 -4724.905360563412
5678.799237076511 -8239.24429123271
9190.534946916658 7016.514387373045
7799.603946992796 -7888.336431864682
-9335.195819260693 -352.5806133745609
1952.2151545157758 449.6881023980186
4047.903826564936 9601.555272135814
-6990.222572247138 6695.341563348076
1037.0054403825452 4764.219859511086
-8153.065317542749 -5428.516730527624
-3930.388975607313 2686.1217168076273
9024.599753948885 -4736.573670785687
4272.098889395846 7198.441349027995
7681.134047550608 6160.250472283051
795.1537636266858 1090.8421613598803
4175.468188767834 8520.686112376046
-5846.1115936361075 1283.6971878146833
-4171.524941072118 1988.997827787196
4803.732104452318 7320.346837485067
6534.69881046017 3593.307445062199
9421.447105111503 -5975.282049901625
-6932.6969970187365 -5809.164370803302
-8776.087168831767 -5185.827215622172
7574.907459049351 -3718.430036981981
7145.603642232149 -6573.007741084333
5069.7423335094445 -6306.097564444366
3808.963748147904 8718.418308836197
-1367.6534564317208 -4147.196932935029
5960.160993955553 -301.27951880042565
-391.1930232720588 7173.135899014094
3405.991241478194 -3868.721510732272
-4747.677237790466 5577.751352636444
-4524.021638696862 -6221.7928638823205
-7938.344443810456 3222.0142483152886
-4353.001757580126 2775.577602459991
9494.817584026652 -2786.526578045503
-6793.960513594646 2639.8197046910973
5787.112082400534 -1552.608260690411
-6310.008275730068 -1948.5679901490375
-4721.557451880895 -7364.100337911543
-4670.368666592877 5831.635344742172
-5044.421015088136 -809.4398995115171
4838.265362432519 -4577.835104411439
-3159.157562746873 -9174.829227660031
-7376.239857874294 -7302.097545857379
2409.470929286281 -422.3515934955285
-5134.019620197765 86.5961113135636
-4606.313422510315 3406.8872435552894
7889.928062829196 4739.442311700317
-9867.712196941267 1602.4995171459632
8878.168568138917 890.8346294312541
-5949.642702541815 6952.390827751395
-3795.603960804575 2565.1143113893486
4904.45695221881 7945.140134093144
-7466.713382986325 8432.69849893379
6104.476245882122 5241.203283273409
-5679.941617006334 1887.4716583892587
6724.066479599565 3228.9696489136495
2456.443207807959 6311.887570364423
-3262.6201638305965 -311.24896653774704
-9451.944845416254 8015.729403510413
-7429.380462310084 4419.799288750397
-328.5757209448584 7479.030754741758
-6767.322784895467 -8857.505681472609
-8552.758316701116 3299.1754097616795
-6910.073490128263 6069.857047405603
4879.643434035952 -7363.262893651339
3776.0129023031386 1249.5929058706643
6649.649537445504 6974.141806300606
4778.268141842713 -8890.109346668607
-585.8596362800763 -7354.2267607379035
9918.159301827298 6599.228875707107
-1849.9451492807138 -8132.33024130352
5243.951136586049 2892.4928539161847
696.7529148596623 1889.49323828462
2779.5661500053866 3842.7106496132237
5387.78548355004 7410.984663711606
4124.37869482363 -810.2311003866071
6026.5879115042335 -5450.355680788101
-1925.5134125747572 8994.488166580199
2448.8878435578918 3415.9156406124785
7236.766604022039 -6151.523383222222
3527.9177008430543 746.6757402014737
-9967.188759518893 -882.7991589948506
8716.781416366306 -5932.626702027664
-3459.375175309314 -3194.237023930491
-5914.3767896902145 4497.674666211988
9297.731043524465 9593.88090562886
-700.4777220107862 6585.024863383183
-6509.865269993409 8168.6199456989925
-6903.68936413075 -9554.948429105123
-5122.644432360806 5190.443161584679
6561.8070673049115 4007.2736514930093
-1645.4623738317205 7060.1857715467995
5863.229253939398 -8690.89352250004
-4771.589581688131 8111.5823974625455
9089.834070473953 -3449.3101445982875
3084.6740972449606 936.0193908148885
-4536.887738535065 -6982.405400136555
-1449.8572968082626 -8746.798398062687
9417.152746802185 997.9944214250863
303.78458651699657 6073.466521651251
6913.0641132811 -534.5813382737961
-2633.4476792416363 9854.501023550503
6839.624755405377 -7432.259540937099
-3999.295351402283 -5062.748457096506
-3534.3755430771125 3857.5752471359756
-2524.9193957111092 9752.85075515983
-3352.380383462055 -1281.1942819021715
-1496.420559564238 -8875.589720823573
-139.86861103988122 -1411.524543364425
6339.88107548864 -4555.432491085953
-7896.425227535134 9342.824044372326
1312.2170274081018 -2408.3041318018013
-1641.4952547179018 610.7706492578473
1007.7899840971058 6154.730329207987
-9506.962927736973 2797.683204250101
2367.2135662647524 8868.58161735514
6393.581835167082 -5753.198690144725
625.1334577736307 -6880.849603954206
9577.321256884075 -7764.789418190026
7333.967407937951 2958.9800623896645
9658.125884525405 -1604.1979430408683
-6366.517170901265 -3718.3770392553715
5775.901723806977 1676.1748838368403
9479.713244825885 -6365.186390984556
7462.632892628972 -9910.020212385178
-5277.503694900119 3609.5945968118776
-9593.335644072853 6285.724611599475
3721.697368877234 8824.550755037846
-1809.9379149008146 1352.5966332838052
-8382.03862264173 1231.3539893837915
5312.148552090337 -3697.605138253077
-2575.378560203698 5799.841336582867
-8324.382395383072 -8688.821253427759
6783.169432582927 7597.889131813336
4199.895366070492 9073.79949002299
5525.478362892451 -1136.6290945013661
-2660.3003814190824 518.9752913077864
4111.744859324121 9872.521685992604
-8974.961701100985 -1347.8590548114225
2563.9054407193926 241.0606779869704
1902.1585946541818 -562.2010624741106
-4309.945700740538 5751.454669475024
-8256.750179875971 -2597.3414678583185
9196.181527271918 -118.2598349251657
-4494.028927563465 8035.363144178715
8707.320871922166 -1081.6511546573147
762.1767356400651 9078.139812032638
-4229.010674427913 -5132.587780539393
-9921.535427273277 8450.249170255734
-2408.4320217764653 1336.059954570479
8419.487759467946 -2187.3773961130837
-9454.927313343665 4137.24252672822
-1241.7830238420884 -2322.3734092089844
-8550.479657140248 578.6597664245983
815.6546352079076 2487.4121465214484
5116.910199807096 9228.390742266703
-9784.246606689823 -7771.154791726531
-8111.418016428121 -4593.1386852702235
8329.597466114807 -9077.463138046718
-5343.46819720343 6736.816046946216
-3303.8304166259986 1718.036292038154
1299.0201084536457 7789.983663506555
4145.3151524835575 -6653.231975855385
-4490.398062839576 3201.1765580622905
-388.1999739147868 -6671.165669367567
6674.483122937774 4577.56807615109
-882.3742161592199 -400.6700964731899
7753.8976163967345 8112.949557146483
1513.0649194117923 -5885.645899508829
9048.967293529116 7023.782272763314
4305.146080269484 9516.424350042973
-4713.698793182264 5755.8977826081045
-1734.3898156004907 3083.5445177160345
-6371.633640608578 -8632.268346658293
-2501.3701870204177 -9044.30674409214
1018.437928077361 -8421.994678461979
-9738.123015169082 -9972.956503531383
694.7301127500941 8672.801803486735
-4927.205254514135 4911.748076231046
-240.91989172368812 3799.011477883172
-3504.7832197443295 3035.6596021091937
2361.344632534081 -2871.837961821173
-4510.24212350539 2175.8861234118995
-3638.556418692254 5956.663320102105
324.6790323151563 -8335.392446188545
-4743.224161561532 5015.549680912996
5782.210761034707 993.1238565335152
1713.503178728417 1094.8136463824176
758.6029311153707 -2303.3821486446013
4215.988304772891 7544.466174860532
7344.452455760209 169.66732869905718
4149.44868050488 3296.493266169151
8085.127595584083 -9542.948693880979
-2943.3295785471355 5758.90010397984
2359.4126100182875 7083.948374409847
-1139.5898859294066 -2734.9271378091735
7677.752561601032 8634.137111843229
-4481.110386583507 718.7152242926277
7189.78090750501 5054.350723242231
2882.5745111015003 1656.6515273708465
804.07418770804 -4442.532827658388
-7553.795913536301 1158.8175401662684
4061.3788073699616 9516.747618376805
8240.822266387935 -3133.211716107736
-3734.181383682986 -112.13691344471954
-9713.649510536325 7829.23222424951
7366.887554417972 7464.9848119917515
-9173.998517079912 2974.702502932725
-8301.700546579996 -1328.2519389104054
989.6424545896098 2719.2126115410283
5918.064980001876 -392.5794677040776
-2416.023952842852 -1451.9254174896523
8357.424530009612 4713.145068016194
-7616.8046177872075 -3631.4916590522753
7474.573854939696 9692.660317526927
-405.43939680913536 -3988.436883797315
8222.375288854033 5216.424726392006
-8900.894869453728 -8531.082293967149
-3122.454773658167 -9542.394088717947
3618.478318785281 -5717.82994080897
7242.085991055541 3652.9342090566734
-2865.289271180336 5959.243688718674
4116.003522995155 650.9395742183751
-309.54404689204966 -5625.424064154891
3553.647627141265 1804.6254377536843
-9876.938825516887 3816.7899135146727
3654.2790963638145 -7414.822539383769
7336.590778029789 8679.570783847601
4500.7582136854235 3937.8095467998355
-7608.291762416638 6748.509588536632
-8651.470829599255 -5329.588820331779
7994.107886122445 -381.29488575234063
1280.3492775950417 -9939.834137873637
-1112.0393189940987 4984.939647574114
-9719.498639108435 -1617.13879379004
-3788.3645663154057 8378.288519593843
5045.50946400027 -9785.874329606173
9048.713028041144 -9619.957750819949
1836.6489656075664 4121.373330695231
7208.1230574485235 -574.1432177314418
3292.8337287768227 -3240.2411240075326
