162
4027.018415841636 4790.452760539074
3104.8969829131565 5942.187315155506
2521.4792794815858 -6036.602888991027
4434.264807029096 -8385.484078362844
-386.2834460487393 -4775.6347036204015
4122.662247243496 1186.8110707112355
2250.09276164692 4809.258549118813
6457.250949181263 -8710.845089241519
7848.798776379474 398.0467211845662
-3363.7868646271363 -5175.320894569837
3343.2824076545967 -9395.625366325836
-693.9016304121997 1739.0457205819985
4596.104445471503 -8349.076558346269
7161.056870663222 -5263.992794544055
7114.00585679611 1775.5876725823327
2146.0864006265274 -5326.460840450491
-4501.118427713089 6823.654853792865
7372.803154530895 -5152.291097327846
-1301.7444583878441 1516.3555236081975
-3452.3303185903287 5969.076065745792
872.7661839549673 -9953.715598132305
9529.011486186613 -5640.893887211242
3577.0685325272825 -3064.624861559806
-2429.4421924708167 -5258.297570455468
3954.4750308908624 -5498.75817705165
9875.658885106353 -4022.3480549145597
5774.556811943237 -3187.1252012122823
-5722.273941277321 -6812.595556595335
-4603.166866735988 1676.828926343609
-821.1474855170727 -7069.7137201798505
-6877.409458705497 1980.194318040285
-8680.014683758416 9455.891562659028
-8099.232722641341 -4373.196251640208
4522.409394228318 -483.9474675791207
-17.242875691077643 -661.7185027786945
8231.729819465618 -9176.546946566043
-8125.114379886396 -4248.303823258355
-8488.070361072321 4965.596945527124
2816.218646198833 -4469.265907455233
-1921.505699187689 -569.4920840969644
-3986.7280207161502 -3382.5237072706286
1025.9947970465037 -4626.818340780384
8992.09630347848 -8713.000360934802
-7903.058318316889 -2150.516655231513
5682.115116522553 8327.200925496953
-344.89821745056724 -6533.17261292484
4225.004553144749 2451.375649762711
1967.9082491347272 6748.6343136044125
-2994.1958759764557 -4038.735117687668
7968.972170870886 -9017.778134231628
9032.360764696397 -1286.5829788761912
-3636.870864854908 1917.438997920457
-6456.890821058512 1601.8792199407344
-4247.147136174441 -6593.993521409946
-397.90346900415534 -3944.6087725911693
-6593.728236779406 2919.1902231724125
5444.077137102195 -2542.5971283798817
-1646.562088378967 1854.0785617085312
-6538.609091980949 3932.3966283285936
-4311.100660844091 -9363.590841083598
7978.263465394368 3602.1555085596574
-6724.968778149161 1850.5237306946146
5337.058146996951 -6799.229385758818
-518.0063101791839 -4025.2921471675118
-2675.0722508188865 8847.330946744463
1166.582476827567 -6227.187989153776
3598.2085498661418 -4189.5838243750695
-5216.343602458517 6990.720716338255
6515.8177013895765 -1741.36057496767
340.21375396024996 4728.875834123675
2671.8097961259064 -7723.330700398232
-2156.3808269216597 6709.737366971058
9421.164290257013 -4163.695229151794
8961.86633931494 6631.699066871639
-8178.225922458187 7947.3299688141415
2805.1849479654175 -1101.3461899843223
5669.516935705236 -4126.959243851334
-5945.305979252169 -9762.959653454796
5682.195855595592 4080.486765021884
4105.224817760407 4059.8745135676436
4392.039752194025 1505.6268485092623
-8544.178825121026 9909.916762372231
6935.364535040208 -5251.243786405506
6272.858128423175 -7088.216597409724
9681.89704296732 -6024.282654238275
5867.098639818405 -1114.5286928189635
-3474.822684505343 5585.563742021357
2767.438304174626 9621.414090981507
-4340.64933732945 1115.5009697900969
5140.477029017304 -210.1485235699438
-8203.421250388343 -4610.910376210422
-9503.529036004473 2054.942890638191
4033.196112148422 -1426.159115400742
7938.624666703134 186.72139858728588
-2048.3508594911727 6599.508419879632
-8345.91381994082 1311.6279129882223
2049.1610254828047 2298.516535601615
8911.414717654548 7915.03472388455
3212.9690520546155 -4334.859628154639
-479.30246526639166 -2193.1817509870652
3715.8912739522566 -4209.806152031605
-9471.095033515287 5983.690506582721
-6915.11659419589 -686.8521219115482
9864.461633808514 6169.667421077849
2199.1511781935187 643.7521845370538
-4288.559369358278 -8211.298457052795
4103.293481257237 -2259.6049397408688
4585.174755896178 -3778.8396595553468
6274.859327956196 3892.584915366453
397.49665874898164 -9581.50453708123
2464.5959718977247 740.1010181957809
-758.778661257169 -7701.905628718273
-1268.409773978774 671.5087049538743
-9810.108462378026 -3187.024197495077
-2075.601543233336 7779.905525393246
-8899.790358704782 8188.628652429361
-386.8377874068701 -4286.103567945438
-9779.003936869973 6541.9691663297635
8356.637443574782 -1953.0197033899822
9353.9067490614 9945.03229395896
2191.936671330155 -7801.333387056324
2377.558518415064 -31.320700131842386
-4636.280150554628 -8524.198251616654
-5861.887119029457 3839.254689490699
-5436.541042899627 1462.7506505606652
9025.777016204946 9563.781184348005
-3671.6860737196084 6774.217639004481
-4001.9129837408964 -8273.055760027815
4753.0596391284835 -7905.335925146597
7377.240001698534 5135.767182161264
3297.4175003874425 7463.428426106228
-7559.8432039575855 1085.5353026155208
-7774.957523692121 1924.8056299595191
3636.357477121437 -3256.8137566170226
4089.3261060930563 -8052.48799687523
3210.133211760942 1992.0384523804041
-6314.911105786372 1428.1081383680466
1069.9183985559393 54.38626408800155
6014.126647805815 8628.10892749763
-9060.84128617652 8306.14656813172
-3933.5016229548537 2054.6722992678515
1139.3853322499199 -6079.604906364957
7598.339021243151 2079.906487614462
-1202.3897042821518 5324.294364056617
-5409.110671372175 8004.00094372662
1836.5619700199004 4926.560265385684
8704.339225900745 1302.5317178368277
1797.6869319693906 -8829.715078449168
-1206.0063262177464 -5041.5391194066615
2363.2548727542708 -1311.4276317964068
-5564.82656453184 6064.48947342947
-6614.699906002743 4188.117116868956
-5592.842315750193 4291.600733615764
8295.551481575083 2658.499732793789
-6784.592265859488 -7645.235533595671
-6038.102234670008 -6397.3663907755235
-6014.813378180099 6266.946688259342
-3626.653952534233 -9793.54258692384
-5561.378355574704 2957.716668597239
-7023.1549984327885 -4286.383718911439
-5828.85238000131 -9257.099474594399
3055.731793632782 743.5356034557954
