565
8211.870531776665 -5333.345076363116
2977.46926014336 9975.971562138078
4288.598402473721 3894.262366199462
-748.3103645775664 -1730.36038271902
5271.203594495377 -4729.546375521722
4475.847288543231 6027.893419146894
7455.265711721269 6065.4659225130745
-6587.7819523427015 2372.1812582649072
155.82201489675572 1300.367057370955
1119.7701046999537 2381.2992999375674
-7273.121300977255 -500.13734379998823
2941.864083794877 -6936.561115251823
-1175.7837179026428 -8187.181344300425
-558.593446960278 4289.270889206906
1820.783200865626 -7210.3262498875665
6960.334902496823 8570.94747531405
-5399.610038055902 9328.589884591398
7859.221759206375 8357.07183848435
9396.819706561542 649.8350162337865
-9003.309487188364 -7576.171682468457
8911.868456868528 6630.551558347604
-7362.76097636618 -6022.361043028752
-1362.7475961281762 4429.7200713589755
-9270.020542986345 2244.847381236461
2121.7039123657887 -5944.2161535768755
-8620.297361783772 6609.112185177448
-4133.994692782108 -7622.9412725292
-4664.414085221607 7767.323703936465
8595.098905703133 -7952.297788797938
4451.767260539515 -6089.968210900299
-9152.170368549672 -3080.3196057119476
3327.915986573149 -8407.479266314038
-4858.724498729581 -1266.1788015403727
9716.836574411143 747.8250287043393
-5591.970967157916 -8769.297766823107
8790.046518299296 -8796.862741995006
6971.209178933703 7294.776154978248
-9018.82208576691 -5903.788814506396
-9986.635950940972 -7657.207395041017
880.9599037285443 5748.528927036867
-9688.13549839449 -7109.768037011805
-4463.563374963746 -6162.855330279253
954.7657870403109 3077.1276136570177
4510.99612438497 -3882.716592981903
5817.540554498792 -6092.702773227327
1190.6772827560071 -9517.072374769408
-227.52085253947916 -9947.325880068258
-4923.861838153926 -8187.226235243945
-8081.031166268951 -2702.922081509174
-1821.427582676647 -4165.889588613804
-8435.73511035195 41.41777130919036
5141.762489149565 3147.313268199485
2250.774745989418 2764.988471523864
-3658.6289214422814 -2411.189961046167
7817.280974643196 1935.1624194064916
5966.476885755204 2270.542015250192
6297.936605238172 5580.447324851939
-7032.737625993708 -6080.93133530279
-7595.727360717899 6589.530349102552
-8243.327634634818 1547.6657446804038
7401.861781841242 2771.5845925217745
1682.7691499365246 9029.877602193144
6384.692384048081 1810.7803021305208
-457.5892840056713 2803.172919967399
-2733.2925174180464 -7529.420227995632
7785.790073870539 -4283.504936904272
3251.3773904254813 4751.076147305386
2565.277570837503 -4054.345238753416
-8893.42837159458 1175.265659164601
410.91620015975604 -4064.3236191613278
-8736.59012816562 -1022.1730948461573
68.82087019767641 -9510.645236770477
-7425.823907040641 -1307.3891297875198
-3082.350931326383 -4593.552535799723
4505.780572312282 8482.722485497987
-8617.796708082431 8488.071629230031
2611.670301956212 5529.716095276537
-107.85492300385522 -6743.956340012273
9316.487026497212 5896.094339421827
7187.69402400804 -7602.958883936557
-8635.82001037028 2497.9446796077827
-7846.892635248625 -7273.360443141195
-2278.310373701036 -2827.7792351878106
-4137.379440699418 6378.419080834632
-2703.277593213731 -2704.1897109090596
152.45755004366038 3958.495038781586
4519.5429517098255 -9988.792591992496
7786.410505177155 -5434.004156260308
2655.1170980609622 7836.252239849346
1161.4024471577086 -5134.857922931162
9653.342249453624 -1716.9389383816633
5503.346025355631 4804.7643069085225
-588.483327877464 7083.920801585431
-5367.469957344632 -8883.76287754707
-7485.405976737429 -280.40986772619726
-7368.345798738447 -8619.037146295042
4835.181169007443 -831.9075253812971
3128.5559684900927 -8756.293582641409
9816.648980353017 9139.748835276383
-590.4349803271816 -4741.774547710426
-9170.880296730806 1536.8534945056326
-6791.657916710903 7886.804768502552
-6320.4869965878825 -5525.943745254871
7768.949396320299 5335.458348734199
-3826.770605377458 -7081.840803760444
-8339.181317774654 -8808.283260894867
-8433.534399018568 7853.709859427243
3827.180118001941 9242.07294227253
-4185.449354591339 -8146.591166980479
-2522.5685004054685 -4618.675771890068
-5286.888212649341 9030.02476176951
-9312.178592629243 7186.191694778539
6345.269223595762 -4430.846534635806
-5046.263171119425 -5489.235819709768
6689.487159092783 3389.817565371586
-559.213732335973 7371.464564672504
-8190.915342323935 -6047.4364484505095
-1689.2246878436654 -1575.5985622804565
8735.848824876357 1832.3623631223418
1252.5823617068836 6498.107899963106
-1023.4256409076443 -1603.719141308171
3226.843998312739 4929.8459899145855
3512.7694224887728 -5226.453477173716
8437.266956006097 3863.800151381669
-3769.8224020850103 -9721.717929486276
5670.293496672761 9204.633225628768
3906.1640484856725 -2457.153776970862
-2601.2562457921695 2580.056324094854
-4800.577660096758 -1157.6268023160246
-6576.021680854696 -3548.8057915696554
-1472.1256620539498 9438.751313000503
-8664.98068048545 -3580.2965409885746
-712.9789921771571 3244.950362407837
691.9790418367902 8815.746350960584
-9447.565993681408 -6291.741583498582
5595.050867253571 5811.086661761596
8226.460708350995 -1466.363920618598
1179.2269124728919 2586.7212282049604
-8469.360356196023 -9283.931739205962
3578.802978180789 -8505.371582600681
-7188.285267501222 -9676.564007482855
34.653259838512895 -3311.640244338936
-3179.4437103349346 1569.0982529058383
-3928.8545392530395 -642.6342084770258
-1060.305536617092 7936.020272171696
-9951.509691725047 -1514.9015237179901
-5723.424234543133 4461.946731640399
1900.2127441306784 -5038.908912914695
5106.072522590279 -9232.227304868224
2494.3456044307004 -2087.628033327369
2837.1595297423773 -8991.073675153548
-7189.149377233921 -8720.277505260887
2495.1012063504695 7652.219211681622
8006.677702386136 5949.454957405587
2651.8856724139223 -5171.701480899438
-9556.221964261538 -1838.4740153472112
-8195.953239041593 -6017.530663746953
7884.298145569173 -1550.0265007285216
3388.4319601976804 9644.327020326666
8311.08269823006 7031.816914793097
-4057.1291497686498 -3640.709340356685
1210.5218781524727 -8654.296445076354
2360.1096340778604 -827.2202226662776
-3341.3144300419062 9351.766328899663
-7250.220086546004 -469.5553961043952
-1819.4045543139573 -1760.7132052334491
9114.583297485267 6055.503058247536
-6893.613131688645 -7651.066882420446
-3136.73115078732 -4613.094941068294
-4972.976819495114 6401.489576140699
-1875.6034866300797 -7890.307465565192
6956.129952231888 535.1525291760354
4891.2831508395775 -1218.4124250030745
-9066.579417346138 -7811.374801101825
-3780.0733229148746 7157.487593116111
-9940.901086208174 -3472.6000313342474
3018.126077879424 -63.78492865644694
-7672.483567026009 1895.767949619145
-3594.6000409264434 8701.512790184548
-7867.715733638865 -312.7380876570969
1189.7354363345494 8201.940731667131
-5056.067001896056 9061.383944946636
-5301.414437054017 -288.01165690990274
3415.130927188453 6094.6330255562425
3017.952826810453 6939.3565799192875
-952.6366691564563 4239.002070883482
-8365.202738277381 -3208.955546846024
-7443.0978617672445 -1628.7333081024371
5544.413062561518 4283.511536255184
-1793.223931285691 -1748.4489283899256
5075.827567303761 5979.850777348678
-7374.617983270006 -1130.1949553467748
8004.678255686853 9559.56580761166
7011.269565384508 4943.988915887385
5964.4363864636525 8474.197776058922
-6872.461690608257 4743.913175719961
-6266.76004786088 -9885.29592843041
-1881.796477380457 -5550.1544227792565
-6334.97705429871 3514.150048544245
932.7759393355263 8415.139589483042
-5649.984547075953 8331.931178752668
4024.227424227769 -7012.689726767982
-7468.894926583731 713.3930344225246
-2010.6002095999993 -8047.868697851685
-9631.036062672323 3591.381326078059
3949.83766495284 -9799.519424874612
-3659.772679825546 -906.0926510017598
8724.920447188448 8877.82848524681
7369.447780490995 8944.761296867251
1228.0831228174939 61.40696589174149
-7763.071884992385 -4908.413382674875
-4979.1826878196725 -8079.737565556536
-8129.040534237451 -2731.4503695757694
1588.0473425796572 6348.550109125297
824.3887796163399 6798.429647559937
1652.3944573820154 -9777.420770828701
-3948.1529162590687 -3338.414420877247
7723.729612003102 8717.279787737509
-5954.613895241528 6706.927725880232
84.34527098420767 4527.919867768278
5452.654795124219 -147.33430770365885
-9461.046454361604 -9621.957837826614
-2506.8187055296057 222.27653241832923
3512.6587232997317 -6145.2209053733695
8804.710504220158 -2616.2260126426418
2458.9235206654466 -6602.185378339451
8792.961766997007 -7791.9660924808195
-8956.514750399789 -7821.533895560333
-5875.418260405827 9334.574127263186
3199.0592186210633 -7359.522290683273
8694.464594764151 8830.85013655372
3899.5928389511228 -1365.7060405842221
215.02468714001589 -4646.215352627297
-6618.272425518375 4361.730994238282
6516.4101422099375 6969.896005908955
1545.0347539307568 9758.122841695662
-2286.9456244041357 7763.0649057530245
-3608.4965699945105 -9525.829698545134
6583.364103984262 8456.611871119232
-9381.344851004089 7279.8835298076265
-1174.243659569258 -2500.9643687996922
-6140.422552252798 4498.159878395327
7295.655459251688 1410.4055229574078
4567.059525809456 -14.299590055899898
-105.52970067853676 7659.059209837225
5167.941539566877 -9785.882644215162
9472.980614547567 -4064.078056561264
-3132.330412229956 3164.247414439993
5927.96542008691 -5583.59596841431
6363.974985406741 9031.842250397713
-4387.690520994829 6447.508416219396
-4267.50565055769 4152.954559108346
-8754.762732734987 70.41878243552128
8876.052108426698 -2907.490407123816
6700.72419143861 -2113.4940190420148
-6816.76308588377 7499.693852453864
-4631.455034882024 7997.344133051516
3420.8061561649683 -1881.0451913203651
8223.817716993435 -1903.0166054471229
6388.364751880461 -1744.4313440808783
-1692.6761213425052 -5732.6201879758855
-507.33674973001325 3029.8721804326487
2010.2697708161304 3625.5465259747125
-5847.230105015917 6914.431840916994
4373.58475088333 -4306.361164357076
-4173.718796518875 -7666.440274741135
5553.2316077912965 -8789.155138963413
-3549.362802883218 4514.7584609317655
8669.438621140529 -921.3873060488459
2222.5101956483522 2316.8240236839047
5449.142649227248 -7771.602237980013
9892.155567043803 1419.493069036118
5387.361592032432 1423.7689831589632
-1871.4951079380462 1044.6803668918074
-3405.3980081230375 -7643.627857722992
-2985.309229739494 8289.505892768288
2063.829978109743 -4132.091586582343
-1637.3865104557244 5186.467272347823
3781.924475697755 3727.9274952043834
-7710.9579568840945 2766.273079333383
8926.951675690092 3119.910579648178
1374.6659720056705 -6315.998653159542
7333.9997363764705 1835.7618748608238
-7268.581750594676 -9620.586416054477
-2521.28688884254 -6848.515453421904
432.28601783532395 -722.5996613592142
-580.9129517324618 4454.479983029598
6011.746436150013 -6805.29806241184
7452.47282250235 6915.558255040596
3123.857036467767 3904.193354286077
2686.1627446429375 -5153.59361982658
-6051.052524517353 4718.186635788736
6286.3229686030445 -7144.076752275557
9568.760368996449 8987.353979301217
7861.451679796872 -3483.5283193939003
-5716.2052213997085 -5427.962890024698
-9747.054500327999 -2026.2293414206179
4725.515385117149 -3372.1355994826554
-8053.234966666145 -8218.202419451349
8619.9915137619 -8542.259172627431
1386.5889027277863 -1783.2708473868752
5188.445024702192 2717.455657032684
3660.2695136837174 1421.602767941462
9424.080675164143 -2077.7162371937384
-652.2150460524063 -2043.9558124485702
5863.490704835427 7987.132862533028
7760.312794369616 7673.055413668579
3974.8217955449636 -4557.068830986713
-7633.561008647096 -6682.4860965426105
-3086.195538054355 -1992.883332062971
4892.9315811770575 7838.700104518604
-1847.3470293146675 3346.2372694666083
-3596.0876053746515 -868.1907601358998
6365.738822601337 8153.8299236513085
8603.66550462232 -9228.920595891366
7959.866773252219 76.91018804385749
-3325.27532397082 4269.8062525038495
8765.86420975543 -5440.455133841946
6154.301596740515 -6499.818074590821
-8337.875166370632 332.1531399564283
-9331.502107449016 5128.551225642217
5279.636315153843 -2939.6752943966685
-5214.820747885767 269.3303955740412
441.9347477956253 6577.109539372537
-3187.2263855463825 -7966.51359691136
5622.338923359755 5157.881048584879
-9936.327465452421 -8754.850207648275
-9545.286953183784 -1542.9605443496603
-2082.679160981691 8322.56006313565
7212.925363165501 3010.9719430992627
7959.48047436458 -6832.770520182832
4178.063997482715 8621.845387859812
-6459.434468293295 6877.846227300972
-8058.611010772827 -5528.035784978651
7287.351307445144 9203.104372527563
-6055.104266506985 -1521.4211871770385
418.7624186909816 -6129.700036701169
5940.280058240965 -5815.809901517621
4157.858933013715 -9725.80993352162
5550.995887114763 -7612.449308242432
5098.536285716746 -5516.728365036259
-7248.999256399135 -4244.282789840357
-4923.13396504428 -4881.715700023686
4827.700588687383 -6182.331102907912
-2086.581973393185 380.40710263438814
-4724.500919876189 -6974.83976928367
-9665.710687543706 -8645.730466206365
-4929.727701616369 -8023.368742033421
2445.000461196414 3683.555587593113
6903.98985749159 -4564.839951072974
4322.799327585441 -5185.3648768031735
-1787.3839837509513 -7568.405943256574
-390.66336718955245 7226.313545173201
-2790.6771930392215 3529.151132135288
-5572.923772923011 9411.447761737825
-2361.039489188872 -9764.052791759881
-9490.792159752373 5848.829389373253
2598.631911442866 -4412.952204038065
5124.245650286832 -5198.603432983798
5523.125916637935 9077.816401042728
7192.886349556247 -1500.5089939084519
-2687.1235022489045 1415.4696898756483
-1063.8754257603032 -5884.46968757027
2586.002702010266 -5034.080590701215
5460.0169113225365 -4090.8756749132017
5164.917328847694 4308.133148230994
873.8950002505953 -980.6780331932405
3161.872148772163 -2031.6012085008551
-1144.7581202552155 -6396.673771117343
-2593.264178309367 -2807.9639750455262
8015.836574134766 -5631.3226991202155
3464.1869380245807 520.2613138914421
-2009.8025135187572 5018.556045408859
7116.431710898167 3975.054465845011
858.7409618753991 9727.516613017542
-4058.559655400729 -4184.955622116264
4334.500254092127 -5512.384987927512
-4504.378560066586 2110.584154052731
-1916.3694208989336 -9987.444577116661
-2386.25185259264 4796.335169720951
-7383.642490436977 -5139.867555377422
-9532.140065959795 7394.847015899792
1376.4129899041036 2530.9043937518763
5280.769821448672 5264.7689212688765
973.418747555881 -476.3127465565267
2968.7150401782565 7012.486534875596
1944.0868678292518 2676.118057442536
-4508.4094146210755 -8383.867254753688
-7005.503709554774 3591.1902461627215
-8681.884052915642 -8153.91735525183
5367.134857877347 5548.317818007816
-7832.808086497884 8726.193238101518
792.7813825173107 -5979.849058174304
9065.60263553344 4065.2047302639967
-3571.2812146814367 -4235.992367735995
9766.137003468386 8497.88280753541
3251.178055913806 -6570.5461115120725
-3300.900986969231 1010.631471203973
-9438.691473153562 -7278.783663035353
4884.089718836407 2586.461874786395
-1419.6156670352502 7379.2680604657
2607.8405082993922 1389.3639558832092
3551.3675894594 -6414.416320400613
-5822.198604604007 9818.282520947716
-4669.66330500689 9879.719542502295
3690.0717762483164 4796.049325968177
-3857.2799929214943 1263.02327756068
1504.1832853518736 1818.7872677211362
-9004.34501817214 6893.946755753739
996.1490140758615 576.4537466627335
-4820.7764625609425 9624.576731440338
2165.0899385560933 -4634.6467863182
-7644.298881089506 2601.1653036075495
-9202.333735516013 7048.591384312123
-2072.6248896307034 3249.09524644225
-2851.556337146324 4980.6204318645305
-3310.112802895802 -1814.6316022391165
-3526.7700751432376 7097.1539969292935
-8780.528725180306 -6050.633883082932
-4743.678958607673 -5718.078444731078
-1991.1529528513674 -2084.7140807419228
-8398.486793657414 -8843.151137226067
2057.9542151159803 1347.3113382969132
6010.626135531167 9602.441770338693
7442.107280904387 2281.230906134564
9652.207162101153 3600.283543012465
1321.559676300134 9763.883897074531
-8773.022837347904 4399.727784140448
1922.8738784810175 -7045.548096992767
665.4977934805538 -6453.988090888028
7213.899008160202 -1310.7120399763407
8147.43261861334 7967.182584889484
310.5638858934053 -665.3769064979297
310.69613518672486 -3897.6240923172445
95.09837333568612 9099.142701852172
2022.6772266494245 -3035.844826183785
-8908.292905974531 1451.0934820797102
1714.6390562933284 -4937.2417615194845
5337.117643344658 -7117.777898039141
-8965.701996206099 -6719.732100526244
799.8408560466578 8983.520042604057
5450.49527774647 3067.880567294538
5843.377541348886 -2354.6105935818714
-8552.225746103863 -3250.411960717168
-2704.9760428584977 1167.5119116674177
8077.593896177481 250.76438658379084
-9126.681401415517 4161.355158556407
-4113.199099539184 6230.285812379705
7043.596717011205 -2649.093181272986
-5377.096492821119 -2620.013983656546
-7187.486222248176 -1275.1172902930593
2619.5810383220305 7565.391280016149
-9461.193764538184 -7033.687655504015
5394.788307565079 -5483.155800831658
8528.968314070189 7683.064600049129
-1252.3001841883615 -8059.719156316949
5002.929772990763 685.5247059818375
-7480.337733772862 -8797.927770969478
6956.220133629067 6405.297744404634
5188.216867538256 -6847.481536806317
8511.515623721185 1521.4646631612122
6592.171468393499 9187.712918726003
9543.87574084604 -41.420230128900585
-3660.406269226688 -2690.3264867868647
4680.367171026835 -4356.757201350869
-1170.4765122682165 -6270.214783736028
-4783.7980617910625 -2246.247199002023
-7677.916816240673 3470.743529713767
-7944.102023141151 7669.987357852238
9120.595828254533 4457.3707589313835
6479.398584357448 9428.321956782525
6683.209604923839 -1253.195490098744
7349.478677734001 6209.055990672536
-4639.558454594044 -8166.264682773465
-1681.822030911726 -5768.535426612784
-2541.040308278082 -3623.484622036617
-3343.593332360426 2404.256982658915
4460.822747187998 225.1207189634224
-3477.723243602968 1176.8712749365568
-5518.687510920886 -9707.898186616514
-6199.88468249906 -2740.293765943791
-9572.608276169418 3592.825036961045
-2916.4755649866665 2229.0249225165426
822.7303013319488 4691.441136787571
9942.257138734029 -7495.05725657158
9894.150257852707 4824.202309282817
3304.0913963215717 5788.557520653449
-8731.75862521128 2131.8777714037424
3599.276001401111 4766.930493433545
-9494.19030576015 -5281.802063687526
2256.546986623167 2742.303777382247
-4294.269588621871 -1338.6082798389762
5206.1032615268505 7814.567558275761
-7461.328853286486 -8358.943462938747
7236.34633229606 2343.674558869163
325.0712277755574 -497.2547448305686
-4632.405750802409 -7358.667434413479
9150.66287394469 7867.813789632823
-2152.6241622276384 188.9795145230837
4516.720749718341 -6193.766909170952
938.3371407801878 151.6897792951895
-4348.851013719359 -6374.787832515474
-5638.82280202876 5555.322262572023
-3639.600731831656 -8013.338017631992
-1928.5470979424572 6216.8789129272445
3181.1398113143114 -5148.350436785949
7990.484444467922 365.69100453996
-5405.513273142404 -5839.816916093825
-3622.982419440903 3865.7152612273712
-2805.4734274724224 5689.80026447526
-6282.316116742115 7046.872875983499
9956.754156422467 3196.6019647631456
3330.7251868485673 -7623.977167721509
6130.968474163481 1727.5236812515868
-2681.1612550339078 7545.815646981719
3787.0610677433833 902.793939444111
-6926.57740794115 8032.330687373942
-9328.946196522591 5002.689411243044
-6776.110551558332 770.0601623554321
6782.63538649819 -9147.153817244882
8742.137214633742 -3684.550044592552
8964.36001427847 -3212.454185487346
-5146.335704957936 -9282.127053437844
5796.573149045475 -3619.4440753909803
-7526.775993816807 -9710.436333810881
-1778.9571034270612 -831.7495976529317
4074.320584255449 2563.6968498133083
-8429.829183644373 7249.903364753016
2218.2571287717783 4952.450594742299
-1942.426909301531 -8564.80557311641
-8590.15722767326 8964.55318367347
5289.72221069958 -6480.868268777087
-486.7099976735972 2314.4673633741804
5987.2487096564455 -7700.257192320923
3653.2198997101623 -6146.985734230468
6858.405001753526 -9885.946728233359
-2657.889246389318 6971.917295143929
446.10903355370465 3953.0144802038776
516.9332303505271 5982.371626230921
-7226.123323110987 626.2110688447247
2234.1136162082057 -3059.571075583259
-8255.126877522192 -1017.6713762269665
6963.374391465106 -510.3706246869151
-3497.788968217168 -6148.483191445215
9737.41972046137 -486.0328553020663
6337.528460728703 -3839.0565069743434
-7144.182046717393 3741.943663488806
9238.796457220524 -8415.006947016762
-2592.138584691299 6915.1063069348165
-5202.804286094857 -3873.29130889525
-3429.422768927051 9732.134008169156
3946.82363096092 -8812.752850122955
4454.466094164798 -8497.812496577622
-1110.1072253822495 -7034.737771991688
-5789.0302178782285 5288.892037698593
-9436.016854522517 -8561.707634871596
-7817.946780249081 5298.985029163772
-1863.1729904523063 2713.3870927879325
1063.707819926689 -3632.6879143183733
-4731.996190312358 -4805.646942279922
4371.581563101641 -6387.491124818358
1255.832476123569 -5201.831333156281
-3061.648209813452 -3314.6282805171604
1691.652304497582 7363.2702276822565
-8261.13890328628 -2495.434585589387
