1816
8136.685422924975 7392.623849469488
3625.158084494444 8530.319961739948
6701.526342182975 4484.761476957187
4186.03627119828 7209.763005301028
2381.9925822164078 88.20271455631912
6405.394062782941 2019.797732067996
7684.3558592121235 8674.182909098123
9171.59566613502 8745.735890110216
7406.9570763233305 248.02796074284151
2360.9615984480047 2933.015371316834
6908.534245337261 9815.126564704513
3029.4370889239854 5056.3973847421685
7394.87605953345 690.2584242323139
4145.810745530358 8924.152619832012
2446.5224838689214 5191.841191361949
4137.054161137887 4383.2106504950925
6621.554039975687 5452.117331455528
5408.92937025543 9111.96099113784
2641.34515325386 7826.249226827445
3960.088389456492 4570.585507308578
8403.485222127252 6697.74764444422
225.46792849815867 8024.513817890316
8864.891879135073 7354.612228777884
3364.8624470408117 5964.7913321449805
699.4801679835749 3050.0142844897473
7355.132603206729 4219.857932239519
9558.569571898217 8363.302380770725
7449.588696128277 6586.4287082013
748.5449514798593 9541.573054864572
9835.663553854825 6902.884575518
4189.114238966063 2628.9923142287275
5652.068530452091 9146.772968146184
3626.8298096909357 1880.5116665105813
2919.206722594695 6358.7253975073245
8252.377605854823 4208.577758687544
6391.691000783471 1978.3040039225418
2106.4556889155806 225.88007976856784
5859.395576651613 6522.990469647049
2957.899048887489 8824.14369549599
8003.549207926404 8449.731090467845
7699.034869608145 168.41996189546737
5556.951902184262 509.1609524666074
5727.076359944481 1488.2856214814221
222.48002073718797 1935.8283624912765
5266.696228932012 1111.8087598101379
2571.619570460034 2413.4450714599375
137.74785780353628 8815.102036693856
2974.84523096936 5912.392299363032
6083.426631031952 4749.725878134283
2508.245234447171 1217.4142885142646
6447.998248862027 4962.166260968396
1735.8636513240033 1246.6338025169
6729.543250630846 8834.059665718962
8284.815629841773 5108.729589711582
6331.999634206541 2648.7936189137795
1210.3072766170264 5253.316294927212
3702.108841588475 3929.5627752291075
1290.2662581954883 7040.271125829728
7960.7031205609765 3195.914556758216
1594.3754102859532 9586.955630810939
6124.09976413885 3350.2707991803727
1939.871796714181 4847.984032088058
60.188930305093976 2032.866079875837
4176.556225363343 6540.390041366404
1435.143923344403 8972.995397785236
2636.0342789920333 1747.75194983107
6080.492628763147 8616.416321255852
5535.2913757729075 5820.034638100652
1446.6370168731735 8123.207045520086
8642.27663453661 5531.611747247218
2107.716034506797 2207.331127964894
2091.254691697352 6368.135330573683
8644.051636934137 9228.615408020574
4878.258748936431 7283.6217813801495
4652.23648206422 7449.7984444400645
9272.05737112439 302.32885700198887
5119.25097723806 6435.764040838884
9143.625793194913 2935.6954848960772
6945.829484784709 6199.020795273526
2047.1919679186267 8542.828180392116
9015.620274208697 5884.950029373392
4778.501439228095 3483.7132904167456
4880.511687222363 4542.289932692606
6091.029600182517 197.5403211757465
5868.8279568291655 8838.781461708284
8268.440850950617 2184.2262405036563
6221.922507549417 6458.854919971697
1331.6800715509248 275.4314831744609
4726.029261819278 9359.684024225859
9801.651970128032 9552.06153938817
9230.054116077628 8063.89644938128
2143.5289566534275 2798.4531748824106
1426.3251080924988 6731.671921409053
7286.301402030229 9479.14525717832
9320.140476300277 8881.921720648348
941.2643981269298 8882.33859495961
3925.286677508366 5321.692249028547
6835.714984685981 2294.8522191195043
4896.523066654395 9094.887388621357
4433.205654755996 1856.5849955808455
7046.362742699963 7075.859437742316
5229.287335116639 3088.1976200876784
5992.300656654552 4210.371239107487
4291.745030536369 3993.931516050313
6541.976240184555 4345.886735633598
2356.910828877996 6112.181663490897
1847.5777008597572 1095.0951096863282
6498.717980953882 1919.6491689024708
4847.128694158921 3241.033358371903
4154.73718870128 8590.599008042984
6059.125951387962 1819.1208320548935
6123.511163629115 270.9498631960272
3408.3195107281304 200.8747970636926
9040.087279462887 9747.629462485836
434.2661783417423 4256.026108550581
6791.722857090956 5676.832264808603
8970.596736312526 6984.2121557625105
3353.315207222257 3380.514931695762
1181.7898887718425 884.3730842045017
6602.188122532616 5628.673390095768
3705.5492057081005 1769.4307654200313
3814.445672318788 4795.6443441626
3572.726815955083 9735.786287232368
4750.1791835055765 9311.880826995564
1563.0545128766694 6561.621785579435
7502.39343098197 5428.351191747979
3703.774865863657 3934.9462173102247
5614.597198201079 9968.916193575755
5729.594145551306 3601.7792012609316
2364.5779294869963 966.7411648805424
8496.203433502922 8776.81726619901
9566.963440583075 864.0034615061853
4575.94746001866 5973.384659742167
3764.745914117762 1299.8592079602445
7563.042380152175 7786.417516663893
2260.0270335977034 9419.834319075446
5977.079487948099 101.69143709621852
5076.816198556558 3110.5114664728094
3077.371085958367 1706.446049514355
6653.79777226386 6596.583679693569
2387.0326870073545 341.02288491635545
2832.554400073385 8433.051823115482
6274.515920109569 6858.078806483835
4536.818572166725 1083.545349831594
1551.6366585591622 8345.393890375466
9430.89637098838 4996.446631789993
1720.9750878922869 1820.2460310716906
6800.490924036184 373.70535818224806
241.84691275405123 2417.772711706063
8916.727466228 6672.93204062968
2982.8761421213835 3872.704048699861
4224.2623019965795 3291.5597562429566
890.5272258543839 4533.289859603632
3836.933169698813 4852.572223004425
5826.783851648033 9148.21209862695
3029.4921099193684 1044.4925294602747
3515.4855525177477 5231.7126532379425
3681.532169107259 4064.035366361969
7585.669153358268 2939.13062975664
1959.8065290754553 6368.0264641072135
7811.578857438653 9074.4924939041
7917.706582385342 7661.896706424751
3822.851441443733 9103.747674963839
145.755051722658 2835.2585112132565
2794.695711489542 5861.702367410884
9124.537370612608 1900.7831469208136
5926.726633990745 17.65232377864634
7511.580628446994 8900.790034026915
3880.4337303936063 5304.171543732339
4236.263142367225 9216.670913036323
5769.095282325998 1015.462727615416
1981.9176295035745 3749.4704093705986
9780.280030518166 5346.13580458402
4401.870011867489 4035.6490651347044
6059.899363368962 5768.224006602532
246.22872841193245 4520.259079455409
4098.1097681643505 6833.71128503697
6468.827959121773 6930.461438517022
7531.1855222021595 1541.787142984644
1338.7924493599457 6975.524599021429
9009.815034761134 9724.506311023097
1598.7845581978777 5445.138867193134
6583.101840487435 5781.481175414934
4792.057329548601 4186.08987219048
908.8746294853534 8533.68341666435
9023.029957207875 2408.035673048561
9524.745525410412 7968.393727916892
7621.169595154353 302.3357909033786
400.68033447698934 7211.783762611021
5445.544199636842 5053.580862766288
2042.6703084147503 3192.568984083508
6897.493952825823 8981.679845403463
1528.4301396655299 6149.628449001531
3101.4399510476997 773.0591314755209
5029.867446635543 6388.436277648202
7168.932383734834 8542.73633070299
7613.400838627074 6505.604101351626
1978.6143284937496 7814.730848887925
408.03381015922514 8677.786084093423
4484.859871546265 8416.47568806962
3592.4133482144007 9550.653257955659
4210.419692921483 1753.6063504107913
3075.9377442696823 9765.597867251936
1283.4857511228315 3964.6914681147814
7235.302055792574 1226.272839288547
1147.1689645404003 1051.1873597821163
7616.6964133253605 2834.0405143744606
8899.454468428654 9236.092081992052
4125.204601560368 4610.8402594155805
6114.285246936613 7525.483489642298
896.7768800489706 879.9527193450773
6949.497344174178 9730.323815630634
3784.476768773335 5489.578432019924
8364.90990429664 51.62253254607396
4189.532764229458 5941.116969466521
1353.9512923346474 9740.244285168801
6829.053732226194 8723.467384631853
6234.781783244621 2313.362712346816
956.0907462745749 5156.641424536757
5251.950200126042 1342.7522869717345
5534.064647490362 5612.421705790781
7.1980728748421985 7925.821808660736
8916.396598945374 106.75820273828963
9568.109167401633 4608.492847869633
2693.514604201097 4948.042060264776
7495.8716551512025 8749.73184588373
7543.235683263193 8377.3567579042
2488.5084296401283 1100.7433544946844
6156.846066790712 2951.254111099946
7853.496854865804 4717.538953334204
4612.0400506120495 8794.557509921076
9603.792468622802 5233.800386916651
8925.194049479747 9790.148075513383
1613.8340454857457 5991.6525431404325
7939.2932872309375 4274.644040303797
8977.195828836357 561.1733589730861
7190.144690230932 2873.3309868033684
7475.128968888027 775.162443870333
942.3472547756684 8734.664155602952
7895.307194891195 563.9015357558696
1197.8127370765724 9614.103622691811
8832.677001794225 4595.334320504106
3153.4617886389583 7009.011499663133
559.3866007531168 6009.305522539098
6321.046791960292 4860.776332940982
5568.345023155188 9380.194344649564
9320.880390121327 9217.301817188976
8475.046208491021 3450.4851017442384
4222.579092102467 688.4328209331026
9104.864021023835 3148.519480570946
3229.756028879541 3528.85562414299
7798.108111728332 1936.8777159772267
6491.9291955709605 8747.459911850963
1232.7050186605293 3633.541445204569
4875.735993925826 3769.099524786912
394.4504210645749 7506.18835614634
5638.874849293567 7864.14900938683
9717.35034082198 1660.6806332263059
2124.022368296211 813.1984524312641
7871.656949299994 7528.003737085207
826.3032059899078 2088.6879441700935
6194.77227843753 2599.6197789778084
486.71654412056785 9212.233830419678
340.2795930612434 9469.404276404608
8225.25395462565 6885.851523544127
4362.933780327 6711.031485648053
7151.265023764948 2997.2353855584843
4162.527611073953 1152.8856414103384
8374.96805240742 3663.705090040239
8977.119728391026 1708.2711071506894
7892.813508168498 7106.384814267793
5446.197142511169 2076.9013681540328
5430.753250392245 5335.633794021748
8656.916628677762 3354.3490385879713
8003.285996504893 3380.698214100717
8541.651961913778 7869.341372192245
5682.479430177679 8111.009131131256
8012.64815716977 2414.4918890849567
870.0013372144077 2573.5043633198497
1299.6673985016305 2444.25599247557
5226.516657379947 7209.805226496719
7099.081784991761 8784.609051576377
336.6356843921103 6319.028964927305
1347.9535572720558 4932.141505530153
9173.92829881401 6696.478726009363
8704.218615748805 6115.974068824068
5479.347546409229 5505.39664792524
144.16477781550861 954.0960808011423
7277.730544460998 6128.4239570652035
6480.979051992423 2756.433957486053
8930.877233514448 3997.3665791501867
4063.213330890194 310.1609967333452
3362.0332888400694 9214.313717310324
9429.595752971984 7328.460434369377
2385.4309092870762 9154.110423720087
4276.6957042956865 5652.159292208278
8435.87214824826 2177.6436867751813
738.5267241861882 9764.353151949717
5417.164107426862 3087.34694281545
9682.247168407437 9211.342575093558
9874.54619595633 2020.786575107144
1491.7036516765681 1118.910004876955
6245.076185351125 1105.1459156412013
9640.633345441216 7151.162111331537
1551.271564353215 7384.872881699453
2249.9225846307427 7979.874838067165
5577.128266403985 6286.713662633918
5778.396782489344 3615.4720105967
2301.968252841887 7200.8086272567525
8014.195431998601 9796.477245571163
7166.398153805119 1633.47203719714
4613.864197659747 9042.481898547429
2605.984404520586 4826.744475903778
4578.87034526465 9946.37307718655
1212.0823094512223 3741.7435355584694
5264.333516946746 9814.76696620745
1865.580680364447 7867.306084836696
6782.334759213912 3861.30399278787
9238.160541365987 4442.3568507227765
8992.24808479817 8815.652115950306
1166.9781743775932 6369.900771175962
1663.1163898977898 31.783414743109528
1582.5332693943672 9352.482018342313
9848.173813246449 8962.27831813964
8905.787208518534 4593.411152584041
2029.188883585722 2211.1231205718605
1129.4454483149852 4785.011194111599
8168.389707306287 4285.668717462419
9159.630360141104 4044.589435696532
8448.300619658698 3639.115053276529
9418.00947665808 6960.79398699047
1184.906562931124 5628.102081467296
5190.767449504818 7977.464275528783
167.13507486399436 6605.675513450337
3759.637668629948 9969.043909403794
7505.723157643874 528.1100127581473
2961.5402359394348 51.072166272946305
7967.117899125933 3174.7720475405904
6497.200268215787 1421.2243471805884
4723.135400686421 9363.406932965276
2045.4458168163214 2340.8280433624163
4464.680525942339 5388.937886690939
38.71846527478628 7243.7299398288205
1907.9093274252778 2322.0691854385245
3816.6520820688143 398.8450455618486
9863.794797009241 5774.6901527218
3798.4065300542447 9554.673040507289
1247.1306481430677 4272.271892255748
9300.77010437288 5558.51625431451
3668.592074887983 1469.1654028519663
1677.8745375933047 4070.090922773465
5583.544492668049 7100.89864589221
1569.690931771598 7178.673649017423
5363.875437398628 7788.282545738661
1220.305723937276 5984.881838846801
1114.1954532681452 1591.336619952044
63.30486660440449 22.63269961348735
9571.341482291857 9556.745880875196
8070.418530022847 5773.788204169528
7006.18328089524 3410.7668893951404
6720.911368076885 4467.438356711673
3689.322645563231 1020.2023917428493
1873.0281947189965 8857.733150359347
6187.3444117119825 277.26604643345973
6305.134905617232 9738.623617339312
8523.861421061416 7659.864927168991
2243.0205605871233 5580.828348806998
4069.6728163417383 9877.028380989517
5801.158104104823 2865.7929247646784
4918.930886527109 5729.913538642958
5939.546620851704 443.3624017511517
4463.293403511972 602.0249354084306
274.08400634413186 8554.343294127439
1893.6135942665144 7837.986384524273
8877.255910068827 2036.0819661365415
4438.799011840082 9678.40594560148
5067.2409545378205 7668.636390890634
4294.050027846478 5389.077013748861
9107.377043466493 7621.081985139357
2395.7636998913576 5755.967225143489
6724.243480754149 4521.931548125331
467.97069467185315 1213.143106974378
9401.460452705984 8804.612647811666
6095.2468700309355 5528.984843833613
7517.618908346431 5668.396004379679
2969.624024407713 8196.748479659285
570.5936346949647 7247.118483153363
9914.09728541495 6458.736794596713
966.8149169648422 5392.502124626058
7802.910641334092 2239.040966325193
9152.903290649361 1855.821753917628
3078.8724842182223 168.02024706579766
8228.39978477505 5591.1240862419645
210.54072545002356 352.38821401452515
5602.155491598514 1405.1616076506557
3137.184960123677 3577.980026984715
7741.265568634986 243.64759231443546
7517.0218266649235 7227.975568814955
1610.2680240132904 9030.40271489355
1424.2868133747222 7357.556994277349
3009.6513747680665 7165.405913787505
2033.2943684347094 6086.684432678163
7696.545083176132 7539.7256716110205
9782.707296153809 3755.8729274979864
5906.794223969348 2239.7521719580104
9530.823024744583 2135.561011351449
4696.448989513371 6990.109990048374
292.7533919665193 8387.861258061388
5382.0242913539105 3824.082131414718
1292.9608342668241 9450.187944691039
5282.720213095904 8472.325307842646
2271.6879273001755 3043.4583993220367
3954.112546224575 7525.120171640909
251.39416108972412 4603.271794913706
4151.6588169065935 550.3394789210225
3299.397068869855 9090.665833464998
6873.688838666977 4038.78069571863
4215.485142328591 2859.760001642608
8007.378827597939 7300.460442611137
3528.3586499827757 3542.7977757836625
1337.536297780706 5249.915930721218
1702.3204025672135 5258.796628519478
8976.849314890622 9395.52060900212
5035.726532095203 2360.2262929403328
5637.582397834532 6287.26513494711
8375.28140884199 7402.833117942279
7588.534209877114 2179.4171552081666
475.33894331994617 8056.934149930762
627.3906946092744 3728.915943064155
4598.948151843571 3274.2044962875448
3947.4435257938735 7177.323154555377
7787.468756673436 1182.1918072027916
8388.972172606012 2653.591597718714
7118.146237135995 9899.483297368808
8239.406297892741 5986.878388489467
224.1249164191328 7747.667725063079
5482.72698541156 7733.074128126512
368.9545109919645 1181.924552216762
4197.38230181767 7995.674837730905
3447.7160462563215 7170.286087142089
663.3269617311877 6061.0802789375975
5429.481889033981 1722.3149324964359
1662.6208554606203 5870.348906224744
3960.8941648903383 7801.14460182423
9444.353310165032 1913.89853625881
7118.227904576756 3948.536638932193
6873.481006987889 5262.591872638817
5625.384848867485 9610.803289663621
394.5038440458737 6138.1005523532385
2247.836613436067 4374.159643596488
1614.7256608417026 7677.39218757949
3527.620501612009 6101.258331302732
548.1761872934965 5360.642393951637
4542.062469918849 7306.376081182835
4860.1010386819025 7948.8219308425005
6948.988209448992 14.913895571100344
9813.247615596814 8716.664817875966
4223.7525208474435 6823.585704253158
3041.0157407060447 268.6788861997047
5698.502808580257 9910.861924462059
6758.8556841989885 2290.3058382416352
2781.6645009082617 342.94969935286133
7574.131474865042 9213.299453765721
6565.720592604844 7178.785104344658
666.0002220909189 3963.839333792776
5923.929124985532 9598.220810408293
780.6741314772181 4713.8499086375305
9151.70495510341 5560.794266707433
7223.771812463813 3870.450947980383
225.97057283491372 7348.165352666411
3830.2856899139447 2415.4150256471476
2835.854404989141 7751.512542064735
7754.025327569452 8145.964210773772
1480.6980066118135 635.8878203061646
2842.221537040438 3370.1897162752903
9136.409837079917 6146.719223955838
4347.305947518839 6174.8292524022745
5258.779508906001 3919.3725533942793
1776.7089902190935 9510.09381515323
6222.449185914387 7310.865592161745
5792.84451753432 4025.6874105466613
2686.811356303136 7893.551900716281
3249.281960865962 3844.113501532381
4835.184780644767 2233.7755775640635
1685.4318338542196 9271.821791497227
6951.196176793191 2324.2173558122004
900.8985361652344 6825.690759747511
7376.374434755398 6946.843592276709
4591.985062020621 4891.810588570901
8535.540745378019 3714.0815381258585
9456.659171647158 2835.466673733129
4421.659427771567 569.0409918644812
2660.620422603457 2445.69105763595
9699.38748773867 1121.3086141842832
1105.9360720303314 3224.694818718308
5416.643020410801 353.0459519708795
7555.041250272241 7221.949090391494
1206.090818843739 5950.820658187112
9336.725269051949 4864.636133094945
2813.5175194405338 5801.8072575937
5097.057870948583 550.6466810929301
6807.65171580713 4038.696727358674
3857.034730401735 5647.247137742179
1406.059270641422 6425.854477650836
8500.048328445004 6978.000960771818
3494.3235145216154 849.9737160645249
2736.1226161863283 882.4754935051604
7120.798478553106 211.66926990571767
6576.17484070129 6497.722698798748
8016.799423650173 3110.1649444812697
398.3952172438121 7037.472603442528
2022.1776434662563 2371.4275321800237
1800.1677737386856 4534.432937726733
2688.796608146633 2690.8044282343503
2602.7786172292867 1763.0407523136694
4789.514380528609 6444.426027336013
5612.4889587051675 4874.466480827554
5977.847708416636 1069.3343494145647
2040.3774125873076 1652.621286170458
8423.575035354042 2320.5072957754114
844.6868106843119 3239.374863288268
5892.113082668503 5183.644792975077
683.2314775940451 1679.1406539722987
9440.578213763654 8255.793130175958
3649.758874437119 1697.4428163925625
6671.025905163733 8001.579469123585
7516.982990997889 2755.0255079549393
5311.435161588549 6451.039904671888
9820.32851880226 6608.5292910322405
1787.5837804457628 9625.719093414624
2790.2692562955335 6360.698096736437
9404.043653471688 4262.9296839839635
2877.4534165808363 5297.54757141413
8770.095653495408 7253.757411755344
2413.650030399355 7686.867394721685
5186.445381336562 5618.606753920827
3812.875884392427 9151.892788592932
3851.2028167922685 4814.778040256895
8640.88303008801 1235.9242960624429
3948.659403640715 9703.77580843727
4867.528770520768 3338.1356115261874
6951.980335538907 5601.74956583634
5665.362514977928 5327.758775425878
2801.006339947637 6494.669870049278
2229.107337764874 5833.2887116483835
8.935084323844489 3720.54715200701
1264.5293264954194 4455.305481183419
2206.733562255083 1204.2044023088572
5031.52298998233 965.9609788642609
4151.711112322782 2675.8157860822953
8125.069144232209 935.1352907438915
4806.7543539798 2212.6282988417124
539.046532625741 5162.714206091159
3739.316220634091 1913.9869140036092
981.7077116931638 9798.402497392386
9794.31389573993 9552.98366279661
7897.959721685493 5094.92895010607
7762.681437423425 4643.760246256271
8202.417483139037 3367.461358562749
9597.394974329254 3521.688562982399
5338.521524741095 921.4991287045582
1621.365262816794 2754.36523779889
8952.849286410354 4463.463239527044
8126.675901495511 5484.5535629543965
8210.065687865937 9822.66109335177
4782.217125931726 7151.911268755128
9572.798163523083 9690.248603970525
2346.8506331905546 5448.545985808732
7732.039980895389 7520.27591776883
2327.810063340726 4334.143338473452
5297.519293602182 6739.845457964526
1429.1282697703223 3469.6138285334355
2843.8003620418285 7979.8725042799815
902.4571358624734 2523.9120761863087
5956.704277530739 2164.885891102539
242.71991615563482 4466.880382948397
35.97393613943844 3989.7651074631567
2063.6239026549265 3181.6728692175834
6783.930932166 8563.254929015156
6443.127921763432 8513.525127867533
8546.198657590077 3812.5620411434834
8546.54737168647 6217.325370661366
7969.400226261269 2620.2829685000916
2915.049577038775 1174.6614279745982
802.0593892401573 1604.370153069883
1449.8769493089358 9721.706622858968
9088.770898241739 7953.794295849408
9827.707678694038 962.5222082034479
494.0250645101818 1797.0150370639083
8850.14728646795 7538.049431126245
7040.905760502293 9207.325418301787
3060.4190719101066 3479.270323096082
3161.2066385126736 138.5861118351761
8852.897873722233 493.72049065684155
8627.340751915981 6336.824293591633
8256.21738140214 4317.740245075109
6672.741693067223 6587.61767006159
2588.248761066644 9612.547442361869
1406.291115750229 536.1432189473936
2261.3370907969934 5290.430398807168
1487.6242637613157 7756.221955968693
5158.749266387337 2128.0501801354503
8954.005988196875 5746.639370237295
6208.377193881599 1057.052244053307
3075.787318587595 9097.484257419255
5047.307036887099 3617.8886400447063
9166.284210091235 2196.1916547955652
7000.951651675232 5720.952826479664
1383.2544446494387 9532.433016009367
4993.015295884678 2079.8374020446254
6732.962870543648 912.9531585395612
6457.643612286248 1464.721145655349
4724.170035110676 3711.8981449318258
9842.685266797162 2269.602538466028
3418.1926616574187 659.1431570450957
9873.072043116526 3795.2927500309243
7982.52252122455 9608.568546446319
9385.901830226636 1120.7909653712788
2279.3126706437274 1230.1986417426335
8253.886912810347 468.8622375721252
7506.372251297738 1634.5632853158754
6681.40977848919 7567.3457193691975
4457.134739699663 9564.59387575582
987.5025410864235 3665.9196364641143
7577.396996802622 1979.8282296129921
4882.648499990111 2588.7595766521745
9670.452329639975 7609.6401074353835
8201.38249713497 7486.719674008697
5838.56750705746 5366.669411505202
8070.2404461265505 7798.38006431793
4047.5858802938114 3388.5816302078865
4570.690060561101 5337.499237577506
7562.7642300425305 4915.736186022224
4099.2547148943895 3395.1167161170047
1427.7759528725853 9214.296367984654
8832.113825760343 4277.754196411972
1145.1506755099429 9318.769538233795
9969.050284316732 8798.865187310317
6765.237264907302 3494.9163551864913
5761.683879317839 5898.8878333950415
9702.112973333227 4013.4222838467826
2723.5164300746405 1789.958708248871
2768.688106711138 5076.678749321109
9874.388354834466 5804.544812300275
6159.579985667352 1555.47001542361
1389.5208954278125 4472.961565865749
3409.1643011579145 1569.322670663057
2603.4063163120945 6262.940023916864
1713.5346434523346 8883.719613736339
7961.3771638239405 6885.114571151829
428.93182320321466 5599.339899269908
7216.765358890883 9101.50122844518
45.531983418217735 1672.9329098597734
7939.147586266353 1569.7475743343869
1484.3113387581009 5436.396586529592
8229.239207518576 8414.128057533077
2176.032544467791 8470.072988070213
3428.589168984474 4934.969358359065
1055.2263206506086 8938.235427082978
4567.297353129204 5151.3909872133045
9338.368313228357 9809.190491635733
4310.55914600577 3717.9485567840397
7754.285989628197 2259.372244566928
8244.918803161505 8163.973515664553
3756.1471209341466 0.2591351981962031
5487.69004790015 7375.098832413315
4168.219432002107 7268.8987467019
2808.0825075350936 8769.676314179056
9706.916481226743 1787.2735390019523
716.1484855690303 9718.47816298186
7864.467895055885 4122.703540524202
8305.746760432105 8414.292471217947
9754.890759378368 6570.922537477107
6030.289521018418 5618.717779899513
4695.752580394474 7935.427261106266
2045.1308095546194 1496.6665629670429
3535.5610979034836 5391.150555891687
8268.017193203747 1094.7918729650562
8035.428289117423 997.4569755251129
6889.111047711393 7928.25270524452
8974.996533917705 8364.919089993513
6704.669403879301 7610.939509238072
76.43539611521422 4482.282346439109
1353.5425597125904 2497.4802223538104
8326.649549227594 2774.480360815439
8303.231100523233 3901.054125810922
3826.663264087079 6089.516407353182
8262.321603175704 609.2430563086671
3908.480076445768 2501.47674418671
9588.696866997476 1140.8495859768452
6933.536755015449 2568.9005282061894
1217.998529622668 2469.8217755411756
923.2084454000856 4002.177525583459
654.389466716715 9788.11778600751
970.6394712360477 8570.602160307639
645.7559049074968 287.55542410670796
7244.51196368359 6519.165760297197
9308.049115992246 8911.390154797273
2319.1854583445647 5767.1186062639645
3668.563197999547 5559.569462793409
2551.974349015256 6724.788801211139
5865.506812353235 1327.314084779765
3277.1517354802336 8692.100991857022
4571.319593412138 6014.87965085342
1697.6047189150179 491.68266645994606
1599.7509075757143 367.05820099598105
4528.884800837568 6241.409077811742
5111.800990167396 4284.1767041531075
9686.734833822444 6985.684479815018
6353.205540134105 6592.058177271754
2607.9932544291373 281.70967280535365
6436.218048721244 2866.6107588956447
8156.1104795986985 2776.446061797345
3321.0248268933506 5279.415739785077
8486.338866386797 5311.931297311853
6857.204254465876 2463.88472354415
5731.984716965659 6161.05925357555
1513.2238874480463 7997.264578637928
5921.938903376494 5622.8897222792575
2252.0406357161946 3251.9684700471607
7151.032683617947 4396.006275168559
8903.453506653097 4090.4127529750044
698.592115919876 8900.391891332743
8338.933795117582 1160.7492799881647
8526.892174788854 9032.748605736948
1772.2334737819867 396.5771729091805
4390.040528645568 7717.136352274076
6589.157692177575 3731.928634115801
8645.149464488499 7052.2653778024405
8252.455799699763 13.521904464469658
8781.48070286203 2858.7192711923394
8032.872185074331 2625.4786002080923
8669.578840026159 7993.854996697004
6584.971434876493 3437.4098458260028
9581.234899841369 4929.058716032566
1716.4307811012125 2344.9694723492444
5142.449575088019 9773.51134961007
1092.0728072153875 7892.686301136168
555.3967827814299 3180.5512748262454
7068.989784336503 7252.083928229137
3661.7124647667874 8387.188688064312
1376.683641852975 3173.8004983535407
1718.2635014459124 3014.272577843247
1936.2331525427555 1440.6267498408165
3117.8804673783225 9194.264983566647
2755.0693504810065 4819.081118722142
7711.365295676931 6095.53347918914
539.0223461583255 8540.343809564214
2873.411478642324 9976.52000093321
8430.881464004235 7937.078217361157
5003.906920471347 9530.106223822268
8114.786002926244 1020.8649549468452
7767.410837800326 8467.937367494338
6418.345745299233 7505.684100749798
9047.432699367584 3046.43153595068
1499.4623718074884 1066.0792042574508
8328.462112788688 9550.644125963536
6722.410510626473 3464.34218785615
5017.528391247122 5629.11894312655
7407.8043478347745 7589.258897780155
6078.4020504062455 9812.301743042173
6783.663231838892 1419.6627536781937
8275.369516629044 5549.055220805881
2669.862202222331 6459.242036488938
6309.848313100167 9660.258410759418
5695.832171456575 2284.752272265871
3181.9334263811384 235.43066398788892
3181.4561590677504 3507.98788844805
3220.295962815457 5687.777134159821
203.681644291428 6672.571160173041
1397.683045292397 4934.996208056783
826.4493681072182 2389.8160631536834
4785.593921234873 8487.652348064461
7989.116987139229 2363.6338644713983
3300.5387538665486 1603.8657993060467
128.635585528587 1862.6437616334879
7255.61267298891 3608.5245646290664
6253.309096821628 5668.360359328115
8654.945670229226 1977.1756216576498
8891.054869018404 9561.53088097858
1654.9177939239012 5849.210339279201
6102.651712369023 4.394708912824896
5164.856297281261 1261.908843109254
9580.546458146773 1834.8495437698055
7171.261241560131 9586.355641135606
5746.364952411412 7509.201176246026
6043.432742252668 1398.207099670773
715.3546049577442 1713.3864644742125
8814.700742997074 330.7268607717495
8013.557165981058 2008.2527161906582
232.28810126081578 5334.471345353095
13.599133572310684 9582.69241359347
9230.164060275056 5207.453725398556
197.55525503276638 4159.1198735073285
1403.0747178001802 6261.571423325171
3560.421650794329 3628.992630564062
7046.265562723988 2555.532766382942
6735.320518774627 2091.778425947826
4374.234511924637 8251.473915842238
7751.6213471948195 9628.96790133682
6643.192258837521 3341.9076208518704
7729.759060527953 3365.4444638596424
75.72184576454255 7245.602040125918
3271.592726275262 2153.7200771298026
6722.468728860046 9585.436376910488
8822.738815320237 6562.248913282648
2694.514047633707 3838.238563409282
2863.3782326098853 1757.2367421711056
7561.414459840354 7486.058295418333
426.6299130278894 3338.0669740389767
5133.719538827898 1800.2854298218308
7148.646104910786 5219.662771955309
9335.10607907746 5454.475109741183
6822.174996348731 4250.813511221782
1418.0969717364412 8788.693829042271
5255.408287561026 8415.695501486924
6388.657764194995 9737.656181684491
8130.507773042947 4186.515177718159
7178.798676129795 8186.872662447009
9511.291632286 3878.4144487841822
4842.629867078018 2835.4814484272683
667.1273902979424 5703.474254979593
1850.1501086111716 3521.394128571218
5960.169847433409 7628.857470239161
3414.381339588697 2403.8343443887898
3685.644600975817 1114.8371503436206
8711.277335496346 9400.303415034938
4959.9754615023985 2341.6570498224087
9838.177413905012 839.4590053760287
3019.1106623601704 6629.875758091709
1405.395659720048 5418.348909071075
8619.500077956112 6417.048226199001
7766.862537463453 8241.890437171307
4626.740988353244 4374.300508505707
8069.573582701468 1974.4431175574084
4331.994662871789 1029.5613382035995
1537.9156032853248 3947.7738185532085
3553.8490405942835 609.9107044046748
6707.780219878249 9446.666908893381
6163.387753711601 9723.712061316886
8686.695314999284 4332.883781578625
6312.797487561097 973.9014909650967
7940.033713602768 4670.1319614895465
8352.92595469361 7627.000648992255
2589.692950857123 7077.155741299654
7192.784277794103 6058.134771939792
3760.4589856275215 1163.0108274607987
7684.057661784072 9850.532627957713
120.6008875960396 4588.043768527713
1506.275648193811 3148.688575201151
3437.0706592398406 2046.0476336461054
3983.3657984007577 1147.5760650915367
1702.0097526018951 1777.5143211037403
1279.893208212417 2445.9974706362696
186.09061085987034 7100.865608574211
505.36670505245127 1400.363706188915
3635.5520274640476 5887.991444873986
1397.5750930116726 8585.896829686026
4753.615459621402 7912.377975492919
8460.984316765544 4005.4556257587546
5093.295509138888 8562.564920498606
6703.818847948359 781.8819649337461
4537.444721348155 7540.619517668503
2447.5144618428835 6727.974636975621
4653.208698643625 2854.77227342677
3074.819406442799 7408.896354645875
9381.88217873032 3667.3091558689575
6037.8907254858195 7095.024662002131
3761.502343061299 373.2700719732518
7965.315709550399 3348.960214187654
7678.323652805536 6662.456597406712
9287.064253132981 6898.607813579659
7004.666295052148 6256.70386620827
8438.95731763491 918.9523526175259
8904.4436530433 6516.32481226482
2413.311395738321 2878.349568538823
1574.0094174251828 2174.09137303167
7190.004636969177 7700.858588040082
1234.7932715731413 5082.0625132693285
2412.2785171039473 3154.3472625869363
805.5174501341522 46.032655985781545
9564.17448419113 7094.797648364461
5355.621277314894 2574.3174272563842
1861.5809202282874 1480.45300065746
9177.84096309431 1682.0542310800313
7086.442748795611 9915.138054565432
8116.730701045593 9769.142820563236
1673.7648402560844 3888.3019653476927
8651.225257446109 2029.4070311635237
5503.619378362684 7850.018626727644
2153.1862199226302 9850.512461634224
2055.4453631714755 4792.402954676774
8730.195158226134 6228.625085612879
7849.504093941751 2104.5845453483257
109.68053467831251 6348.752535263231
8430.435848837325 2126.5992259638424
5132.808125693271 3171.1600049941503
5540.440071948866 3048.2519807079366
4600.374675476474 6116.206212804302
1584.6773216795561 3582.2135713319512
4449.286169578875 754.4023742970363
3009.073478455959 9186.313297289884
7537.025719558495 8785.440957493833
3790.781842997717 8518.192779689183
4672.840515049554 529.4052189060427
3884.1351236538744 6276.19562254138
4958.212460826819 6655.314194710256
5170.004810205631 2613.558183629363
3985.500622238406 1936.6178901919618
9224.053537978221 9908.685457508804
5992.471098883008 1450.2057126810664
7049.453863989872 4832.482288981212
2681.762029674023 8824.946503463809
812.2155141625486 7374.431299075768
7088.156330545834 6897.733094015351
1572.3518073815146 8772.295428733523
5612.862760817876 3449.4521808910363
5021.682895167222 7136.037323866308
5142.8377506980505 8570.260853251679
9319.162037292755 2964.744748745175
5034.502391510418 5642.9982402471405
5257.180385649756 6726.060178047182
5665.044337784134 4935.515333968587
9197.391582833872 7200.807455310809
6240.815827216494 7357.161828915423
3482.167562767572 2391.2214015510613
4601.171624673452 6061.618797362285
7357.883901746612 4449.380110450349
867.4161113877921 5267.719430374505
3838.8041270318795 6303.149691622974
4960.360530414987 8921.855724414349
4395.412133426931 440.1507478705724
5246.313917990398 6640.020028970798
3868.6250707765034 9655.960840346008
1870.164018220034 744.4820068391789
2591.3877165879962 5480.9677723572795
3695.5322963461167 6149.559905049705
1341.736220570694 2470.9948409608464
2195.8113747628704 4352.891166521068
7456.494697507299 5580.0200896442975
9126.22573694593 3853.068152386978
7202.341094192663 3429.0155389435727
7355.883966455811 1941.449247206173
331.0651584495106 2443.1365435591833
5850.114899321082 7005.4189016487535
7638.414818405125 5550.190460011139
467.2148754918526 6232.3118476069485
1301.0040805521162 4416.52335432281
1970.0537447281863 917.6807574320345
783.3370167250487 6042.161033896333
1451.82396163137 458.5333750624154
4187.080188352537 2945.246070180765
1236.5364659261102 6551.616228864456
6057.291292296055 1136.516152195879
6238.702317147961 1118.7854906847217
7865.3923568425325 1617.7715224940991
6752.962223399744 5045.944120006708
6656.252826304646 9233.980843755398
8693.257735415713 9948.991770397297
676.8268616298268 7366.882629460861
1412.4641117329252 1869.676393437759
8196.367470217729 8178.6347195284425
6407.232999884623 4056.1951802660446
7183.314531552156 5897.27758978823
2449.120738014665 5797.844633934621
9021.540350509778 4981.4696606933
3981.9112216296526 5659.969935383055
9028.702860806257 5910.165193899603
9986.358400602874 404.9239748423039
182.04593232476918 8813.601774493853
9937.419510679514 5386.6878586991115
4162.05608874468 9195.171444780934
1965.3585993452273 8271.272221748912
5591.969141585137 589.4498483029853
5880.944240735171 5561.956695023196
1181.192418444297 6159.865714277804
336.28370845875224 597.8927066137895
5373.293440800633 4960.189291404536
9066.668521931899 2446.5362497543074
8054.274883972284 8867.224979708795
5895.131445348485 7424.835403214006
7894.445830618363 3037.800873043881
1980.2474509349045 8861.051968232163
6977.264664924393 6151.341162856976
1649.0325311886656 6148.547295748676
8511.114448849437 6670.019744470248
5080.630933458462 1144.8129428591992
9625.053134643871 7881.691233792165
7092.80210204102 8533.487798065127
5517.145982298719 7586.500998782788
1332.04882893468 6894.048375944988
9554.081813224904 7946.2775602773945
8279.560681943934 8913.316266538677
6313.340723801464 7236.514930401544
3658.9675418696365 2424.8779045815627
1014.2642020289172 8023.9542164045
1068.2322220090034 8776.969266715188
9301.956289589449 5638.4807228889385
8956.835417316192 1406.323035472421
5928.022321602139 6716.2482958341925
7430.73673059229 5434.937989509425
9514.72926122269 61.65552673900842
4791.424351367672 8608.677107680465
3294.2500670775908 1108.993060872646
7201.687159245176 4961.057293086507
8482.23254723769 6860.289071470333
7419.584750584335 5212.543638920863
7775.014787339589 334.08219627733325
153.4026305882963 2105.120715027168
1352.3766111612267 2280.5544406463628
2264.2222198322625 4623.855183451836
6722.812107760381 3201.6577521932445
5779.053558772085 2371.632558375094
6765.868263221302 560.573424303592
476.3116968362935 240.18710204356864
7406.184434211495 4473.046931070883
666.7466508481324 3960.0117686961157
7496.442687490667 143.8413404641803
7716.759275571797 9113.678446584021
8691.51525243301 6844.75709921749
5847.368245441289 9761.556098044255
2363.675174731331 1326.3705597773535
3790.9255741517345 7955.869218901204
3938.8140563058837 8213.843358269063
8998.990773297071 2108.483582644446
2426.189797297452 1157.8608287158497
4268.623348025414 429.7726883658926
4369.3024544885975 6294.960515926198
8890.662211704614 5470.359755681088
6963.0773823236395 3917.2109315059542
7722.400447430568 7174.488228058159
4662.6142773065 5159.412077607768
1948.3875642006653 4793.227547496454
7251.33145138839 7982.682989967055
4716.9208944209695 2507.6726835094655
5041.4234371048005 766.5099610106607
3326.113669387187 9676.747475024256
8647.118729710666 2417.0344629798856
7182.258680184071 4251.180129646288
6601.309160203874 5057.554053456674
7364.53270326155 7084.66455122174
3978.6952027492616 9087.925493974926
9303.914003232867 5625.183038057965
9143.675398405932 682.7479217179888
4820.515902409317 7783.911676993981
3758.7797784088416 8643.920169932982
3562.3658786342085 656.0871689063541
3269.532473569772 931.361507835895
6749.987880569609 4207.664977798283
1224.1985443790604 1166.3892657836138
8054.9734465609545 7043.553433117427
991.9566456155449 1935.4533208280645
7427.0576107772 9937.659580823649
2710.6113062815916 4817.628194816054
3733.0386437315065 2931.937921585267
1625.0379671562976 6717.4636283512855
1182.2162220739108 3501.0828595551493
6370.135407808256 8305.505860121133
2686.8421934950816 6531.464464615708
2207.131593577536 3151.994212953033
542.4144792438091 1677.3537161239603
4739.676059833482 5484.952092708567
1111.465652632071 34.44054581104194
4216.220900104821 412.08329125232314
5555.832255233149 10.102469561311667
9167.777211108792 2916.5987007658646
3086.2124392033174 1771.8287729546712
835.2094373257979 970.2909371658209
6684.154280319884 719.6643161996508
6607.8065833651235 3702.887254627063
3800.439908965407 3055.488678904832
1524.9517903402088 7724.906364234484
6145.161720978829 711.3962364734961
1785.2849546229465 3421.954385086593
3358.6145851219408 8651.400086480791
3162.8349340804407 8321.590843544762
5088.454394047993 4875.133816136186
247.173686065012 6479.60853919035
4797.404322561415 2329.1788615429477
9504.724992853564 1240.7647065732097
6487.115478822126 2371.096291523026
300.9340780445957 3699.709045645091
2447.6186917878263 1433.2002370579332
3228.090922141591 721.0579463956124
6128.13092497576 6097.55516928999
4351.167409683434 4473.262551565304
9273.80979907268 6920.641351914011
7314.116518938041 89.12936481657141
6584.3757914708885 8035.578232031356
2641.652749405118 9286.545820053536
4324.348925853869 7811.754238470163
5026.615184383968 5566.173257320014
1550.981427985031 5666.16077843252
4910.591167340709 948.571365943629
3924.785913997869 1497.6838083305988
245.55742937122594 5121.419700983698
428.8943184045402 7155.057473983333
7966.871425295586 5338.204695685445
2747.310479746812 3851.140654717736
2413.027856556118 9442.94810781037
5538.440125389899 5500.625692332706
9695.168382917509 4991.248958148262
3389.1227554959314 5585.245530615407
2849.4173626202532 4596.12077917096
6845.704128086836 4339.997076071091
2497.685992005222 1347.806144850461
5592.52784638038 3805.8524153288863
1697.6721370991531 8439.950684888589
1584.543901670038 608.8821620513196
1680.3603644285536 3980.2302738636463
8739.567139740742 202.66725215091208
7253.401699842548 5371.7174297219735
8657.041929020399 1750.3302389582243
6791.33173086128 7621.98489964849
3753.99750366177 9824.472175506742
1938.6679259559392 6470.143023073822
195.21362069351844 7667.747419592393
6419.4992111757765 317.7130069956435
3043.431336171054 6883.77000058742
1677.2611000834713 4607.437763898243
5166.784766473963 117.49308392170033
9460.972354601337 8514.839454438626
9614.451507018617 6536.158272303656
7929.27757280689 6600.533295556659
2407.8454755168677 4736.362816266587
8361.229868722314 7417.010970574017
8993.5112478977 4079.7492111914135
4142.813778199931 6971.810534893016
2965.1993222371843 3399.271212644397
2340.799122888936 7419.691260952604
86.43400160319281 5519.9446295842135
880.5836602265382 389.6385617023035
4131.215723523661 7102.447524516119
1112.2679627040166 9948.221369877478
3609.321572354465 5944.880144026453
6379.279258911213 2359.034929577999
54.00120969978106 2067.4575894666505
2096.4436877571347 8518.657862883692
9223.690728679645 4656.852153085326
1799.479790336387 232.760727597624
6305.698583384221 4261.362258347117
6645.467972554679 3341.703072054827
5008.640119082985 8505.035871565355
2923.926363691899 9113.162567465566
8291.730150213723 28.325694904545173
3280.703551392815 290.0376602710664
5402.870855642023 7364.813329206943
2561.974002424985 9715.074602054952
5883.795580202866 3027.987706235158
8453.204203836563 7549.368777968672
6249.365233459395 8209.017315192994
418.0317797223443 7760.092079415442
9159.435442802978 175.91072337175274
7834.5791676863155 5773.508017313181
8075.540608122464 6716.408909946292
9681.804896041058 6972.5296126945605
2630.9776054514546 1781.4135786846741
3646.0659747865343 63.788488558470526
1241.6877419730542 7862.697342256504
2098.1521166231655 247.37678762652428
7846.673589865986 3578.107393272626
6033.624252168291 4593.135894046293
9090.510268811417 9439.417503539526
5774.3688949377465 6060.562574402617
6746.840511253036 842.4417722151045
8996.86202518881 3195.1062773796857
7730.572427168311 4945.975421889968
2482.709376467932 9691.84302822226
657.8211336089057 7295.578632519469
3879.6081827467165 1738.2001823242488
3586.4731273796647 4800.1766552004365
3715.9617066060123 1330.622925774928
2306.571780324059 3983.9011910821796
5929.941523649121 605.7694007435632
2348.553875126741 7312.546490398131
7253.8861862895565 5635.023959306937
738.6962212045056 5833.475810026242
1937.4916088311256 8101.826416651804
5454.957350077547 3369.7583236827045
8498.331220682383 9814.512743226447
1522.7302832318746 6073.774450251794
9455.82310510259 8103.069223916896
2738.845130867901 1272.4803754146108
3334.837126073905 9806.402670511014
7123.496423763115 1225.9734189051485
617.7135552105461 7777.435722516628
2373.5903964824147 672.95435782309
1778.5437088761923 6616.536540877554
4827.338601426882 1851.139067329628
6051.141102769453 3689.4964220733627
1748.756553965405 7057.616472700389
4162.209521223891 7394.4704799841475
2102.046327110496 6753.614411569974
6903.791585307053 7113.004053412264
5409.674567783953 720.0769649546102
4124.1610167363215 8313.464507001616
1774.2879905551567 834.9185985923934
5483.899810344503 1870.9057621306856
8693.430462313754 6669.767640612311
5153.978095336603 8825.595873981776
1907.3583961455442 9293.46968851909
7525.234651275916 523.1356653597619
8194.077784426745 4421.569924358723
9953.732696065164 9362.30865549314
7762.056207568954 3365.4485619980746
1584.0437465415037 7222.4967984670875
2689.8853800640586 9111.73919820026
4372.592067683151 7050.7069947716545
5723.506740248756 5302.108835071639
3575.767811388474 8058.947774189963
665.4338561629869 7885.432855436529
172.59778806758996 6515.911370815937
1576.7358919550945 2778.853496390672
6959.338483068707 2212.6042985351714
3061.3739875479296 8001.159674171719
3383.4349189086665 5339.785665203623
8013.813854247301 5431.383670678905
1576.8705283312668 9735.769003289604
2384.657534427579 5597.45861510478
7504.001994181965 6246.346867971886
8755.377896923816 8714.237019544596
6656.563898680651 4284.302645204156
1812.054549672174 6567.123381229575
3308.5960053885588 584.175557645773
9169.348025256688 2777.0249833398098
5986.625493683394 1618.648567073242
419.7703982279055 3484.2816637483365
9515.524199622947 176.1326617638992
5769.645919773568 6553.683916473246
5768.022317997819 7194.822204173709
3171.9724700229867 5029.645784358569
1075.9546927933084 7106.700707490957
9477.734609148703 9760.050735487066
8153.882821449476 8665.680138988668
6801.040926309532 6859.241050513557
4340.818831641177 3517.257527358193
29.783698030472205 7995.075673612073
5983.354904077448 1612.7784760232455
5212.356366522214 5361.932333612723
863.5784244721057 5979.59861806453
1412.280804116567 8640.987156954267
6717.734022712769 9329.136604259756
546.4354028365769 8251.053622100064
4096.6684645644145 1518.0184270594666
708.8949948798518 7757.717298207763
6086.675021914753 9973.213809379258
8531.226656978917 8435.458451723704
5739.430924859219 4850.264157137256
5241.409823518 666.9033955761728
4452.2997102161635 6914.417560011853
9257.382264289969 115.30140385861753
995.3489813001015 8917.672736292488
5387.53480926791 1420.7777325935122
1399.0110477882001 590.4502595903971
7009.314046833026 8547.862837198523
4496.395082757269 3274.8070017581877
2958.410502966481 8851.25637266094
6556.830213307186 2696.810233331989
5284.849068019699 7428.731141538313
1152.308259874838 7408.899733819813
7518.6162065161125 9394.54185169366
7166.063467326188 6028.758137764422
5636.294848131045 333.65281630786336
8682.60716173613 8559.421066785588
5531.498392862968 9386.550388188425
5391.117687636698 5796.061656595525
1465.7312628872332 5166.365482142485
1089.157565446902 6108.078732270437
9712.625691396703 2024.4763534376343
891.2723134874423 730.8325760690515
407.33485958934557 3057.7227125405116
4827.103306222958 7109.56733272622
8474.189006920344 6689.80797396172
6656.221731268062 4808.764260727613
1429.5543266199884 5661.427656538456
1931.9734871234396 33.3757278464919
7843.154052709315 828.1055932755077
8614.20053239055 2904.0875715340485
5289.946799634042 7291.683966925194
6860.779758893609 6286.967316168168
735.9834501980079 7080.853857357036
2020.5060485051474 6198.553321777544
9475.487109209504 848.0785462340224
6304.914666413256 1590.6447531899282
972.7376874696547 864.7030997422256
134.22604992947785 5664.757599082337
1261.1628570393796 8973.00857384174
3732.6646286971477 1774.4112806265323
1913.368140280144 6093.410471050038
3190.989663212095 4444.1175274046855
5019.669437091367 4386.965314756857
2919.149517519126 67.1419217523983
2099.01524758769 9237.793332146672
8179.549170191788 2439.8158089927
2415.0152811130674 5846.985012757715
7221.501731054018 5448.377089982671
2781.1245237783355 4419.007616421821
2430.008881828708 8945.021396677304
6612.850774357212 8673.583913316763
3857.096951126363 4133.05015201158
4721.192381972108 4730.46613907715
6521.511058848611 1626.702326788918
4140.333281573016 1291.4852602801973
4942.648511884682 8759.462759255015
4143.953333012708 7483.703076894868
4517.192315761475 2685.3409687945896
528.3416546323472 1729.4531510708266
9551.979878170241 2350.8186693532675
226.8237382752314 3573.5051843220135
2034.2245781151025 5510.866008316619
8368.850203145204 524.5460862723684
3550.2848517190564 6620.631138079546
9008.41092417997 3657.6160438441584
5156.7491866676155 7655.111345121571
8920.278256148038 8976.101000543713
6462.690972041613 6692.313187799916
1098.9041031454972 6346.327583490597
5699.519931972936 8441.117936374312
893.624327643927 4194.762175343301
7134.935357589942 6803.2666523941325
3075.156579421311 6097.273876624057
830.067859894138 2029.5864570659362
2552.1993004445753 4891.865149859866
2443.970018678506 4063.7793792888265
4943.2730768300835 1010.7357199099342
7557.198192614924 9262.798521543757
5757.771440889298 4354.491595251621
5816.303727100159 9841.045221913806
8551.51501962103 3220.770930112271
5093.630939065388 4106.313071453551
3095.9343061296495 9551.503405945046
4811.896505328134 838.6188109361336
4336.333505645082 7077.482655407586
600.602915407148 3008.756344574486
1713.5108780955222 7815.873239693966
9531.419557192397 4441.616384821502
6284.348540000519 2815.73848119542
6322.237608593354 8000.0143395368605
0.8062524300822549 5048.618940586256
6104.690369927812 5397.9774247923615
7493.079574493894 5905.650167405083
8617.499635073209 6848.139708898013
5751.522291015139 1889.6587041698765
2018.097970150824 3406.097853191686
1213.244654466229 4780.13044806198
1897.5434314061536 6095.289073618094
6933.144703729205 6800.896728565476
2538.829777295647 3679.146634595406
4755.4405944041355 2134.8372516536283
2976.270768186977 5292.999934696199
8700.617383670147 7506.853752045721
9993.71228035185 5056.382424641059
6144.013362752944 7495.817675239426
3841.908884715384 3257.1211633518315
2786.1136419207987 4738.152891500839
160.4785460562308 2731.776219957025
5900.935195170833 1250.164082501043
3357.421228108072 9662.709151238623
7897.721773792662 4723.17525677632
2529.2766470260385 5170.258367793421
8842.49813818172 2834.997564403916
897.5632648390874 7799.202782511394
2259.8499087602963 9373.19672387776
3692.226728074215 7281.900135569969
3271.637934762648 8280.085991766133
7430.397807098135 6806.188489669629
1928.1712268060048 5606.318628395258
5618.845195036244 4424.3406738555095
7448.70026350344 4799.415251166419
2051.078820179709 4210.069076539104
1011.9147169048304 7755.505028741023
3075.143967866727 4303.775458953144
5723.46078418276 2627.021117004963
4475.720164949494 2081.948985925023
2436.318909584991 9506.038480988753
6944.219780562372 6344.8159310185965
9211.214503171223 6792.3972964107425
6503.1584651183175 2637.0464915487732
378.0583041479302 4307.70824150717
2706.1452694656164 599.5330611244965
8395.74360182571 4030.790601581945
7952.424839736554 1595.9475034584093
8006.456122686989 5707.041423565917
5834.973330732716 765.999704098792
7541.977676663616 2523.697221631244
5083.7364042728295 128.01288213527218
6663.29616622695 1544.8909496004148
8370.669543258537 8386.640670753894
3301.159930323725 4664.870526981879
2010.821610137642 8697.251193772056
5114.045095443447 8464.692091912582
3423.783020254805 7796.706195898611
2391.3293132947165 5547.1551979501655
8112.390400521557 8630.969770520203
3.2985818367603503 5676.702263057898
6870.669517198576 3893.179002348216
5735.9341670748 2365.4577380313303
6950.562730867975 9731.51727478062
1147.2643654525284 9423.531303841524
7997.078276934762 7294.4298177607825
8943.385953133116 2431.1686850649785
4704.066953390747 4751.428321655628
7796.092312262615 2092.281773051361
3347.9157690972315 3960.93027791646
1510.37107702803 9993.346208268043
8624.023029566955 4052.285221281301
4498.866965990279 2418.605816298507
540.9993692542403 8847.340531959451
9631.726337314896 4561.9760317824675
8520.11841923066 6267.606873617435
7704.073805079946 5727.994765331721
1302.6121232859366 5656.2789185973725
9999.698169266807 5928.617745254541
6784.994962959156 3290.079653896899
6728.350601776443 5659.611994004083
5482.670673824255 7264.0906562487835
4475.390691500265 3579.752814622148
4964.653935825336 403.44084285225733
5226.33785072878 1317.982574555221
307.32352923318996 3888.9247787786962
8015.221011895716 698.1441301094327
7382.695130516083 4879.327577276254
1794.4406326588191 6297.8516759976455
1626.7836308269223 8571.434248156074
4735.19089872426 5447.520839983216
4826.201543732823 8859.40567483016
841.3143158880209 8527.524428706667
6416.217539704421 2038.4092952370336
9495.789324562738 4735.901957855163
3801.0818730897136 4843.087061825635
7357.885194663876 2375.9995695314697
8287.494826368931 1519.6594415483678
4890.335212425929 8152.868841299544
9364.683068977809 4601.152616585695
1719.721372805647 6969.210560102322
269.61707878456974 588.4535827228576
6019.578244459322 2276.1005511112207
2043.4873092790651 4835.5889335930215
3154.5635760007385 7160.68403395987
1615.634656892586 9595.8335119552
7935.363262825107 8042.4861377814295
1843.7025866605072 5405.95559751379
3007.829636649375 6101.930829803418
7893.8659153737235 8769.110040612582
3136.1790288512625 6379.1215315224845
4862.5620958962445 8442.590652741384
1438.9062833966127 857.8804350596525
6121.230077417313 8544.859255037121
8997.39500743125 9789.509329249899
508.1449637089452 9166.971975135273
3681.038030441678 5012.672681458368
9196.50736369642 4206.724564901288
7519.005676145499 90.27071947498521
9835.529559770746 1739.5426041284156
4497.628363385561 4711.116548241179
6391.338527885172 4398.344838868397
2273.6916140275907 4993.6809094764785
8007.090664756506 5955.315134175302
1967.763687259113 7081.133118439461
9156.77494422596 5581.7134633553915
9938.010387441282 8731.344671779036
6384.757024001584 3107.567470544922
4233.7742649171105 2482.4900851558664
4003.1950492671654 7011.286608493229
6289.529244706046 4414.320021545859
2262.038401988694 1839.940205553361
5343.642983969552 4527.143735698584
6711.3953775526925 3294.1509760059716
9052.714350570805 8325.006269384314
6743.635313454758 7307.25186904806
8821.076105929842 4316.500206345274
4632.672067889677 4106.562533075513
2476.385070400691 8836.106174805293
3780.444793173221 9465.341042639719
96.04646322211808 7840.907092708396
6335.704134713786 3137.171051767216
1025.5501958448365 5151.975986143601
5867.773666569237 8810.249728848741
1428.6240772912295 7986.690114205341
358.0505813823498 827.2403934614747
2070.4352924023237 3567.6761469181806
4414.573204763819 387.0609134699055
5458.904439940186 5096.045694087677
7320.074214536634 7978.1801774303385
9955.515899985903 1441.033697724593
5291.505508617283 9388.699571421575
6015.848760586366 2525.1024398993095
2159.105502962233 9796.696761347448
6331.367033499298 1573.031612330218
2565.65677196676 4165.0151952837
7317.847241125147 6145.464397474727
5741.656732385661 2447.8829726665176
4132.143192987096 2191.8337873845694
5929.707545110715 4962.452638099354
5197.817967458719 9234.547647736747
7611.50240733935 6686.549675779244
5081.500894994951 235.7615949674463
9833.37358411331 9214.626890952477
6485.65613016323 6700.024386003648
4131.433841853128 5637.121519614306
3109.7762210655465 8130.532580032483
4824.930759742802 6704.115068901655
5180.842959602364 5083.684339431599
8776.506348795981 6292.402260268286
8565.22812840937 6756.074753277201
4110.634258855574 415.7739987194409
6548.028268396656 7290.02997198221
3836.584659946217 6801.52522330189
602.1645635299 9798.228179084239
839.8454775341635 1401.9018229176595
2768.3999353643308 3484.912575826332
5286.004912107992 4117.401378343826
7628.757877011303 7180.646936535802
4123.681532656667 8479.54985283984
6279.652063174619 2109.528157265509
5078.16307818328 9073.97500270027
8197.367697835358 7772.213227651836
4294.995650305276 6080.302861783773
9437.362685137738 7455.07909849511
7622.841696512128 8463.605441582597
7220.179330057612 4065.2785734991303
417.50373022036433 6072.835764568902
1630.597447238258 2743.420130761545
9704.089322244423 6184.878608657734
4892.972924483051 4020.039625490868
5551.869591538784 1878.5624158199344
7484.547682144439 158.9957178246637
5596.463883503776 8031.168597179049
8209.834989944178 7770.367183308355
7786.559356145441 5700.686634049746
2283.0175876667536 1777.3859696674133
1637.4526524732069 7190.258931360738
7451.623995048911 9386.39572324704
7541.280529614854 2186.9703642491313
3243.5725771826296 7835.770048009038
7013.881727796783 25.333471946583643
2531.0057228204905 6389.189718738529
4150.814522438187 4346.52856452579
7778.161949878733 1290.621426849038
20.126918862999332 4207.655371827045
6576.864392149781 2212.796664553954
7237.059885146044 40.96640005238572
2372.026234694287 107.94762038269678
1545.939747927957 3771.239699812904
6640.910796417593 9309.000329725559
877.0932863889514 9870.1688514067
8213.704367473476 1231.3862828237786
51.699045033789524 8159.837457867219
3909.2916105622453 3090.086758395071
1075.0652840684138 9773.056457918552
2208.951278727903 2673.4690258765004
4788.902671244265 4836.542197839268
8302.017913200374 9404.936916154773
9545.740526283664 4163.619165751709
4511.380678988077 2675.3677641188233
6523.709919658825 7526.329586927401
4843.0244511509545 743.7544032704801
9317.497420530231 7922.541628806353
6202.640713418464 7380.436051626261
7521.3505453372945 4661.844927710645
1683.6674856751588 8866.745038078803
162.59638637484363 8064.7303675484445
3254.942115552495 966.8537380931152
5049.207322812033 5102.750248574625
2162.4831040890303 4052.059190639475
4362.5328476298155 8403.059486612849
5408.744222142076 4684.694038797072
5156.390093976536 698.9438097033118
5784.007652079701 3658.3088270577446
5816.284451780508 3028.6408114323303
1098.4176594140927 3742.719484018935
5987.611408776879 7767.962820898271
5499.481648841506 5196.972156214381
7999.2672570787045 6927.938646512211
2058.690180315581 3490.2238306066515
2389.1752394899345 2056.885271134978
1172.2436832400851 1609.9991059169872
8780.811641654167 4557.035686155042
3744.6926003948956 8839.228114928943
6064.893713892123 4259.03905841469
1610.6317043131257 8947.928657565011
2607.9718554933515 9693.364990342856
198.4168998359892 3372.3480044135104
8039.74237952714 5655.835288396844
51.198725856481666 9143.831638871192
3063.480491178211 2385.2208895748504
4494.395765195131 7081.640850432559
2689.067230742902 5954.034451911199
475.0610289565671 3078.392164400211
1305.6620177514678 1319.3603786068231
8397.419736176495 4183.748184120258
5091.156767420971 7888.761083235948
4640.187297828075 1631.4379707059834
8398.11508897935 2427.007490361155
7365.102497594645 4956.642728437165
5960.989709365485 5662.576875839706
2212.442525986977 4915.23320835743
2036.979484011735 7048.574519633651
9528.107725145548 8043.296338618494
922.9727528619292 6790.926739886545
8878.201163088144 2384.8486314999286
683.5977642396984 5477.409831151245
9780.848546674772 2167.578316850247
3380.4795149134657 9424.268150730977
9821.337006464037 9020.917457330033
610.3848966472203 4202.888729310032
2615.4747411980015 8707.69760758369
2740.004977159295 9717.199241277573
8447.40840551313 5280.091314590058
3867.7192802183126 7673.15555952576
9831.956427682624 9072.501821105066
2247.744414314419 6314.895614903062
2737.8472515499907 1008.5102904071518
7679.665370958266 7897.832847973964
1757.0816755254248 3325.94547418392
3196.413577826884 1527.169171147209
4116.964137283801 6013.597098740915
8276.342310665768 7711.008704389923
3105.1746280668026 9005.038681783413
4760.120535202181 1260.4604854922918
6214.585981646844 2489.4897522932138
4670.752405799085 6014.814047874693
7113.352837675267 1576.5905513011435
1215.1004967670199 8278.081835233534
3407.133810273981 6991.423133673259
387.8757404401845 5823.904531161866
4084.13003121356 478.05948189931223
804.1279791299138 5859.014291627483
1519.9557207559533 2154.3752632819537
3653.8537849025556 8431.157605704251
2968.1829299143724 7187.820671585061
3002.4190527210835 1425.582601337424
5573.729353984236 851.2864990401603
9053.062398027892 9514.897591378338
7120.090354133777 4270.16728143075
3442.834371884611 2210.3101597757222
1957.7406305658362 7986.167539930729
6160.897755269671 5507.96209889219
7859.85809610971 6840.353845961455
8258.196703480857 7532.273850554468
4912.858065514754 7617.408864321481
3160.079251393282 1048.9217001191253
1973.043081105854 394.9968144775373
2098.534770059145 4753.266939602983
9707.010835808826 5606.6000989641825
5948.288067013336 835.7652258673976
1782.2884374231285 1453.1441651008392
6581.067943122595 8484.084508251372
7385.983730036742 488.17709053734615
5744.949545617177 1702.3632568604519
8923.082623130067 9953.326070585912
8430.740994841899 5111.2443077043945
8482.341550566556 7755.204952110446
704.9741214874506 3238.023007001831
5456.553559442065 4851.89982428354
9069.123518245733 7214.452378304283
5565.298854175265 5256.6129937522555
9547.269042992124 7770.445898100648
8452.113079269162 6868.000930792157
9909.486278982642 4945.131307895772
7014.34052351919 9901.190182189916
7705.831980870329 3032.4012486490647
6672.760629205536 4820.41349517862
115.86754406015642 3936.318014000323
6899.412706169307 8363.65800731691
9011.242267755246 3332.4281953915934
495.86235304427737 4501.671740798129
6083.93948998761 1814.2476575141752
8350.491923271169 6988.129176939168
8410.357952836019 7549.879195771851
8702.21456959642 1534.7057150889266
4401.4909394780925 7881.933180340374
299.348084757477 8584.268496016797
3732.0338963592826 4774.6147713049695
8266.20799641519 2157.3427898541963
2546.3345174792075 3045.056404117149
9976.310479771679 6311.463830250023
7006.674824819294 911.6667887690178
5779.900763629024 8379.979878051907
4079.4554442635845 9550.47921387735
6044.853447806096 7346.325074888812
8347.430152381234 2071.178076618506
1643.8173890481178 6461.73402479731
7591.210577889429 2607.690689295482
9756.809234591035 1528.8188050972774
7900.851120403374 3063.933214821699
657.2813862190685 150.39069044139208
1158.3911239659717 8463.500122967345
4011.0261538487234 2682.3537720375457
3874.814601911091 1822.793883460273
5141.099049121411 2631.455222761635
6569.965001108892 6000.290968815001
2698.278590373018 2803.1294658583706
7151.532409254874 3070.3480203576105
9225.402159686375 3631.625122494819
79.3046059225455 1428.1463306142962
5215.247934124216 1814.0592589686444
5493.4554436943035 7053.089376823899
5435.466193256226 621.993293114006
8940.719914701813 8141.157531964768
3530.379416178001 8078.581617379806
2849.8851921466585 1662.436051232079
7208.313332786417 5566.294887190459
5488.102442172951 6308.232412669485
1684.434755781694 7369.671564049568
1772.1061566730612 8762.90347192573
3472.9144082173325 1159.5109949806492
3013.4997709488775 9268.711689094962
108.54730299041049 489.364168377403
9444.85254150468 8047.743016876148
3926.802722602333 3002.141713073322
203.42490541954584 6303.106968740677
9642.596382386619 2234.1044064525895
341.9174932696767 4242.358835863249
6141.910230634393 6655.459231033558
3390.72187738638 3849.274046500527
2636.7098320356795 6901.233601583333
1013.7238071588572 5975.815329196275
8132.440893803201 1023.0563796052295
8379.792378702094 9734.333657235462
1018.7104746054043 8031.926715201965
5014.662681057198 7140.747923254753
2517.5923483772476 2004.0010548913745
6103.000601393878 7492.650853448035
3710.3166323892824 2585.891815261816
8478.015928606319 4061.9907144527256
911.9388477976331 2862.908907335845
8866.066350443552 340.1868963116295
8274.909368423381 2243.145619691731
9346.275013253387 4294.230567168711
9676.287286230372 262.24880774507795
6440.261896069102 6875.536095443815
4179.681408313968 7028.1759204832015
5764.666428292899 5369.0033979127675
661.8193393697413 7402.191020481748
3759.220022977965 3077.9587289617607
7554.977221216155 8951.803966412186
1645.6984985903212 4311.343646883409
3080.333987931032 8213.312819586568
4478.172096197829 7672.7244908659395
9833.637351935527 5866.0609627318945
9912.54084262762 1246.3990184012919
5133.398468036249 9047.472446535481
7153.4232284262 434.0779698190633
5153.162070528483 8227.38751900765
6429.049558902849 2916.3245461104448
6533.224819657571 6812.164282743343
3299.879419696813 5496.137551628441
3903.503333553869 3963.474152237816
124.2507909341517 4427.7654567307445
5548.082088978869 4993.66874322458
9084.439789274446 4242.042900283195
2303.2994527994656 9139.047131577749
7319.092978185573 50.2460920020853
6705.056363951073 1514.30805088834
4913.065566826531 4841.6614412790595
387.3646693855082 4615.922912711377
763.2855880655853 6385.772499958792
7782.973243755881 4869.121621396074
9669.336504091534 8008.165947344128
3288.2470604933355 1402.6322444377026
6390.028750357077 3729.9643905527814
7228.29335683167 7487.271398495204
8862.312409062775 1043.7983441640708
3194.664815952987 9888.93518386006
3296.456134083895 3945.027568536925
5626.793069484478 7763.492583390309
8441.505024983835 4745.129824563424
1869.6355785365192 660.5363728899072
4957.593029481053 5664.879185865837
7363.845991626943 4704.901066641008
8536.780265854197 238.1302280730857
6111.110598824431 7089.310711087882
2181.65145353308 152.7407263216407
1106.1131748371345 1638.4680142589525
3880.9968503051296 5313.358935009015
1037.9271318932426 2394.356898686755
814.469382648233 3631.506370756182
237.45872686722237 7924.477312335666
173.19843981805084 2331.5931377186816
8583.889113058087 6369.186824150632
9700.907064742123 4407.204710395262
6881.900749450701 121.27714143749357
8140.169718987908 2270.199554138378
1082.7911045402861 9470.365811423455
6911.015635431346 5605.8631702299035
5646.411715834912 6546.636691233637
9554.168531914802 1980.5677559979285
2327.1977109621535 4462.915948052069
4738.786743779709 6844.086478923515
5716.377971370136 1681.0232354012644
1964.648014199326 4226.915572658445
983.7887616731944 8317.793262505995
6481.300125931202 653.6662213579381
2436.5356773316857 9358.109459686548
1401.7798660493097 2576.778558937789
3748.086108594453 9556.754622663646
506.0761184387552 1980.5297555092338
2010.1907206378844 6187.826039648229
4809.5932275140985 5713.495999566136
8121.371965056161 8739.923410153593
9614.452061279686 1578.3417299800794
5449.537897983583 9157.268839421926
6466.538140685714 8241.008046329516
7192.611579577373 2291.3675328406525
6208.7887628030285 6617.073710942793
409.8921869643579 3854.777441665288
5151.289922528138 7551.273107782446
1308.1947149168993 2358.004120057582
6271.324859012552 4326.848523803153
2040.6415267523525 2262.4926663887045
1311.6054448308457 8824.62195023271
4012.305671606208 7897.140812087715
7662.486208006138 6997.379959239633
6485.738316741452 1562.7100123490823
5994.041908000761 2733.3562142690525
