1877
5427.1073085078215 5972.518464934654
1639.5069654814865 6755.8314681773145
5300.4932014357255 7424.945743115553
757.2139012026657 4673.276289977874
4275.6295374043975 6076.135182719531
9963.267026674175 5458.244014389911
3391.305729642269 1671.1461535631888
4781.890860668485 8390.141643127161
6417.2888688756875 9804.056571994852
6633.3736775048665 3239.2467685934043
742.3083192213076 2771.216811454599
6130.714143524347 203.77124181516382
9023.959221559393 938.6963313936925
6699.495961802301 1251.7727615744623
4758.788659896462 1397.908957444668
1195.8575539030126 1385.0659820804813
9979.658089661338 5810.358908154615
7527.499965207098 3000.4865613053666
7398.80037132329 6031.897933056623
6675.2553602110565 7744.564370127862
2488.823107242664 4358.841141670142
7967.815758825064 8040.868237864801
3230.231827695834 5052.742448191501
1979.8004813477032 4814.984287858356
6552.8782222177215 5177.577796986783
1003.4191813234927 8850.293399327455
860.0694849522561 5722.54573511006
686.5632657284349 678.4200226386472
3447.8951028275396 8485.643339827084
4135.2405735537 7941.42270258742
118.66433220310225 257.62633972403637
1545.842101753383 9758.50351355265
1836.1684006168412 3472.9233850383557
4262.811126919763 4788.2148763797
9881.81623573477 1683.5170671226963
2049.860860903662 3397.845509153871
6644.513249394327 8963.767052451441
6317.964547512135 4634.872562645489
3913.488746019409 4668.598863596128
70.9243375998525 5541.065514455794
4342.098930338436 8844.432693478719
7409.398364232603 3758.03628010422
4611.965038264515 9031.687928563766
1576.843334244541 4343.7270417426735
750.6317765940485 6199.641575195947
735.9157866789234 8252.537529811605
7042.260462659886 6118.882913175443
4931.44241822825 3027.487415467006
19.698788830752044 2603.54907951075
6026.155346742024 5911.024185898279
8137.600214186799 744.9887853598858
4787.96535208195 5801.776783170933
5900.085258625572 1510.4480786681295
5762.621555586104 3267.770755890195
8452.779609803882 3894.827719860845
1083.1860826548734 7172.316402261701
8947.877051576912 7190.51590734094
8947.831335050914 2376.9846421486195
6352.214216275789 3879.7502402745276
1140.0417061111311 5456.7928662351915
5792.1647958202975 3155.9186239802793
6670.386251396899 4395.923149499258
7015.49634788371 6144.66002636653
5386.598051338668 3827.995732474443
9099.154741894037 6522.582417051752
6228.784192845397 9543.131998059323
1143.2691260915406 4420.861813885856
9699.15990272152 4704.733799606863
9365.50778645632 7252.948456535817
3070.782977526146 5502.118372698535
746.2284364248184 8420.049599950333
9877.3414967579 5810.8441275637915
2173.7107552495872 3725.0208228007277
2306.127670639202 8840.771428811257
1900.070307629782 5764.742718575832
6258.904619609296 8722.601672251296
7042.299128133738 8573.020162441782
4050.4558110769917 6516.841721213791
6849.189950550327 8350.486328871379
8982.182249743099 3224.8469807371594
6503.739399403334 1244.9576950844198
9358.190463668494 7039.793444419572
341.9513974005306 5835.126190152529
6903.8957433062 3296.140787438403
6542.785860367801 6222.43991106486
6002.236414878365 3359.3408766004272
7580.334202387929 1450.4706157106061
5680.181941770141 3043.260498522713
2028.1220090665574 8348.01716837553
5858.2889065823265 2050.981499876344
3666.77428172007 7831.654918414031
3018.638721025906 3405.348671606815
3270.1032367432094 9205.388093410907
8151.571492350361 5868.839349910305
6931.008855722426 3059.515353920631
1609.205286963139 2948.0285524709548
2337.407941212708 997.7753035809911
5323.810697225499 9236.13054590996
1019.7390693272779 9611.290631392003
2741.686556275712 8567.797446424816
265.41438729787205 6869.779513450632
778.26384191231 8743.562095321124
3131.9227123532646 1414.9607542036547
6117.737704011048 4427.010825375632
8789.111731067842 9118.02970314035
260.61181018220304 3225.979873122561
8282.508157143633 6702.5347785368385
3865.1156089019 9939.769810878975
2733.361708491029 9235.93901835004
1133.5260423581105 487.57411329223953
1977.425436755732 6857.602840281282
9262.017524828905 129.02485971719946
1693.319628752531 6237.879237863812
6302.727419644308 245.95823784873016
6182.642079496917 3952.462175489573
3179.3122938423535 4175.206876675669
2137.830651307949 2208.0875757167105
2052.3452045768586 5365.431521706254
5970.100591574892 2170.1319632717477
3748.480182260503 476.70044370692
3568.6109554990408 6519.616642224785
1547.3916907036867 5949.739705113558
6723.347662349247 806.5672379115108
7263.074031347688 9042.468527507746
4868.027621134769 2668.641703588289
8261.161844356839 3364.644424444152
4285.669078225787 9048.386326563566
821.5129612121863 4537.145217344481
9468.290926682537 4169.435542728839
6085.373815143369 3760.614604532578
2933.5400471513794 5221.423027889002
9719.021393932853 5798.905333610852
474.867891584132 8455.325880634182
5380.860566592884 3165.9534400391076
8558.207974488945 5705.416423366262
5096.525901153229 150.4244042156022
9376.935314195349 230.94692747008705
6726.62470379207 8720.67075627623
6938.215380573604 1210.151697303029
9854.323461715972 3323.2444803010208
4477.677779102563 8221.096073925313
6625.072933426142 3121.4171336941645
9485.679181165693 608.3623985949494
3338.331622919578 8315.852061326385
7677.249257844238 1761.510942833655
1921.2360490756375 1847.7881708484756
1349.136926828085 5020.708935866841
7806.735119545702 9005.787847848373
741.2083216447785 6176.876693951914
2193.7939319265474 5240.3141524598705
9255.772273635883 7348.14440959457
2184.8398167680707 6836.094964561523
4687.237320044302 8391.378727432018
1875.7122793060566 0.4467011389641673
8975.834081041956 4946.980114151635
1115.9472644926216 1396.4215721346652
8422.9629201065 6717.110306337092
6362.309135591586 7182.855220694495
4792.058950614794 5641.964719105081
9816.063187931428 8219.089204272168
5267.686199419775 1265.6498712106545
8864.556075260263 6250.345380149993
5856.912719059303 9772.68804709447
7740.2497001871925 9610.438799728248
8490.835887777757 3928.11942969394
7265.436359457437 7261.710732753884
6820.460495719516 3468.622787066288
6568.437020342428 6837.76926747603
9499.960177817544 9369.037974636607
2737.1635002410612 5762.834114950563
2611.6796403868093 848.1155817381059
518.5054514056242 4492.176009905443
4811.0637704618 979.2800470971497
4377.078456061237 7451.347013870995
9756.027730304188 5336.6426907100995
9494.44989983563 347.60938315229305
434.1093752392 8233.453770207318
6620.035374636855 2185.1597485142715
9112.077602510204 2799.63816632532
8077.439553641664 6536.458805799004
4806.490107811896 4397.009736895538
8685.089263911226 9405.178923323134
7410.03278701184 1685.2127984343535
5867.587608483449 361.9780992068433
3907.2901421393644 6028.395747995918
7814.297965940263 9542.520752493972
7474.934597365997 7872.070498567098
7184.238219845 5567.864401736871
4685.1419222524655 8221.565728999756
561.4511438428337 8480.532764916588
9517.374566687979 4417.9388150453415
632.5898175375211 7385.303632416182
5432.49736557286 2034.1581945051946
8888.537986114594 4641.939417124149
8374.524464242084 8903.82509241627
1544.4614390643108 7177.792685638341
4239.118904060037 3046.65743149931
327.76671096394705 771.4215164454686
4084.295568975932 3569.408335723859
2801.0186103998903 5004.053940157769
9157.610402824283 2497.847033581223
3966.949288604994 4983.942374036813
5675.440850763956 5934.883731922103
2045.268634465941 919.3521894611745
6213.794473040141 4941.870819905683
6516.06155843967 8149.134091758223
556.4115122042634 104.56787729027917
5792.139953211107 8335.528012153889
3894.751077898031 8872.21173953116
5212.79297862779 7182.055784984491
4385.7823612981665 1447.5808435903514
3443.9559651178806 5260.058061973188
5247.331026480166 9257.904465504176
6824.899537738514 6310.635729705459
8807.054562130143 9850.91395139055
6719.11774052622 1734.4590527813175
1219.9538153746182 3437.2883305561886
4507.168627058045 890.1121417322145
6930.652692569143 9240.200053847491
2501.806240114531 4292.341671319337
1380.505722593628 4314.6201085408575
6770.812010950345 834.7816706374045
8945.926518754144 3563.494379807035
9620.519298491541 757.4323106616021
643.1482841622782 7304.853964040255
5323.098897595314 3237.370688775292
2745.969572507464 1933.3820689639558
2563.2519665829036 1201.8737000293977
3136.850301228792 9971.903380402096
1035.0378714264075 6246.342257805872
6948.067698153575 8122.723353667067
7637.135847295112 3385.1133087009966
6848.4558177425815 5805.6961884326365
9794.926767643741 8771.448563156433
6192.590176427584 2109.3472301976735
9580.349817936694 3493.6993168559684
5173.101887103551 6083.338176559554
2505.5763443981973 3087.8428164320017
1103.1360704104466 3865.010013031791
9134.112185943755 5502.288933271685
4004.796109137172 6259.69290291663
5983.025268400673 9909.06555710864
7790.74653852994 2083.927752268888
4582.56913008148 4976.186543029858
5499.968128327877 5832.694754786425
4014.5542812087288 7999.212871515932
4284.998963314138 3046.197045092427
2768.391336313816 5635.722500121344
2146.808278414951 3128.7053345443614
333.81832854349705 2894.6024290180894
3774.7929703841432 7311.414935078494
7591.890923798106 9502.785354241272
7273.20316844091 8953.227013790796
7770.9022102091185 1805.250590347086
7041.639194483829 4437.813547804891
6501.470942725921 3949.8194442498116
626.083854048124 5552.283958331869
335.11681933401815 4266.46911192247
8968.268839154567 8422.21739986216
7983.221253100421 1471.6013181429066
154.99691065434584 9829.786030317653
7488.347116441748 610.8983518957223
6505.3707890333835 9056.140594340837
5557.471650561164 500.106539479257
3632.7118916345157 2266.1862427274204
2366.7640641933185 2831.287215387379
7979.271415656087 6893.332361437029
6290.1161228525 8082.780563625281
6245.676903749808 5483.743968760894
8208.714127000347 4904.331156719324
6123.370168737301 2024.087337686773
4326.519177552272 7744.523977165642
2787.1366025151833 8903.70763606334
9746.596400682549 2145.884958115589
9716.141399943186 9351.62926598869
2455.8190932324565 8353.70749747463
5585.722328089606 8440.729778895633
8820.543584072147 1667.8575048547516
1208.5175227855393 5565.88279629182
7213.437470046522 2312.5279943714404
1802.3292059208795 2679.824080357821
5971.714697070324 8507.10475480661
223.46224201951537 5509.946315939126
5529.611198513833 3892.015342919174
6228.09119932794 9481.18033251533
2273.0174706918183 4496.6323691671705
5310.5515638768675 8134.576391724212
3431.7554029320386 1032.0087453654392
8216.268714735123 9458.147915111886
8155.068239097033 9449.421147586587
8838.370202929867 4735.9984662852785
9808.473850716788 6426.408233465026
3880.8581821193657 5273.700814991796
8485.202714293551 6725.184126800875
2407.5380421797568 4672.354167376448
743.0256076171171 6214.018871595419
7194.738881937065 8200.69605351438
5657.353147604439 7750.374818955551
2667.179403065496 6254.099500111451
2424.0637595536264 7095.2971717017745
6120.167707690284 5891.239661670335
4950.601309777547 2561.7516489359105
9917.647621318289 3003.6656963301166
3141.455651580022 5195.314483767269
2404.435719788708 7800.470207537595
8914.220335141566 5943.816204246946
4382.316269747346 7979.695128537513
7375.000390209324 2493.2473943861023
6173.497403384451 7210.075133373606
37.01881049078204 1230.4360937046754
7531.249896411392 1361.1645841068255
7483.852240041503 9138.71012065247
8956.387454411612 1296.8502795106162
3458.7987384939465 6340.963099441949
8339.56897202263 8986.709126759664
1004.4663314860359 2475.2391554602204
1273.2347399089506 3191.615095636058
3981.740830815048 9121.16390049559
6863.316923148697 2044.4595115671837
4064.876875138106 6091.2446298858695
3419.6884803750318 2473.799355548455
4139.528686235581 1559.269656635408
15.648042878643187 607.7025806895531
3923.1197547477705 4718.73931930191
580.5668217748228 3047.0081390238834
2582.024340390596 4947.462699277408
6926.141547815232 6211.68110787007
6137.615580299479 3300.1596843873303
5905.5433664877555 9840.882908540189
4533.309499122992 559.1089278217331
3766.060796577054 1166.8440835233885
4377.319634217447 1043.588011037102
7679.680862240745 8284.568350220396
8580.901291283802 2912.0500604383205
422.36614242239125 4803.858022475447
3379.4593370684165 3786.6924990291404
9221.626053694257 2997.098261888377
6553.959162662951 5188.267839413684
3903.295890324139 9345.694831048766
8062.6630580741075 489.6953320260056
2642.279440579095 4640.012169254952
5748.293162488526 8880.23366952958
5858.325842764523 602.107337091331
4303.299183171355 2177.679394787927
96.74955120939966 6377.51766676104
5255.985699324878 2234.253777930172
4095.323022165984 1181.8037728117936
9382.83559892574 4152.552089330496
8662.406890879913 3889.507109357987
657.4406685921075 4561.125236593616
477.70263861664165 6417.636709861735
2614.031128961926 4794.971476979789
7475.848887606487 5382.7449183503795
3833.6719540314266 5984.414053451783
84.40366728932891 5700.116022894219
9153.773775082258 6776.552527505998
8261.588088991455 545.5346491221392
7156.643193682183 4696.666426443083
9015.493221799674 4414.559965429071
2510.375735114958 9002.664439235392
2885.2769443296565 9891.1824564002
3815.4725263285936 6293.868762384658
726.2142683383488 4177.1956478875945
3753.1401241692465 106.12958425851527
4064.280606172809 8435.563646184992
8536.312942383282 2258.466735385065
3272.2879844100717 1565.523821191086
7932.009743867733 6812.140332546663
7868.411756020297 154.11200474008234
5453.723370775936 7161.255037875974
2349.282699311258 8038.257393140687
715.1114106231571 2994.7024464493834
9143.638366813444 2163.537327171463
2391.340157238753 6652.454730000744
7508.864221951797 6240.148357455495
752.0092422678149 7744.920777844432
3491.577438325838 73.58852630888867
3309.6636930279255 812.2838054681214
1434.7367364380193 387.01427632006346
5770.477359364709 3271.4369279883795
1937.588523853213 8454.173034331965
3178.771563106376 9931.341381381808
4661.090486632653 926.2787728007327
2914.606518095879 5953.333931787031
6920.276880545806 2863.144289917927
2033.7703651238148 2291.1101615786465
616.3649085681966 6168.335609360036
6332.054758527894 6365.818297086174
735.221179373785 2380.073015242832
7470.800622957328 6014.896314387494
8375.143655446895 6084.051479380873
7518.258596806734 6598.993492126268
65.73702267896996 4091.3084876776406
7341.404636468623 9559.514916114395
3000.9900995979865 5963.718503539986
6425.411641332377 5690.0363293487035
2733.4897896931343 3471.6502043767005
6903.071616735304 7918.035258288723
5863.03908557312 132.77014233215147
3844.028875098874 6489.089817156633
5301.767238412246 7107.936368117515
7183.772258092313 4103.8991618649625
9809.155530407379 8419.571293067163
8064.905048872142 9779.183406277312
2664.226650805637 6709.864004653857
3818.294786560923 7986.721902548948
6578.472739500384 570.596953193322
1329.2808825370805 3970.4945748580167
3251.9289614062054 5853.353621946261
8114.195157542028 7050.0920941929235
6336.123641848111 6308.310143763654
4075.0311072217173 1189.2643925759917
5991.468770302 3401.7697197590346
4605.174261915018 6141.6805069572865
1712.9759504347696 1227.0538474276304
7486.684096722256 3081.677059086798
7647.019311591993 50.31117757491765
1849.6951859480125 5785.9703673872455
1233.1866121837054 1222.2669842123635
7357.08779138898 2153.019707875997
1679.0971805070699 6938.881115683034
5732.649733376218 1129.9224698635346
9512.382902492232 648.3385089237681
4768.533823665271 6962.432247321115
2252.8664117996955 7778.753312129256
7027.892544966439 6091.889062185734
4109.290222615111 1900.4116650884573
1601.1504506203632 1993.560177267567
9528.788724260035 8438.343056751111
7479.4488201748345 9784.084097800274
1413.6101551254533 6615.451063656517
1376.381641591925 5521.423654698361
4868.436767247168 433.3982583876672
1159.2140507217518 4778.928213274214
6452.969953304899 1187.8848449033762
8443.358232413313 1295.8152252606258
7088.2800898196165 7266.920400120027
358.95288827783924 9289.57773716044
4001.7488823369663 1795.1345172450906
1015.9796119286868 2361.5368865255627
3394.2565705344805 5064.131680173538
7774.415332567834 7834.949010803765
874.5989373709396 6628.344805911069
6068.5147579972545 7835.792848552586
1129.9446164348726 1447.7962197038075
9239.37609548753 7459.555299354862
1787.4699011843566 5523.626924752431
6597.536841858899 5963.045602896209
8971.143579382704 9099.211749603413
3767.416296115794 9078.462879675686
3668.9502315411814 9689.125592473252
4258.001782684383 9267.65248519031
8699.680902006163 2950.182861301097
159.25490683906918 6017.683955932382
5804.740819025282 6723.22596327772
2881.28787690881 124.59131102380839
1189.2530688899371 2451.2872418012767
1933.4461997438113 4320.31485220448
5698.068709603755 8619.208483540458
883.0024883289966 7568.590556608835
2736.115969551063 2861.748436627313
4838.25202910458 1888.7348232263746
3028.85611906618 2951.66747196402
3068.374339173736 8661.974377588995
367.4361446710128 2006.228423561499
3702.5049756058384 6033.176838316332
6594.458315599454 9940.005830673368
4843.039995830824 241.53726693652456
7260.117106516589 1443.8512311651918
7883.272305712257 1496.9829228941921
1614.7790666275741 584.3146066597626
4337.038693597274 9364.75812374531
1902.9092992938101 3494.7700654082437
7068.134164122381 3528.8559341836744
7284.580280914047 3568.9565910522138
449.82759590946665 3275.66816133955
7134.620796093779 8069.590892024644
1689.890050539784 3072.42192012235
6955.79625568984 1129.15991891411
7324.130514832586 2210.6850342082053
7691.237819715372 5746.966055510646
4711.502006807545 3643.4135224649
5832.66416791556 6575.936461200642
8256.431070678984 864.7254515166914
7394.770172366966 6044.6685727022905
4039.0911733433986 1964.7889456317303
3562.4856152833017 8674.640880846786
4551.925478203191 6837.907092083997
9616.63118307269 2329.4595642615122
7320.799344671067 6930.097175805998
1604.8309205726853 572.47702348864
7331.743925586489 6883.154994303124
7148.36777932607 7311.063261803858
3389.32495592192 3965.403301278867
7761.996013077508 3470.267738305316
2800.2567022342027 4275.0249495265825
112.55096236878703 5565.561234433117
7105.95042001468 4360.085587121509
2753.5297846994345 7733.8011324776435
3980.2747121508896 3120.052292366473
3046.6395359226017 2033.516621631416
6863.870768928024 1636.8174846314255
6217.638977710325 6640.062574722579
4423.958368248237 7928.9443533779695
4792.631018536683 7938.143965077794
6508.634483803446 9531.046154125797
2022.2863411112469 453.6685061376022
1907.2475590888548 9270.92399900024
7325.310428709983 8068.833712710255
5933.515333484176 8650.280756035254
5268.793955467173 1028.8120443662629
2615.6227346130736 8830.540810590099
2151.910649433503 5875.347509144982
7107.6193261991875 1383.5035044810695
5870.763067302841 9632.034129639165
8829.014347206103 9687.259935125616
5415.9952848295 5317.9937182967205
4794.545072457405 7131.013981574346
6091.125536688458 3181.1323593699194
5613.667937937839 138.1401675259908
5338.379876200857 919.0971316456508
3719.409337959204 2425.0221653118265
1920.1342902929764 6595.519844250049
4528.780390699132 1883.9185242281021
8127.899037406401 9961.075362732796
6442.047367411003 3011.299402708164
677.1131734458713 1453.3469030746326
4855.720082990631 5898.808323111852
994.8375375437435 3276.4338696725295
8694.204600927396 7462.202110487034
9718.770389735499 3650.6980037484714
5357.641166175823 1804.32542171153
3399.8319222799923 3574.992776816478
1438.5277992847489 4391.380638720596
3636.893761016554 5258.1760971523
2077.3068646227234 9067.456855868495
171.06122335250217 2753.657511863199
1407.1728702629416 7840.484130931958
9828.23788231342 8270.187570882712
180.9331441329387 843.4819859082065
2622.534912201966 2134.045460972441
4377.837337833344 7908.175976718538
4819.415816556452 442.2395970162907
355.8642863213024 3783.758678863405
6306.291059324577 2073.2825208235095
7945.033926865899 6191.770615905137
6229.609352445723 5911.562728382567
2769.8959661757126 9628.789476703847
6531.320082368707 9893.279738519803
3044.4141736888387 8111.80517269757
7753.907415641214 5796.371337060169
4100.0546127455855 6906.877075344712
5282.023989824822 7573.805631912572
5987.957119563587 6689.857945444355
7050.087923172691 6469.074079028546
5638.647830624669 3558.684138899937
5669.022256503119 3154.6632636588724
5267.835350169685 4849.926857948253
8911.655129959832 5698.747053195413
2984.3986109843468 3808.007742528041
2545.122507792067 2292.287140046123
9886.769489354534 5813.679972441009
8609.942765446867 9358.182658296191
326.4732669458059 5099.084138888962
419.26185898013557 8916.071615601451
8472.684229806675 3659.889754552731
2788.097616945494 3890.8246552171854
4829.219323820052 3420.732129902707
2301.235074977106 6429.7428197802
935.4794675990041 8618.365798092496
7789.75721045158 2232.9057910000706
9125.422479440294 7837.650813334136
5610.022772792047 3403.0877984085205
6923.727760615483 4168.695986338073
7805.229167477893 3386.0958843762114
2425.89744950539 7549.184083714018
3778.528456029564 199.35087451768308
7839.110411209041 5514.109978087483
7717.990880557327 8335.97590952451
3253.2244208620355 7295.8610261039485
4687.541403557511 5483.613975983069
1666.4068948771037 1500.7773048502627
8034.317607499532 7511.650969790321
9307.4418298251 9434.029425092642
9561.73368006713 4057.468773937092
2376.8471785876654 4552.853445890537
1778.852784178009 7481.811514077224
2471.5120313411744 3498.8917510486285
8460.507769138141 9965.29626178194
8162.640830978404 5693.58326177331
5738.933945842825 7082.557848317569
9464.368862461175 6576.256748197518
996.503469058827 1317.4649715326348
5260.496565881133 4222.779250945416
940.4860450792285 5672.301243541299
1149.3598661309888 303.31919029852327
3414.5800304729546 5775.760700601518
6621.941874563158 4120.98170032255
9738.294289808624 8709.050359955474
6005.898213736266 2818.781599040676
5664.083144679059 8146.360510376521
7188.258548806159 1750.6187159544818
9403.468960004451 8345.399939338455
5772.1337396491035 6482.627734218583
4597.211346043631 4025.662603105682
27.843973731616067 1924.4728322108106
4590.915593118107 9236.531006701856
3766.457753683675 4685.86336444171
1926.293299998889 5944.285956027352
93.81138479019336 1911.7719620419648
3569.623667439732 2256.5372238442205
8895.653354388529 3570.533754907992
8072.788528429893 954.5497546365922
4859.643363666641 5452.214292484253
5598.582032488372 1318.386859266929
857.503301379432 6980.3339025364285
5540.824906566833 1106.7489627188354
3590.707818709904 1348.2394490397876
9331.140995684686 992.8385188492173
4545.668436239153 5462.1199864139635
7948.084067576971 759.534804442601
9509.45199123872 3705.860524989144
4630.625365592994 5121.61555689861
4164.649529751932 2638.6388834151676
3346.84812347783 7169.714633497184
1612.0852979543088 3394.366691564329
2680.016647352308 9120.159174618811
62.64457642358279 4772.783546397791
2968.02025417644 3306.7834663399885
5394.56334706078 2795.212549661853
1768.5163646811275 1165.2666902332876
3790.1135944910625 1843.6923614313948
9020.931306657547 4337.499046836232
4245.6872910861275 8410.401778355117
8637.798645791863 9962.930889987252
9391.864815017632 954.9970777124661
7681.74547766622 1725.813389907913
5765.129736417353 8400.682656496223
7770.770678616405 9291.692830224962
1440.472306620697 5395.542567523851
5903.275657285829 1393.4740870851192
9764.19861582777 4623.864279265104
3505.649098172857 2016.8191568876225
2818.841676143217 5172.879806142239
3179.024412483298 4886.605713873337
7207.154192817733 1243.5685872644985
2358.1657705743833 8770.616089111449
7759.730390042952 7339.852125301889
1894.2590273541837 4993.586335463368
1850.8909765758808 4478.727998594148
5434.7176675269 8994.195678125283
8150.0422625368565 6934.584251251172
2396.937845738224 9759.52982322658
8840.793383388642 564.1436869969164
3319.2698999739987 4536.003731412524
3607.7015376877443 1854.187699005
1421.2947683159705 1342.6871158769093
7020.5842993798615 1492.415563108932
8316.827573311331 8502.421958598738
8338.925589929966 7482.493449440059
4996.898926339715 8658.079745445568
4213.972772705102 607.5566922264575
1436.2859053578582 4555.759465976727
283.70293681989176 9392.126002376493
9476.00152500997 5253.6758562234445
7235.9172333676615 2620.6052172783434
3995.4743440120033 4354.944293485322
557.2935768511767 4941.230998891733
6811.978459494592 6364.424048473911
891.3151626466109 5117.545253818083
6231.2044983091455 3334.2257252110708
3695.5614008586404 7085.168345341697
2721.68702959537 1589.4552005652085
2718.932108531051 1129.850496276571
7797.136204198163 7515.204400222651
1711.9524861011048 6223.483851898918
8864.544387483646 2137.766781761257
2738.3817887147334 4837.961927783766
7532.272507328973 6547.498049080715
7473.931629250218 8402.471541600296
2671.142840760138 4087.6998838258983
9957.972040190389 4978.012702248125
2382.898256697773 673.3587652458895
5406.688766707222 693.6385251268817
954.2135940682939 1605.5229621387402
9901.225302259889 3022.1127085891
7860.772420889692 1811.5526914657332
31.928756061816443 7068.387801058055
5934.75218887113 6568.436314273724
9909.890552667923 5702.5052152592825
4920.388448236536 1455.813783532386
5349.556688655665 589.2272260380527
4816.115958022226 3537.3043576986443
1481.2551601579382 3949.9077324224886
638.1143472512407 583.1869273342937
570.0710894776672 237.81994009136943
6538.910554536931 1524.4362165518444
1397.5729026057427 2816.350905534676
2576.02554205803 9267.570655983414
205.47784490575594 3200.1890363791485
1849.4713263402684 6501.719071451117
5905.4162415004785 9452.824820979142
9213.241210604412 6193.771241168414
9026.5366929817 5929.387066767325
5314.758906077603 1094.4226216226582
4702.77096457356 8712.05093334548
1327.5805131352702 767.3848875203893
4894.154234320796 9805.94339601605
416.4775444793523 405.98365815926354
3991.6792756884856 8446.684897184401
1710.3460659539337 3015.814365217755
4972.732988662908 9716.404093780484
1357.2286273258771 5419.086639004025
354.25026335597744 9073.268587333689
3097.05099344466 8975.737778192357
3333.2933608931935 6370.273577436396
7711.513939474105 7918.347401823566
9709.844646551268 4472.240837478355
6696.901607247185 1762.3401990059706
454.1770729634742 5675.672918438053
554.399700381698 3379.9192581283387
8111.249674459893 3794.321679267375
6203.845563552689 1015.619087730898
7627.145870804575 994.0260368786069
1200.6540719451941 773.328530298224
3637.6571137991186 6243.57849406299
4672.002092265951 5919.078770758014
1776.689948619251 6594.086685303727
6187.1711747446625 720.8540810051611
1142.2528242665785 3407.491765371371
4138.283180427592 9486.124226313701
8700.355056768614 3125.61930909379
4631.492897901022 5959.764378696188
4112.235251605769 6204.32936557128
375.01954692636616 4309.468036998708
5237.903406193965 8433.045715889924
6599.24340128369 552.722401797685
399.0724564271131 6018.142520135377
7655.4046867379175 2468.862171740707
3377.1200923017454 9529.368480710848
3613.2854346063414 6791.67259585642
1076.8109104548685 2091.6970768265573
914.569108086457 4792.4683829677515
1804.0778415735404 4050.687564089962
4937.4143407239335 1240.5218999117674
4186.248435053438 9747.651956465275
5189.095731085777 7167.177167760882
2905.6712822882014 2011.6187601996382
5767.399389209397 3861.9261505882387
7622.783694139494 6508.295656035431
4717.790582912819 4093.1909414382485
5732.234660205095 1181.9276955773516
5962.187487959311 6673.496934940748
7925.7560319437625 5684.157374590536
6586.5222167618285 2178.182042881218
7928.056510275547 1904.6938813792747
448.07884440113634 878.7387849314521
4227.08575804892 9501.800279966476
6299.939295766493 8766.337420258766
2137.599319272837 9676.313547886979
4928.691188673252 3918.031412041533
9117.028893684863 6341.112965221935
5162.880737713629 3397.604863291526
4895.242980319985 6308.6568817799425
3033.5204167168404 384.9662043445268
684.8601324922798 9152.410561620527
1854.2919595550966 2292.4516621363477
8506.358211560571 2993.6911516143437
3537.9128500405445 3253.3545902709902
2492.292739823576 4623.65820431442
3076.4575197222057 8557.447355283073
8927.52836742281 1090.8818402479426
8787.262707044005 4360.216075780811
737.452198530123 5168.126901933197
662.363473731874 3306.985693375304
5153.727081320785 8957.684536250254
7958.243202632873 5590.0596103652115
367.2126978339052 8302.800690219623
5024.003093850045 5396.455916724963
8120.266815481824 5643.440224578432
1289.8886708074674 4705.773762692791
4395.711708610629 487.8383408877163
7324.436660598448 9962.176759798887
9627.332536772265 4766.986654052282
3917.3354564054675 2271.433028328134
3186.8525612462063 4997.411262559641
5256.418455329548 8463.405739138847
4294.906429996437 4398.297602344943
441.039045186602 8612.338209028925
2958.609747853056 5892.223472659992
9810.404716393823 5421.736616452569
55.90613768559627 1264.4633865749088
3864.274507887442 2257.598558579149
5266.947237537159 2664.0302852350073
2914.752782397764 9553.19632673849
5195.338638055512 100.3245147217624
5031.738845021388 3810.5717720191424
1727.1657931010086 2622.4644993017187
8330.92570661741 9488.355082745667
2443.2905365159118 1464.0707083641546
1202.0605944184015 1692.4724189565143
730.4866721469749 594.4874032468161
686.5148757457706 6775.761169148974
3129.5617252879015 3838.1193526308243
4887.0370019131105 8704.461992092281
5413.689712622947 8006.771964269926
28.890521196391905 1364.0143612584532
6907.758343635118 8335.582996159948
6590.404489704867 853.531991210088
4639.613260280625 5921.334251792384
1782.2970519840076 7257.788066032646
5056.655495037665 6832.6425646608395
7578.95817794424 2387.4953744312365
1246.3335655592812 9094.724263622302
4491.201830805794 8543.116280883101
7866.643344134594 6847.134644274588
1318.834911248784 3484.395040268574
4322.8308838479115 631.0885530125099
232.71111859452188 8477.253307371535
9119.068763397485 8983.666592601217
4709.766232476855 9541.64504481099
4768.958491028327 9299.417837058956
5080.866950067746 6838.422836827519
3166.2844387273935 5265.574315595068
2750.1204493280875 3510.2144841702775
5897.52698915271 4085.2913140238643
9505.635759817884 3230.767101702933
2620.2196155944725 9174.033115434726
2765.5415026979667 5219.169373993077
3336.312589071747 3047.4307955254476
1089.4019999266836 6539.8081648369125
7157.282234244124 714.6317537034319
6834.000429593896 4135.882381663854
987.8076308255824 6049.376455684273
4443.779431294087 3233.7340521043234
6447.408200210969 2331.7285541423394
3540.069290208533 4507.224178379705
2304.520911026592 3436.59856976677
5709.550572950163 9705.823663266601
2715.06746415865 3990.8958895164847
2691.2319363474826 4327.049023437748
8637.643619354605 5229.353393631517
1522.5522814523317 6353.321899899286
940.0415396996698 8249.767928048099
9129.042757405838 2075.2869323056034
8916.890316038767 7901.602548407753
4828.311760654682 3588.075592453863
7205.782952777161 8637.606552124822
4267.946961526772 7673.9534761937875
7419.330826952444 8316.301006973737
2428.2532836315686 2474.2471042520397
8203.17102774535 7163.892650639427
6494.575390781836 6605.3935135082265
8885.023158747621 6887.371333030865
1640.2832798035595 5188.414331824918
7397.476217364167 9276.25956031377
4060.3231811752225 8638.065952094013
2737.261000975213 4538.6750062882
5956.568034077653 2997.370477622333
5866.3428369905905 7088.080849252576
6600.029215119357 5105.187556282142
665.2471842164565 530.2928966178955
2081.31649392721 1948.9379024402608
8316.6075510828 4196.021991016581
3909.566198724731 1181.5438662258425
4327.007480735638 722.4278813645557
3231.3804195667562 8971.105633795449
7287.760566573273 7907.870879175483
3115.153021639109 2103.782337811779
2430.355297115472 8347.241743174794
6082.483404571637 3574.805806170649
1049.8675517791667 7200.961275484375
7867.205862795757 4779.499868452085
8949.721421867995 1858.940311105507
1243.8952489286082 2855.6400249699464
3203.7597569467835 7231.495573476416
5691.534558905206 8730.43512317674
6736.659302976432 6932.416672697174
9644.356580850612 9989.867428334652
4491.308790476486 3715.087750643792
2130.7036047766405 2815.082371186388
3281.841433971251 2180.7669413113117
9712.075350242449 8919.969536478597
9823.596134628107 2998.830432308074
2808.363929774392 6676.033745512252
7886.355609862326 661.9914611564315
2731.6007607028305 425.1015020249138
6034.790352980346 6145.207163869487
7049.372956850472 8357.36849858837
2000.1159609781405 1745.1919854939601
6260.389780944415 7271.743733416078
8369.54557521703 7848.153889041991
9188.51124912701 2037.3962408886337
6985.202517922985 406.5789770471173
7987.878880568881 8639.868049733417
6211.732795903473 3501.588719106902
6200.6125799172605 2322.0701277306434
6061.93683962827 3525.6003856680964
4919.873821398632 6519.925260946331
1062.316306227088 240.71987675066796
2784.9152096184316 4044.38227131106
9695.512449597914 5251.506126792375
5271.068137645469 9275.974366897697
2274.188508999001 276.4429273982583
7536.451428882378 9015.051159092613
6180.987239794903 6010.658796171595
2948.50440271648 70.26004552828424
8551.774616326993 7343.143365589679
6337.2845671077475 3669.8176024383442
1684.4541285773573 2224.903428803542
7008.7909275942775 344.55214164154535
5723.221746855198 9580.213359631109
1600.407172898367 4058.658773095856
6498.200335880915 6311.31093537
971.8846358305489 1053.5622458676653
3792.9817613125138 4667.597902504278
8499.112918292694 7122.2318595381375
6767.668656329278 9033.604522328122
9374.255665816476 6845.746530274092
8782.603321840636 5535.681034910739
1814.655560880123 9700.86576695464
3448.032211056835 8775.584250506736
1444.242582723877 886.8094087407608
7367.5445255004315 7469.825972824362
9535.004907905723 9221.405761882455
2748.1974745355487 4806.860304951925
4282.413229239925 521.219945262087
4817.817201584999 9929.880624992538
1837.514830112782 2507.2276226261047
4820.045194544833 4111.209609332665
429.74300321578676 6467.052225532646
9250.278171945865 8904.961662207174
6588.315281081471 1656.7349136351006
9950.723629047607 3847.864942040544
7206.422983648798 739.4657127979665
7700.377893408413 8123.829443349852
4991.239868040093 8435.648419901394
4015.8057297679984 4016.0537949975514
7704.110214659156 998.1338976008968
2021.18036587265 9941.16599145674
3519.101302436327 1128.4030731793894
7451.124174693239 7393.094120649204
5814.433239433018 1513.936591852738
5117.4639056115675 9220.069144371484
760.1303740642052 293.9631197241788
4501.093569615255 6316.363984639575
176.5643742291112 3450.226337527971
522.7200201244841 6031.07470070266
312.3859341568536 2371.369445740382
2001.3367756725231 8379.455473395165
4426.673081019444 9653.984205905948
826.8591644937185 5488.019611148202
3358.952201793021 2580.3300337546466
9453.42356542061 5612.824584201923
3632.0702152276817 1652.1741910597189
2962.436666794296 5541.058408432407
7056.734976846714 1062.167540609995
4649.53729779328 4219.252438891396
9292.857879664818 9048.611399009495
857.2117003243674 6047.1454043773
7371.6685289738225 8706.435938870572
1604.8802731741541 4434.426941017094
7793.897119817297 4016.6546518512814
8460.853111746654 4938.295219882983
7493.146310486983 1608.5177536433703
55.6308512376269 2582.9601431312044
9689.905285860783 6083.037441679479
8653.601183112527 9807.934697879396
5460.487188106716 5603.515252215781
8280.26515344739 9900.15200866474
9706.494476990867 4898.148375154585
6044.701297527399 5735.656604355754
7134.25131001563 4821.750471276862
3502.05501726093 5189.813525341215
9839.96669324001 1188.0749690290281
4168.420151050946 2670.6909242448796
3145.217079686271 711.1796160115002
6630.5555454690375 888.4639524462657
438.6755457500946 8583.722906057747
85.45831992247899 8194.40408276291
953.8297021248843 472.04409191017095
599.895035305743 4606.208527866609
6648.767990001504 1522.3209608220268
1897.5688571295102 3982.1370561042168
5652.939256006869 6349.061244891879
4061.67742700807 714.6183462606814
107.11779561325297 6916.629441840273
7183.198335113024 6784.700376190007
5646.634659526801 9726.473866833312
4690.313111199098 9051.915083489874
8264.265334802176 9787.157963651707
2861.9605301681518 7249.831554446625
1837.989918816887 6471.268322130144
8858.588756314311 315.78116108561096
6220.172795412485 5552.711065798879
9495.753875421546 2403.932407771393
1458.5337206225213 2469.8735723551736
6941.287897625442 214.10286875857665
8455.612008306936 4174.569951086611
5534.340552042143 114.39754860903872
172.25555433914909 803.6540093772915
6004.677344924329 6943.961152766666
341.99079128122145 3849.6243151890917
9513.191565538282 6352.8451893030615
8586.959648616508 4508.509640604635
4139.6685427177645 9069.180940909231
1812.438352054111 4447.768872976227
711.4184335126982 8579.564577383131
1805.780727198316 1363.895270117249
3196.4700575829706 3366.7543825164657
8076.955130954344 3388.8722206374878
1277.599184489605 1069.4909884354486
3151.673986790611 9656.56916461456
9178.540401040476 4712.447011556326
4764.443826060651 9154.635544700779
5331.311173052555 500.022369699733
5697.689203807416 6364.3881378552
2053.6550529140472 2575.9013916639806
7374.432569351372 130.65112670454627
3048.1865320401257 2620.9889335688163
7735.845172583094 1705.4575308577246
9239.90248146987 1195.5513490355186
7421.30245176589 8973.971970638762
236.29911625364096 3327.087633466124
817.4156484987383 6497.950860871408
9524.415649229895 3003.6566581251222
153.83327146077042 5201.509281941355
6411.697491825265 9953.097515142796
1497.4365166068515 1275.9111181585115
6672.658941652113 7371.773446755821
1232.8788835989778 1194.5651763579901
6880.89573142712 1112.182436945902
416.2522882416231 8606.344385777898
4486.077529113318 9246.97115415849
2249.984610344716 9314.8175709692
6838.1350048478325 5897.600355849144
4850.908293437764 2552.9221572539427
7565.922766393653 4749.109296892452
7469.759654024208 327.0660513030765
7985.228246657795 5768.126343349783
3369.2061501045987 1731.600866652232
4541.0689102429005 3299.48614276109
6678.817195642395 5824.054102215593
681.7994748792588 4937.5041321805975
3719.2317835047907 4903.474037370519
3017.629767338874 8351.172622181566
1524.0943021519638 9848.678657125161
7133.731905027665 7588.2401379689745
7587.169479165069 550.1677248348069
8008.191223770082 1291.3417144769446
5223.363356089246 7408.899596568654
3627.637402015824 2730.0482747868205
8356.215787622492 4377.092349729065
8098.468491870451 5585.908948229818
8030.75033472303 80.66246034547974
2319.1562733867354 23.26241444981281
499.40281532592667 1189.863608605156
6109.204845102164 736.7946256947089
3340.0682995695697 1394.1460356414825
5582.905832325326 2387.5274162129035
1739.146433729788 89.20533498411376
3511.120006262116 8122.12035567036
1808.7816469372442 7198.647563858591
8431.883977200087 3716.078647680633
1606.3303565100396 4429.645433173407
350.725183225481 3289.6523674742916
3385.4134291618675 8701.4184951407
7014.145843555846 2515.927852619122
2531.738413189849 487.3190245100112
4944.8116509031815 1773.8050099846214
9623.206454318739 8375.762266723012
3694.561637953807 4794.26238076186
2102.647980761656 1282.1898537481557
101.43263034158912 8006.515939816057
1162.8527837523707 1433.7084497056173
1729.4709528652886 2011.3745177090836
7617.398466214968 4500.003722772501
5125.182457914803 9392.306477100845
7767.101366634548 8058.572877733428
5042.044726753307 2420.429643646388
6570.743405714088 5959.285371884663
5364.594211148137 117.83811140095412
790.0608895832418 4092.720113839956
1106.1673918336478 6614.390629534619
9202.803277084773 2568.6929483728704
3559.4611997335037 1766.2791577629166
464.0045258149739 375.83600629193745
7446.6529813527595 600.404889816718
1744.4291559759083 1220.0391729326786
9745.898794409532 306.79291797063524
2886.4944814270366 3429.0284033258245
4763.606025240575 2221.9721708458005
1491.7882773849367 2562.2963983865775
8976.957739214167 1529.462166571447
4090.634438892471 2680.063405084101
2188.7398883885357 9249.201058702076
7342.988114918267 1101.894149729762
8616.60266306777 9495.957516934648
1081.2660817306685 1925.051869881199
2681.4676272418046 9957.471317027419
1929.5483258418144 5574.623136200266
9464.865520584159 5076.2691807835345
2219.918769011978 5221.900035112067
9072.573325090227 9514.80966601616
3975.5318843807277 6034.459614312946
7471.990434782419 4141.807068756971
1841.328916188222 9910.83427606741
3763.2809934037627 7998.295144615421
2017.1530214678712 6604.618802643265
5299.378106975001 7485.188521924121
6484.336735297179 1957.3133414280019
7587.53026619564 8359.80576489292
3115.66949360404 5336.154729073292
5485.146341010758 7037.021378523158
2619.9771145503514 1312.6420375098103
5845.272771009311 5161.416118620423
2696.3732972566013 5119.414838756805
9472.116262758713 5449.99697198184
8259.574451020466 7487.59604924783
2014.6023523201695 7400.764276047498
4146.4927903833395 2093.6641358126894
9256.038472331276 8620.60545835651
3325.6554597231893 8034.3729875774725
2150.529529175239 1246.6939861292847
9304.81966695599 500.1908377880626
911.8699765313664 3218.785163520991
6168.491337431432 5132.180915823328
5478.215225506927 1005.4891025726032
3475.869797262491 5424.205559185455
1755.9163625395724 3795.8203598987284
6111.082931987709 7971.777135074146
9188.473931426652 9138.011683887937
1101.3948816353281 7370.847865740634
5401.650730878099 6540.796406354759
4405.400667981943 1134.2685556596875
7943.359918324112 8648.054358818126
722.0535578559761 5120.610502111874
1467.020495906326 9255.929268744116
8482.69042086858 1659.4900854927541
1099.650912908947 3662.22280117387
362.0573452608822 5809.496103242729
9191.057669704065 9621.077535169397
6880.661635244589 9999.266774456617
3158.0363710154447 6521.65823489458
6969.602375478984 3679.2176606345984
6717.602769021879 6317.753421903416
4730.366569682211 2550.8799453972706
5445.829450172814 2205.912311591838
6045.898642041705 1442.7542010298555
303.95565147455005 82.94185260516952
2185.583760088372 5966.043274418114
9541.009747255883 3409.289720317824
95.61256167281762 710.5780896424618
212.2636441744752 4263.042393151511
677.5210659897568 5930.705698275246
5445.413441527128 2089.968264112757
7031.531524761074 422.8602745362098
2541.465858916536 6938.245583404344
4377.645058721945 5610.990911367072
14.879623018451138 5812.208261300845
2166.2645141894523 4732.973386060398
8757.596681036423 9187.655989544131
6751.4571078106 1460.588169448035
3654.168328976496 9701.968382163554
9923.792759936134 4287.597145297959
7180.269635733939 6565.475678957911
4586.020614843137 6584.904833112431
5784.461228988315 7336.233893001037
3903.6796657436835 7348.74636796482
3183.1488658142316 3358.5587276790707
4374.057888473708 4357.294250591013
2091.2575757847517 6386.376578878931
6430.756284951545 9703.028476407171
7366.223240656543 1695.6512819309567
8437.4258037257 7482.672318632787
9060.478970041513 7335.852242565493
1223.0912092592605 4803.444324130271
3457.6933851014946 78.62770926574059
672.7847904268824 203.83237220700013
3810.5935445185946 6092.5543804040835
5311.060476963291 8089.048260707972
203.2870205955306 8406.036839309978
4302.27111350524 3845.7752435705916
9728.573488387034 3816.1311992246706
8840.32763103356 1927.7737164202501
4000.8128327777135 9059.271139288287
6511.988405590976 8393.361980767724
917.4992737984644 9780.582712394162
3891.547670927433 127.74314019428634
1537.7655011326951 6121.667981459189
7361.128191135283 5297.6055445660395
963.6196626690729 5592.448431870574
5949.60748719885 3462.3695387718944
4189.796649749195 7300.8611375467335
2844.532456764909 9205.913816773653
4030.6845065179364 1584.8975514834008
4155.214511143567 154.56614099886968
8437.86085303496 5624.6893476219975
4491.511508856061 8811.592266820267
8789.358448755844 8708.035342054884
8971.646988102093 7765.374489897078
9061.85123191009 480.97838488454727
383.7295024943621 9517.924644516712
8189.532467758761 1735.7378771019548
8399.47723413225 5432.3235376071425
4368.538319183881 71.50666754757839
4974.969318182489 3112.140716428555
583.3408485814562 2109.3284372045127
6372.081508190347 7902.833398623824
5211.620843678415 9850.469125643305
7595.589692002881 2144.5827827613593
206.70074516279558 1238.4055511114457
9464.748232061942 5307.974622778426
2061.7050175304407 4017.749299446507
2024.4884362654836 9208.386623209935
7527.183783523418 7579.137735303581
550.197668640533 5121.8976119657655
6884.022689868348 9637.314749861836
2011.3813035866624 3814.986895035659
2466.033217022804 3310.337944823054
533.3248653009404 5252.242818552655
9081.700406441607 5451.046130001819
132.21219407440478 2060.7597260977664
6002.139436937687 8927.62512299021
1797.9787494483546 9706.844188797051
7262.393985230394 9958.31388071406
9860.505078129803 6780.1169219452195
8165.7853377721 6575.99398395043
9498.590896623296 782.0405870341418
1086.0990829908967 5831.6141658832985
3237.470428813507 8380.361474957053
2929.9759051829046 5441.0957218061985
9329.46320745898 4217.905205266932
9951.951096165258 238.5770416913291
9023.679740036794 9053.618720131954
3007.1619613091725 5019.551152805817
2904.5313666326347 6265.705980284059
7781.827031780061 3140.6594442359306
8715.120253973699 5561.155433218203
59.17236088347377 4588.601890070556
4380.414139671089 4112.911716808183
5658.561723186865 8138.834127046665
306.44056822740515 8285.399204127993
8328.167180616643 9695.416214454215
4455.559047758694 3611.052244931906
6576.589908681532 2936.5900386251087
2184.2024498970104 6744.969263740114
2196.423438519244 8986.35993488269
378.30304457557753 751.7494710129236
9062.829006547498 8990.55325989062
2032.95019763011 4268.035194854403
682.7668542268161 7196.547039122366
3096.652849355619 5836.22891688408
8925.612986972652 2419.0428740721372
8136.908184941539 7019.309713512915
4383.460218416602 2619.9791617262135
5182.6048267908545 1783.6259988468196
889.4892686585109 738.8737946535284
2960.1229177727296 5075.9954532240845
2865.364341074472 9880.589489670292
5663.810781605224 523.3973118559487
4373.695373564866 2500.7205513839335
1387.8583769268494 5747.9905226945675
3019.1801350429614 1324.5030381559652
395.40605665150383 3917.152138939698
172.12078560348453 9393.35040917617
8512.060009778721 1837.6734401572303
1380.5872830685062 2853.823627178308
9104.812486336223 8155.215717861672
7292.5751425665985 2887.043917723959
4343.696812446934 34.5716933593776
5927.090801493623 2522.26358915533
2742.324920128385 3073.234642191315
1713.166046435365 9986.510298085539
5334.7982824374685 7140.233708735794
5358.387894074036 2712.9248245849726
7270.2979657761525 334.1406226552568
1313.6076958598442 5163.614199442527
5092.994267335908 4318.611980603581
6368.067675665243 9218.547608553532
2523.7441256788684 6920.7818683490395
3739.266084647308 8040.222945915125
9171.372179877613 2067.271257944707
1914.4562337643133 3044.536137591478
7275.154686126377 2884.5368980713183
6455.756680138159 8891.48954004383
1316.4657889547937 1104.73482952543
5998.421172273317 3255.075953101634
4136.356991544626 4795.22175499357
751.9072543462424 6539.88210744066
1057.1852140124781 6869.281389308258
2955.944454685706 1682.6539444892353
430.2205810465576 8837.603274258998
3948.8964918306256 5710.273037563298
5017.501065793622 7824.50425630687
1773.2795537072031 2821.2946526084957
3665.024403817001 9999.832580473354
6573.381717727853 3416.4005167719592
6835.698097832389 266.94520732222895
8432.504630238926 4723.8249922655195
2744.2975161247573 6299.108409943316
3752.4291266265864 6449.0138459771715
3073.0061707552804 4831.1164103439
1795.2817137640275 9223.479251747052
8544.945998031206 9489.885701223822
2588.0579930684953 4536.017101683473
4994.42635248069 2387.2238346418408
1032.6388969778277 2300.1576057019824
9996.47826907124 6199.940017405519
9769.211275781818 6244.920521080451
8604.558838789506 9526.900782455315
5108.583803069152 7911.651265943791
4294.142658562934 5939.601232046918
6178.966555123051 7197.916479666089
7821.251038897974 6332.268569088698
7325.3625817780285 1110.1438557163779
2378.786206072081 4929.4680107579225
7754.796214060327 2669.8868343506433
8169.874671173798 1623.6353060007768
438.17857859615896 8764.306676845621
3316.252198472528 7191.91674385674
4359.6959430745355 9139.660959217636
881.0432845867633 3381.141990587719
347.1786002417876 8707.294549592658
3709.125195610995 6851.717281670682
921.9857854459678 1864.8299802914648
9774.588215248974 4535.674680355941
8874.525763652773 630.958628032543
773.6368041863861 8091.066669211303
7601.603175831586 8050.435716924331
5812.599103723765 6824.35024155147
8634.364988984335 4546.587713651684
214.54594374128112 1704.3553924627242
8240.696882466455 7681.841996820414
6704.344970801647 7905.889309041471
5503.497218128861 5132.490074145125
2530.80425667238 9697.976364438135
8856.334823889329 6592.104989664789
1445.888757450643 9431.191025566075
6700.575497295803 2788.7284076941855
3884.8213747331006 1880.4916847839527
433.13951340332335 8834.152089020194
2177.205440680732 6264.418503290392
4981.631927117482 4719.321077292613
168.14002338283228 888.4671775692154
2773.6619415032783 7928.082932721101
8239.617897628475 9549.911140396804
1959.7521205917058 1862.2212868262754
5396.335750961843 4593.288921475824
8664.307872998164 9053.90440110816
9816.363088293096 8820.234300269309
6056.705650786394 9987.38754699198
8065.9526796566715 7334.274384730414
114.62714554273501 6760.014300919588
1039.100270538511 840.6782391791056
3094.3497991693534 5783.256730231393
1606.28730852018 3923.38798315093
927.7824049983552 5257.744009560619
4943.173892298406 5385.52073883088
33.612329773573535 1251.9329882598652
7558.833032109784 2866.8783675144473
2360.003617506268 872.2708387598943
5154.444439220765 641.3642120918984
4868.8743998573145 2233.407035115783
2617.200906780932 7749.1445019044995
1126.8472523848516 8720.219407536426
1690.4987651018444 3432.8616637575838
8185.55717160095 9379.112289281908
3160.322697182618 8224.14731770382
1514.067742332804 8184.256301480869
759.05236378215 1966.1414551117862
4388.73271395922 2395.138561786205
3411.756130834551 4559.6776556752375
5850.9170603117645 4254.9957436528475
936.3580155808482 1285.245030618022
3110.5643238327784 875.4080702001288
5857.89846783856 2179.7924379192423
103.68262729353317 4310.527930172842
608.4299141798843 4136.8915043076
3804.3951420441444 7545.132900819889
5057.925854912268 5150.732985900648
3847.2779746350816 2403.880379735586
4057.899271656171 2438.8767821958013
9033.293844066438 2234.859965547391
8478.26717850084 55.63660676896731
6372.696449772305 5628.727898931203
6079.311029113765 7047.426408204252
4460.870395031339 7405.422948285426
484.42757647483404 4203.35588570558
3188.1418674550855 9633.6609910604
7505.676553027294 6018.808394310321
6052.17504480721 8544.106318788277
8122.973079884762 4616.694794865556
9671.650195010718 2855.3273417544547
6529.092913324056 4060.5224656869045
7492.493478167998 5252.340685264943
9826.48819151917 6745.378813362027
1133.0102878995763 1540.7568796385694
3198.242505728932 8367.37697344238
3331.848986163877 1345.2376184141647
674.3195863703567 4349.066902262279
1042.8014148346076 129.18452380870414
6975.585328033079 8537.765807904803
5863.025840312972 4783.277183218185
341.9200504344966 4495.720666398274
1686.354620153009 4063.682382959127
9737.054618072523 765.4579806704143
6240.925406277339 756.4632402143845
2371.601149084568 4120.643240826609
4000.4572273336134 4602.913804297301
9097.071664850473 9002.212282866356
2851.067763032248 3741.2549096943203
5897.510902111181 7091.498241851565
5850.605221668385 7703.322452693634
9441.690277072066 8286.529762353475
2435.051332767446 6850.590676159637
3457.6483094309883 3224.62348111465
506.62244345246796 1542.067998638834
552.6818776479759 7933.8569488597095
1980.7832130235881 9297.314048025017
1025.7248205758785 3197.9509002513973
9574.455576532167 9751.021520950626
6205.378339452334 4783.550856136468
1885.2924927851388 5291.316877368601
8895.687348677462 5805.845859996849
7141.958126628249 9932.132873354789
7623.078986037225 9197.919658703915
3397.9381264458298 190.70947823749185
4551.71657284453 6501.177315746345
4396.477366162898 9524.483493411328
9170.840735234344 9008.650742829863
5851.827000129234 2227.3323817100168
1156.5084986312713 8669.93164092399
6472.054087246488 3593.3345932307348
6171.4574368170715 9105.939805790746
1691.2499644844593 626.9211759023974
7790.658310406159 1583.6842378686101
5784.0496610931605 1611.4863711195326
7226.4471586361215 6865.631287449077
9802.952437014972 3444.2374064763494
75.95068552316175 1475.2393879096426
8609.01315124773 2803.2587051407145
5924.853844931034 6109.685521829388
159.05040279861836 933.4769113294084
2315.3789568664906 4682.749574616278
4167.59873206204 2121.40680705986
9322.682175736512 4795.282222174804
5279.4038718026995 2774.271023716158
4782.695878060215 4307.633598083228
7968.348320471652 1427.2831172264532
3075.771529545198 4127.875016614011
6521.260782320503 9973.58806867441
2294.31562119912 4331.595251999119
3670.1510881212516 2944.559589413401
5608.926462535579 9293.508659577506
5703.985122366712 4763.853492730942
2696.3769884553312 7638.065830168533
221.19185616328306 4556.822018693326
6204.1150454504805 4505.710432343259
5076.6789057968435 4317.596424289895
6399.77785616812 6883.37499094856
3532.20071033043 9019.347804659807
4390.546585476127 7562.270710611905
1136.5134886216233 6598.938694998436
595.9989539042454 9662.967062288997
4441.817850263199 1655.3830499030742
519.4404467362934 1607.2229458929476
305.5799367873002 9172.235088068246
4286.523942358209 1917.9732017956885
7231.885489152594 3607.226586252249
9906.301892594052 4293.336026945296
6974.075048479877 4288.181812422971
2758.671582899802 6027.4531417449125
5450.476421836597 212.43794628069134
5423.514502707283 7040.432918838093
6917.62909143977 6067.701149086273
2640.650911446022 2531.617156985706
4300.478602496823 6575.478884243339
5926.060990211113 9584.845342125549
1596.5946150596988 8103.91830010517
1168.6539428660492 6931.343550279954
1351.5402091934714 4905.10285623937
393.1896460714712 7515.3204013584655
1345.1054524903593 2302.540994126516
5798.794955951211 5509.30102641847
9833.192673739786 687.8034793794042
168.83175397782168 2990.688701908749
7957.71640633578 2280.9548241832435
2796.7133438502033 6617.991473180261
1266.9642752869881 7267.634964140241
4183.589661510817 1334.6084487192954
9681.441152318972 7146.3474795114425
5937.647217356379 6380.02259497904
6695.293654988071 902.7169552966818
4541.103011621347 8702.69633255424
4120.997289877857 3973.1734313445854
8949.795714522821 245.92643880481657
8265.058606826198 868.7377441888988
2351.607679256105 8517.359920879371
7065.070784159877 9800.271265930496
7833.778619602338 4354.832587752374
5423.5310665980605 1679.7656800116945
6195.499909055131 6865.64094333739
7741.414614333911 6467.948279455404
1691.0075940036106 3143.311242180604
2484.571642481156 6996.682370355096
8099.717740264875 9555.385902581365
3508.5935001588855 4115.342367452323
3193.78052798704 2147.697273474468
6822.876769843705 7293.5524905715965
4409.751544239968 6025.052431855562
9492.184231815485 1658.3747057909914
2329.9124962276896 7445.208607808437
9454.08788491849 5852.238502287295
1440.098368380469 7802.467159534747
1173.249211887416 5068.606310564687
9554.715645532717 5679.171440493478
2258.5797978186083 155.575324149656
8285.969751209406 1707.8455136679383
436.8914678998981 6773.310260337576
6983.138741125862 1113.6627325800118
8606.736690940998 8249.4189920762
1679.0679259547637 496.3873640925154
8088.705242528985 1997.0715504808445
8754.882350570906 8662.886439106616
6643.531060590539 2143.877125033643
270.24193998593347 6135.759605716932
8346.93556079001 365.2291197760971
4205.2988271247195 4340.591461975305
6990.215294469307 2824.038139338282
8221.834509649418 3413.779655043744
3318.156783499373 3589.469709334265
9974.891357958271 7074.848447395431
9120.942171439283 3940.5100822451377
492.5361297427999 4071.6111870486206
7964.28585599802 2555.8884665375635
9690.22369772784 8333.492899336368
3172.1222625694954 3750.080439881224
4697.555245515036 4157.785264923184
8568.73959087854 9635.828114721087
2349.0547784289893 8505.551505413629
6442.335637463054 7376.811441074962
6926.917802682413 9798.358711337982
209.55057611713457 4539.807503482275
3042.5075063355257 1483.9623503982202
6340.605035311157 3963.882286642886
1404.7108693068888 9078.524289343763
1247.254698136896 4534.8556071657695
2147.08809762441 1394.9004748500538
4040.8487242333936 5786.491112052145
6372.07984523006 230.98074177122507
5335.358538210146 2345.5590296970763
1619.365487006279 7919.023700896163
5600.319388787563 8896.127889502512
1076.792388287563 8826.380460997116
3961.206560766203 7559.13990287641
9526.124106224437 9149.94891605583
9799.848386795418 7366.533536038012
1252.1847569790357 9161.164402558734
5025.052403204623 9854.87320488163
6442.8042606078025 3435.2724705346905
4463.7008958037 5711.655167133197
2968.297812859767 7538.095979514435
5465.152770169991 4878.157927400033
9853.039302721334 4145.447784616328
5516.86032175139 6545.910601695755
7238.019648927873 7634.809287979282
8436.695021916612 6079.554172875959
5182.105395921332 3815.830915847024
5537.550097865735 3057.076006738233
261.044694976349 655.6810910534127
8052.367050447014 8339.098449625611
4597.093588399786 6607.207853194394
1062.8089366780137 8362.107328968998
6688.463360457371 5462.341837066492
7192.389101220289 1696.209320811839
7206.619767007754 530.1161505207574
404.92907879191023 6316.208581991265
5790.793034403699 6378.13521386162
6391.813377399363 6005.497537675446
6792.881391878072 3378.272952918414
6236.571440627069 845.4606910984286
2912.266067576481 8861.842483617527
4312.907880683565 9838.790503335778
5708.876804654801 8816.421357695415
9702.37100456682 3373.3213566513023
1094.181756588186 5745.980280368584
2810.434870549748 9453.686464155877
6073.5965328903485 1567.9082811461353
5314.842553936537 411.31015956612725
250.14190397769752 9234.986401087896
2097.638980338025 6148.94820047909
1898.0033519931383 3147.307784551927
8392.401958886778 5884.190636497685
3775.97630343404 6358.6068173471895
4020.7532113369903 2827.051241203473
8274.608068595206 2083.398485692052
9297.313339125069 5259.961238566349
4977.173924349669 8075.794638622675
3949.84104705416 3084.197342576309
6263.458010239966 5077.811617013368
1231.375893960176 1054.969955951498
8196.631136788774 4724.433732719896
4293.781046181334 8648.106244018287
4607.349730113717 8044.659921360872
847.1619922014428 1784.4613184504576
2025.530590383191 3012.200789124836
5147.212230946434 3483.897856970056
1909.0758336695678 8476.460444644727
3432.6206849060436 8928.87271499373
4480.161566700701 2243.8778602020493
77.24759793699243 5388.379017157729
5403.522278744719 3081.6647691071084
6926.856668894815 8986.188071663477
2527.4962381621767 9980.426707355457
7557.771907418476 8393.044497578463
4957.425981513994 7139.105648745208
1524.8989385353295 180.6660547234107
842.3315354652916 9825.138998729346
1059.1356230867755 1796.1079772246358
3429.6064721773446 4514.678582442697
4129.271612404457 5898.2503166664055
7178.813366271211 6532.173611059418
3301.0545272613244 4143.87184328386
7024.482848334524 9785.564231627957
9406.178713637491 9418.978430247354
4239.150726443616 6132.79530576884
2676.5323223820105 2981.7526394204574
1771.6905895085256 6417.308802401069
1704.115167058665 7016.700828303694
422.3366701139009 1274.6241692739734
2354.6153712873006 3695.2705163349888
4764.608363183915 7439.074184906533
4592.718399603344 8996.419465291154
4335.685840530271 4469.2125462863705
5069.791597224547 3261.3171875274647
1290.6093113157979 7562.3668487608675
7279.670497446726 739.5638513306712
452.00157915684434 4443.257440465363
9105.850072144658 7230.016036373081
1485.8477672394522 8188.563471293936
9663.464337773867 8327.511566990814
5795.185667741778 3288.76473867882
3482.008620366329 757.4841835703061
2647.395370395734 9250.542073895771
279.8484914832666 5813.67128213067
37.102901256649275 4607.475989941223
2849.1258916562447 7009.810831622422
5835.537454296442 4333.730608257417
3899.7591738581814 3714.4347164753276
3888.514365989969 5344.86850735118
5103.808285548443 8758.563707069126
7899.043749650585 8021.889590907206
8036.554710050178 789.31549074306
3166.887820900961 6509.046304125867
7228.225126211229 1488.1373955886324
2556.2250976396017 6912.9364810000625
120.36459220521212 3680.5839136995587
8423.902707300975 469.8285342352115
7363.444481341615 8835.253230018501
6664.588352617313 8250.128474267036
9597.365838361895 1482.711556139028
2515.460047613822 5033.351384111355
3624.1017577969346 3680.9260910375842
311.903031867814 2613.911333576854
1711.795824225817 4811.938158940325
997.0075312192129 6987.496567941327
2662.2135419494252 715.2096432024634
1861.4910721332235 9619.753834743138
2228.521674024375 1446.2733105876557
2726.9977222286 313.455145955327
3487.9503820953637 8795.032162331076
1584.5531760386932 8067.272095267809
4853.968154482805 3106.2435786589026
561.2855893782887 6758.743170979772
4555.178671224562 3915.435445502422
12.34362966721858 4485.9622470672075
5613.22780891034 446.7020755251905
4521.2827713484685 8966.979745312676
4619.587190126938 6114.5296302172965
9641.005658801367 6522.8527989230515
941.1563930243094 5830.006895933867
2318.6794715588044 8859.740342406021
377.20779858973816 6132.4763394831125
1121.8813657528103 117.38658153707004
8745.27191057724 5950.887120352055
4619.5438706628365 6465.796496953332
6391.144419051804 144.81335189679868
7570.107941767779 1908.848314797189
4198.267686489568 8883.303343283551
4930.617028843402 6893.058368651607
5314.3237492761655 3390.4310528204805
3124.3106951564214 821.6473176050943
4517.951293547941 2619.619557791116
6490.609962381668 5638.527036404874
8916.076409483541 6014.516473427118
4390.20943301156 5273.769537227896
9492.42461324904 4672.396112151734
1049.3209411077787 4931.574741872046
2920.366505362173 6946.774354146947
5900.947023031339 4953.712367331435
7008.313792110917 4809.117813162069
6917.379169665092 6305.859566597358
1163.477492832702 4135.239325658368
3226.9552577008976 8611.21114174574
5339.863852491106 5490.168605655235
6169.433867771479 7095.194475259562
7078.9689732222805 1955.9922947386056
9868.16766691145 1807.073380823364
6456.711264087663 7080.3659341706325
3383.5967750547834 1048.6750486097717
3017.7156574878672 9119.091030298478
6561.395518858978 1067.4327321791689
7108.143945250207 7404.368078983109
799.9526998033957 5760.385019070328
410.8436496835277 2891.0301975849593
4135.675388702246 3387.731604620726
6941.66490600349 7716.2648157183785
7280.949042935463 2108.9881793954646
6283.373574678197 7954.042698521007
3548.4047583397305 2531.751366097845
5413.668331358358 9653.664914278384
956.4788420218762 3402.521381523609
4126.383837673535 722.5522762541469
9235.074697337443 6070.996496777187
1750.0440932952176 246.59537115769515
7936.467447102687 4423.699207678872
9635.507489336065 2437.09482981872
4405.415268803381 9609.747917285982
4714.519862523871 4551.519855904326
1973.7780436843655 3071.0449563457287
4323.575015517755 6856.015044221998
9418.762039688309 7141.098961282402
1442.5564358758093 7980.794171532538
2460.2457621285103 9791.15859968028
2515.2142156992254 865.2564524113582
6871.462543058285 8979.284071495964
7098.606866043162 2897.86762525129
638.6544712323283 2497.4352373949814
9731.220904740081 8826.552353996562
9529.12667597606 1213.6146569709783
9614.551507747505 6548.5429684152905
6413.469645996005 7170.545970278947
2970.513315704073 3984.335632678543
9736.542935274834 3129.3336062667963
6267.123664872024 9898.61088011391
643.136713511483 6835.993600803618
5897.480585582318 2751.672885601972
1438.0645493672828 1540.7013297258875
1352.136089995124 9448.167406473938
296.76012961294293 4114.057989702345
4442.540958397113 195.54411033266382
8441.284204623693 3481.6254961157556
6713.321903271885 6592.928169423079
6357.975793973143 5037.438484084662
823.7188209108715 7541.77090398551
5056.806118327891 1199.1478582964144
9383.602640793031 1602.8528978908018
6858.826766373698 4331.912343793124
6497.0562799285035 5019.914196686568
7746.929015844185 5895.099215632281
3096.5951367226753 1788.3922325482527
9926.457350525048 4855.315165953207
7043.668619935212 5868.448422702719
8916.054351939481 9161.236280329287
2926.17032187355 5924.66849441872
4225.436178716441 6390.1620109066835
4501.259722587038 9820.526967440615
6475.628938051203 3553.1726130031307
4811.876164561615 9503.903486047459
6678.523587189124 1485.2163470660885
5147.905818220662 6890.65078553734
5316.437135009059 6248.415532014316
4228.037612881325 7886.40658018426
9848.691158798218 8541.323059189072
3245.924768486873 4782.553910657424
9321.053635646449 2233.8227264978505
754.3459877608838 6920.4337059760055
3865.2108835248523 4836.815990371539
3753.637834663903 5738.614846492177
5049.270879222444 5967.78921102452
7805.7489723052295 3101.2327973025544
276.6230800027547 4687.813952578394
9512.842397353752 1151.1116573953261
729.3110045030493 2962.47932039711
9279.456254489274 7839.583854561618
7713.397324871183 438.7156015049443
919.8025076118654 4755.628332540614
6687.637799032994 5231.4141590010695
7376.871298156891 2910.1503021230656
1743.09724675195 6478.208675209757
8587.575809719128 7726.927783343728
5850.179520022246 7047.729575742004
8358.262883777876 6649.952698484723
3800.8641022146994 8976.102874724902
2007.4817039897641 1497.60314585357
5447.774393593999 9958.41291832113
5487.98681941255 2977.275148356634
6578.029021952667 6536.301662566964
9717.531003457625 6619.819693117167
3558.6542126724785 8499.836543607515
928.0745180742778 7801.320465594822
5751.668770027301 9461.222927907014
8985.625156584147 8490.460444833554
6620.773891449619 559.8965613756612
837.9950421434789 9892.924361705725
437.9148298981839 7822.984315863559
5515.337168697571 3259.9868107254715
6546.804706388938 8832.06994528983
438.41021674982494 5786.641803115906
7251.831628672073 1036.6617540663535
6182.089968404758 9745.328770554486
8574.59945423467 2306.703927327538
8296.728295189108 784.5176745733629
5356.673638781726 4130.936452414457
307.54084991229666 5667.11421357487
3485.944649281324 9244.84909589009
1592.2733195998994 631.8543703344026
2385.3344118134955 8411.442708972498
7479.988557062069 9031.553653985378
326.411343132933 5579.948996205446
6618.880949878675 935.2898661127007
3616.801977560131 6712.127253074385
2428.611863535466 7977.28882758715
8259.11603842271 5192.698174811986
1282.7341042624407 3893.4971798109973
9290.43045926813 5929.935066281646
9959.353309304906 4907.5208646662595
8685.206632483661 1004.3828823387357
8853.249110051736 4410.817805436552
7440.841667603791 2038.1312946785135
5460.26268473395 3227.7290030007234
1263.883595842099 8334.01451372548
4724.827868571406 164.14397702854245
2136.269281022193 5273.575161726445
8984.109824585345 7509.291885226001
9964.770054925993 4464.569478557722
447.28472118526264 2693.357951155957
9503.158555499314 5693.2551226311525
3416.079738716329 399.32560820845066
7785.442846505184 863.6492314443467
1782.7643400258908 9085.646666587065
6419.831861631566 1795.4002008693503
9734.36567669084 2097.050345143364
1266.9379897380084 7003.870504328501
46.96029883121011 6323.997510997417
9262.03604680103 7400.478163438617
4871.466969106063 716.9960572425438
8440.040780696218 7228.3001412117865
8492.448933915495 2870.1934788116346
2583.1797597422315 4487.394506902099
184.01044661260912 4359.363958605433
6335.17596689947 4606.2462908157995
7991.9485231955005 4552.617398853676
112.07874686555708 2180.204177390146
1038.9023539315644 8207.851494423958
6688.708728271959 8224.717898969555
8779.318467805197 4329.177778953776
2951.015395027975 4580.647984973864
523.6276972025634 2475.2566765511965
978.4678242330968 2860.866863949997
7506.11126093459 7995.669447959622
2356.930604611974 2641.8269021713604
2788.506400657711 9517.17423044984
8421.307519293503 2480.7229339190117
1371.4864895023004 409.88102075930954
6988.55642827176 7778.327324588754
4028.7206032523036 934.093213568653
3065.516145095343 1509.5360822131631
3583.3040491399015 9301.76288830432
7002.304504469566 7408.107428718692
1613.9243338923293 7982.211315877711
8610.885750599866 319.0369611702093
6908.204551499012 6239.966342629715
9879.721328864349 5121.46016359005
4373.249374349038 1113.277812290615
2089.2574783895648 3876.929201673143
