2171
5489.026698335808 662.9089065172989
3523.0085168123283 7715.946073239251
2778.6229976625045 1774.4899294281436
1602.0416045149232 6112.599111008754
2420.276850954034 8125.692384905179
4405.444585597354 6289.662080506369
2928.6895116109213 3757.7589886020914
8363.655364797347 5685.028154999797
3501.54235959916 8615.994394594996
9211.988798148172 2184.3254244890054
6215.7151350773665 845.930623396286
5646.764116718827 7073.194342493045
8226.221664461875 6332.887015599331
6628.710702205739 7990.073560459623
5312.164166672444 8042.604198630953
8546.11808180976 8094.394330768653
9490.954765675488 7300.7065383486515
9358.394127954843 8026.4184061500055
6361.515279633756 2791.3291299002285
4311.404076502522 6658.78073293814
2339.1086892524436 760.3210463889998
1849.1602104823678 5126.123827534426
8008.917843393717 1676.0159952132626
8942.141140804546 6168.044927473281
1452.4336229626688 4430.638173962968
2210.715516995263 7431.8974688489825
4590.173819619118 9057.992570052003
4942.856329929248 3055.823472762409
6336.1999130558315 2898.1626938655636
388.53071064199884 2588.7162028009257
8674.358869518059 3157.5190792236817
8558.848950575639 102.64339796091426
5643.127640098643 892.4210788001119
7166.271015264947 9214.591401152826
655.3894919286051 7587.571482709329
7312.859756438979 1658.212141912373
4581.425148811172 5705.0597858993315
1066.7820502823233 8032.59024689734
5587.858546164109 8847.711335717235
1162.9559923465006 9403.871658238013
1852.2443013655854 5510.435674235427
2721.950586393631 7546.923386026781
9962.441285263767 2785.847091335002
3101.9438097115735 9788.024768050953
5061.868307490647 2845.5055285017806
8781.748336161365 1645.914022526146
3616.1913478969177 5535.7073976458605
7518.621699415169 6767.348584527143
6053.943551629866 5006.83257714942
9932.773189262336 9014.658084041537
4473.036359656051 6937.831630231899
7141.188923499559 5986.605251457796
107.06687465411035 5622.516605631817
96.6002532922916 6740.189593277186
6309.786557016765 6951.895306203487
1883.1167058244669 9029.864894521075
5443.043232149406 4156.867117663125
6378.255545295272 2991.963480276216
2242.9677983331776 8068.180761578122
5411.800409901545 8875.951995973292
1991.1234731472439 2605.624431509893
1835.1220871981877 6160.4690020628495
9131.793790757307 9226.005150212543
7760.3014326328375 190.9273347825291
853.5369378006874 1139.5473446574545
5636.59549715298 336.7838441328419
592.5861407361621 9246.919200849386
4802.49234830338 590.4194596198287
8417.630182495497 6954.177245760052
7684.798606449418 9515.885274019522
8819.960260724674 290.49005708093546
7911.9181293728825 1504.616719143711
1559.9246682544676 3083.5912722456305
7266.666308042262 5406.526558777036
7910.082983053397 4340.4776879834935
9624.685860829579 9778.732848417707
2887.4058385112335 6435.957000187545
7807.717691442222 6230.494495067563
3881.321031176218 8229.2209509398
3626.694955087312 3641.759147553435
7461.35634760597 6808.701339319916
2297.8231682415562 6394.059318432118
9087.587018800843 5208.043166932016
9885.51991165991 9176.314388773766
4949.0448975037525 1141.1069393727646
6459.2822274134505 9414.429487670468
1219.7008605286107 3571.491874212378
8247.261577401656 5922.407797668567
3648.5863498144267 9762.147364993345
9227.523324452102 8984.022834427184
9590.073190000596 5343.22209909344
6318.673065589196 2747.922594053076
5332.279429714148 3891.3730788310895
2614.7369986384915 5555.368734577704
3896.029488740421 531.339672410116
9954.879642395003 7618.639088985932
2353.742680736457 6150.663736883533
5526.75811834134 8329.453015028903
3157.083086312653 4961.014153912889
7172.9994095799675 7400.603854781387
964.153273399484 8344.655780942585
8603.506038958216 5030.315260638983
5021.4697000169335 2192.1746893947234
8811.982676344922 6327.660611811468
7282.907165968792 3267.6591186049955
9653.297604830823 4348.717610946014
8137.259497846337 2530.1015665607006
1758.976178616418 4266.956426984199
4868.009020118568 9794.877314610188
1751.344536454279 8437.688825451258
2783.355553133998 4636.725378832623
3062.53145431688 8415.231044584023
5331.507911099039 3015.7387509758205
8572.748122657624 5342.764718803337
7455.692215924926 7750.447680684687
5752.963905423487 4558.707489214664
5945.287160667064 3667.159065652913
4030.302237534732 3749.7309052978003
1603.9468143511815 5022.293479080518
9690.1795456859 6529.393177140925
682.5257479980406 3624.5380803399617
5787.420805552537 4932.683962149127
7214.0764974138165 976.2104131831917
3259.279019545275 4990.602597718082
3640.1382112258075 6708.312495753364
4716.497828889299 9285.222240861924
4431.992365851055 8601.32444536786
4234.25298539819 9184.519667396255
6287.511761427368 6563.870321708374
4873.015131854354 7317.579530431958
8923.68456514124 4083.9672882376353
630.0797153466686 7774.606124122681
2486.84685114684 5872.642732372495
1055.7092892033259 7502.51228016312
1167.1089226981258 9687.286955294314
4863.541016234691 7415.671158902813
7730.418354653574 3652.185945062234
3523.1122226480147 5852.756342545781
371.14962287089435 7786.252711156819
7043.063077281395 184.41617742956274
1540.0682958945888 9903.063374021298
1936.7735796136553 4612.861187267834
8216.969619393562 1565.8685656938064
5707.901105826225 3503.265343687475
4474.2415443892105 9360.344010312434
3101.4828803156292 9948.218962414167
117.06096921617836 390.4081525852365
6836.975474083289 8690.292147656644
3687.878618775734 8607.52541661583
9572.800068748998 1014.095832385239
4187.307606926341 351.4808898483901
4447.674587635712 6768.061664225681
3490.4772417754116 3310.6978096069383
8702.2071637507 5287.4827450730845
627.3738612805213 3002.7450195579795
8604.935551328494 2664.1919654101953
9847.635668696474 4830.758140247247
4190.196574767706 7544.575367505402
6704.730264478255 7789.078541882905
9160.915831633914 1436.4553215615883
271.38906071448423 7971.490719166701
4717.605425729764 2366.696393688329
5037.630030204478 6178.019542849982
6045.56900280475 2655.2251123542214
3044.6536386852595 4121.321881860987
6725.508545933565 2557.4725715617765
5372.347378544056 8001.290879764925
9428.434423128068 1576.0860284976918
2225.088771139563 6546.566209457821
913.9849102607656 8354.07913125728
2549.991754346023 3014.2202021602407
5571.957281356147 8235.41668871195
7373.690167593887 7093.973513409029
4530.068175980002 4815.364781136109
5858.2097876938415 3180.8661743809976
6696.648189075014 8101.758304104278
9453.429024692306 6060.389853031605
4015.1946828449736 7269.668389175656
7463.087329425665 3692.668210671658
5678.396747430425 415.7835063748616
6843.245304424708 9487.345594050643
5082.459638244544 7205.140143652828
116.56348486669965 3228.426491055584
8898.2504246401 2851.6738310893443
7912.710513477027 638.3832555266911
9793.997163796932 3485.3815144421264
6834.67099037444 6463.429643376198
3064.971906113372 3632.723474218005
9102.673452871037 4916.9362906752485
2708.79365854523 6273.213605127454
7741.9134402485415 4335.5385734249885
4330.688265263826 4733.977291639293
9957.197824944165 9982.57192149003
671.2488885476275 3545.388589774386
1777.0928890422256 76.04151884532561
519.9408700051167 2304.7177540809207
9052.107774530126 5323.412674450555
3310.796567699561 2581.057028311603
3455.9010935418423 1513.093204579824
9792.454811939417 2943.614415131711
7265.451517989534 8042.544000278651
3822.896082866335 1306.799421374698
7385.583523608904 2655.547587614805
1559.9328244209275 6959.344420815494
7335.196827271284 4116.227169878589
2101.710927959567 6881.042025624249
5726.994696063425 65.00042155082485
7977.192700021357 2249.5020142028043
1149.4703852990451 6881.7226687570555
4794.781253205031 1400.6610435604305
6299.34971397199 2023.8506072121975
6827.95801645716 4930.604743987814
8714.653960299765 7012.544548656397
9350.008850950086 7112.594389282171
1522.9918321180346 1007.1957402606213
9125.611421244867 5352.01142477981
5246.64799975823 738.9501391334608
1625.2625057989178 6013.269391044091
895.4830916861622 2466.3732807174165
7249.2312364978025 626.5633578327556
5330.619242399047 5571.483864183952
9130.918379639263 1218.6609381934443
2196.3337471186605 5431.958210505333
1935.2147481718084 7310.762891386782
5594.539745130476 5285.385005568437
4475.647010133364 9987.792531159621
9115.681625995343 2944.033595803427
8944.806631493297 367.2991157116001
9841.833699834033 8423.671079888365
6085.760922684538 782.4904952475109
5502.233643122007 2817.542312622755
8727.843699986899 7042.735144554699
3088.443534753613 7076.711811968852
5768.433763899885 9246.207318680132
8925.78306837026 1750.5338937048043
4903.025712656722 6793.169534799165
3449.6260874326413 5196.104403021117
5189.103093915359 484.72430113606026
8749.615141982978 8283.12183320196
9875.02990874358 890.6838373423765
3321.793696714227 8200.662766461313
5833.372290457876 7531.5465675006135
6408.111433138557 2614.958825236794
8408.776545920638 7843.387713413318
3804.71211833995 8132.333739538664
9523.719604191385 8380.802793744671
8084.867100110091 3789.046241374997
2481.1621427743726 3261.876068031373
8809.365715819693 1119.8524221089722
9061.331680866679 6470.462178109494
2486.6350985971553 7249.688973893191
3230.5685209970993 5304.910454388198
7796.806524973923 6407.949874223843
1063.3692172929066 1998.6816750636415
8908.405908630897 8282.408895138407
8324.465614736719 9337.13510303621
8593.294589082778 8709.924206284604
5565.9822901679245 3956.096248727775
3284.9388382868283 9343.626942273402
5565.41547197768 7931.641692310451
4227.0469826072585 8141.388814971907
9463.383099291266 5256.862108495409
2424.055188239612 1787.9296854077643
6055.793254730392 4850.197758721504
231.90508108523744 4493.010214310281
3353.2912055052975 5851.269185318279
9117.007025714203 5000.732400065788
2741.5352706063545 4133.945189648225
1363.2319072321131 5100.047203421891
3859.0653378818197 1202.7325878669503
3321.2340125360483 8444.147572951084
2655.229470027158 7937.386602794396
9171.35559285399 8066.5038948345855
5998.8288783784565 6011.976838343774
7110.819577143084 4623.875406813064
3678.8582181272277 9238.471344650283
4377.868029888357 5101.710654578418
2671.9076433362397 5571.224489803932
3589.9604398841734 3484.9277120668908
9146.50706196493 8057.590344255525
500.0930365466172 727.1428702325844
832.8886346646858 9631.20240322104
2464.761153995748 1243.9960140249584
6107.351760793503 2318.296993428162
7669.034229460521 7111.293609813671
6423.6135372083545 6163.778701763392
7468.666106959374 9166.279361210807
5569.236182419326 6982.561427111089
8086.120578591369 6290.407479963972
2633.41928592569 4903.0397317095685
3336.8420602423043 294.58109899164197
5543.154152962899 7593.376641599443
7064.054247868586 4032.894205022375
8557.937765740604 3047.6253373817253
2524.8234486063493 4638.489125424856
208.9457023816388 6857.522855724736
6097.079517880358 2105.2293099423423
7826.768979354359 8007.128724787228
4366.732101376788 5831.451948292786
1022.5231027498272 5401.307137148908
6905.983875588118 8197.158267971156
9270.336840151764 4575.377060678611
1868.38606554826 4763.562750541117
8084.936918137469 332.0886476518592
7903.141052185006 5264.013507711692
4196.243490111191 6413.404967681172
3830.6067344277617 8197.863410566122
2593.5957494497898 7738.4031768043515
7022.911340901021 4543.958777835746
7345.432566451109 4224.9323683323855
2498.040675325225 2877.982398199708
3695.9510106562598 7761.497094392411
7362.712179624694 9007.973169796616
1098.4748582310367 5507.159956269583
9428.805434497606 8134.917226238723
5565.961388346344 3371.087743746405
4580.067848138846 6500.386093060288
5002.287745215131 3259.6941199390794
4780.272807130531 2500.7757508965733
3023.6470544421436 6478.156010498375
7490.954617601516 4327.776769801667
5187.603424838186 3534.4146715690085
7706.303395417591 2337.286926517762
6518.046719383224 7517.592782786563
5814.7520647148085 9554.05110820709
747.4945628674667 4209.0981753545275
8061.243036794896 2986.8965745320875
9793.893481572479 7133.500790599773
1511.113684463079 1759.5067646147465
6647.2736401988595 9867.606427801536
2105.9948508851858 5454.255568239508
6062.313843218991 1099.9745088559964
2654.067588368987 7521.701116279432
5236.075897979443 169.45713100853354
7411.478455784568 4125.919346163638
995.8730754299338 2110.1641567620977
1288.6630298520652 8375.932284440942
930.4399928266027 1591.5860883153243
4654.789580705549 3536.065485012633
3368.270185100405 4566.438505927744
9215.47197901642 6513.148003988389
5140.1979779693265 4925.113865278866
6503.373488254586 4686.045339259015
6658.999035436474 1004.4599058551784
8148.259625807043 4973.093149951994
1006.9871574598876 3409.9303432243087
6282.521335538476 3925.5811722429535
7443.291017106727 1283.980651342571
3190.1380257503474 1590.509152492683
25.696844891852642 8889.909288767649
1621.5062401390967 9903.420986014457
8887.643379387988 8179.178198241864
1073.511179282969 8452.197377219776
5119.162052231978 5871.564652924505
773.6691487262925 6595.264486475744
171.255845363677 5501.3369364985465
7109.128813622508 1122.760075036109
7236.416618661307 5868.962287823375
1805.7655374013405 2916.770230370891
5153.679098999847 7386.692760315563
7289.557530713243 4396.829860753792
5044.818326573664 6917.699018155289
7351.890715638836 1929.4616375149521
6108.994713419318 9882.24926195589
4492.384280520536 3835.600952150906
9786.359781225545 5640.76148877952
127.28977103039773 5147.337220943876
846.833758983423 8462.382310566622
228.4634309101652 4845.475140369125
9868.473801389528 1749.0770981463
6897.369405157429 9952.004133987724
4040.5495626824895 7609.041171986829
5880.520530741138 3556.634307712231
2259.6514933477197 7359.570705554898
1097.2213485807936 624.1435906981918
6082.856551310318 1088.36255839305
9877.42426092567 6259.351644181639
260.17989293224855 6013.536963216421
6796.97199757144 5999.120925639395
5289.246552104456 4056.5070303433195
9749.441383718398 6655.855837500524
9718.315187280914 8778.145462912562
9208.269525191788 9254.55652357097
1769.4967930075468 627.5321284168689
509.78372629690296 2685.5580782826614
8262.203690927232 7313.884897435166
9427.220352637052 7837.663306980869
3787.5807527140814 3036.1142647136207
3307.76312648273 7181.457719719492
4617.860552922743 6290.7639481384995
3609.0894371959857 4040.1711098162286
9930.295432105613 1027.9303986493017
798.8646432636815 9115.533974749946
7583.522616441703 36.08038870129282
9270.075145153138 9228.643103829052
2904.915377674906 2610.516668210956
8177.051054240106 4690.943885929078
6730.684438990582 796.5678462859827
3911.471750381793 7238.003190274753
3286.1896362452503 9797.408072068694
1314.6119973940317 38.83059819877577
9402.131883015732 8497.736553069626
3661.532040583214 4936.081982071946
4032.99055597513 5478.381961643917
5954.868916658711 9777.559562073398
1077.2847437232224 4383.218348897773
2130.343891485227 466.99634035375357
9094.928601297712 48.609513035671185
4403.048796158394 8192.195861657721
8675.163196433252 3416.9293623093213
2173.029938194502 2181.1746353732265
1929.2464926278808 8929.530710842171
8660.640599310718 2292.0302367262625
8865.286028510256 2830.862493328812
5756.586662707167 3759.840237001527
2248.302740666973 4614.268264155857
1448.5437468770413 8503.971836158731
5956.818343917542 6701.322156698704
9625.672995347586 3541.7639891711606
1817.9594507598529 9370.387120578127
9064.32456180986 7259.616240536163
6436.277674013049 8936.413781477102
6962.660949343825 8560.10242033386
2627.185435709968 7232.816265130786
2518.8914305929666 2233.8031404080093
9724.112531850586 9557.601345237365
7737.263229187042 6297.128197454447
3249.1885439315415 6419.744610810985
5897.900660115753 3492.4771999236905
7220.46510031795 1658.1437251615139
2941.0469792220397 9664.671736278655
1714.387123757457 5804.302228742851
3393.206834515379 6307.660010333818
4210.4321658820845 8921.224857897414
402.14794256396624 3218.081294960119
5715.536691450358 1574.8408853409458
8949.66957652239 9897.352101978411
1699.1330825462603 6080.587223872949
2375.498145596139 1111.5156209071165
3465.32105318327 2716.6255069677923
4972.629102133202 2848.171801680213
7746.9038696784355 7206.483871454559
7603.877578347842 9802.385195113542
1026.722532926957 6447.748974878692
9041.363888755335 4478.547892503671
374.92123642675955 9199.759763242104
3045.1049976638446 1012.7475756670578
4436.482866190291 7242.082541488295
73.84083399207819 3900.274576431251
6611.577648038157 376.8753502073952
2960.6770568658103 2955.4757904253024
7441.966952859269 5572.0771764786
7888.073683904037 1036.2444303189177
4749.912940429499 6528.68635971803
5561.172453439236 333.00922936082776
8171.742593702871 5004.222545847421
2605.3983942807236 6352.170314374051
9386.420692600837 9335.788754346177
9903.72932987063 6116.499653572134
560.1893723668594 8779.983924305932
2840.9821723351192 8560.109166802837
1311.536129838935 4523.245306195509
8236.911054546657 613.1646771879095
8846.447497743755 9515.02024235152
4126.874489825323 2051.5994634342374
6822.124288841216 9637.504159256263
1488.2722686244165 5829.6640958766775
5968.019545022658 8149.504984034822
1512.915697429168 8318.225797508234
3526.2760372722037 3828.321726702294
8089.937867093014 5639.305830253475
9169.33941208001 782.3564895084589
2790.814437102287 8117.424072068979
2210.7249419355203 4518.50379741298
8837.506725429783 4760.9003596686825
8645.618672800183 4522.191555266732
1286.705533437852 3641.3350232035045
6841.2020403109145 8344.275634011934
2977.592765565501 2057.0716812693204
7542.2836754115015 5987.815815203714
9667.503658577769 2446.5261975833464
7266.034282576154 6249.095011211153
3219.31748224194 6159.838677928916
4130.316026118144 8591.062634730662
8706.361545967125 7402.387345834898
1693.3052634851974 5113.720839397742
9865.064213796122 3931.280219848502
9477.809880619385 7234.792883493079
7452.5485690423175 9416.016896504274
8511.885575844432 805.3469264092828
6755.807607902367 4767.095275721624
6438.056076093407 1558.8690325618804
3751.0598757549474 2191.4094640314975
9526.649989348036 28.618365312355067
4226.331174009696 6250.871134748507
8274.467345800978 1366.9137809706488
6557.26973435358 780.7578086688338
9178.190053112983 861.3382384851653
6765.6446593721585 9166.872729025814
7742.658448682353 366.6698612230568
3991.9417400170264 8185.681660449701
6817.336717971527 4357.680412185207
5577.914363927044 2379.163400882287
9949.99001717886 6856.768024892786
3581.9070790696296 6766.195856567492
1604.8061217158615 2101.718868617777
8739.218652459218 584.8730104131595
4812.891669286057 2492.721720585218
3631.725363017404 3715.2293847068686
2106.2779924521524 7094.0879340759275
4145.440959742647 449.4229082197787
7432.276540831197 2764.9549438425147
7171.638260560006 2356.5103893900887
5153.222718985096 7854.583328627039
2946.613664684455 3131.5219549737626
7207.357494069659 5321.680951697548
2427.1302162999687 3523.625977166086
1039.78736295408 8123.5202585617635
3663.0229684942196 3705.7451244689
9008.181107400791 4769.440929161496
6255.408793984168 3778.072846280349
4626.053010857545 7044.656614435343
9678.391803688297 490.50760518142613
2227.1888827339735 5084.116798577659
9494.114239133181 9724.108545228806
4417.979030598925 7212.4978684461075
5305.446960144217 9789.247650635412
6030.118422544075 3265.230015841174
5667.575790782496 178.21782121182238
4194.341340778496 466.7928515682429
8119.189019636843 4052.6290819371357
1626.5603461406108 366.33868177199713
6995.9224745460815 451.0057255366717
4250.982567044492 3817.036035608139
7753.175084867436 3969.577363327432
4880.47870530077 8534.346824297609
4152.3631500114725 5499.328882246543
1832.6836524194446 379.78617115368206
3854.1241772380176 7494.960526644925
5081.011190331288 5190.535572029613
8713.949281623927 1206.4796417624934
2822.9686119331877 2711.613851847752
8390.162665456979 1321.7290890665379
8193.858302319617 7986.132235559029
9751.129469121746 5548.234004275766
9262.15892751844 8420.494486972004
8.019375710912602 2805.3254204543464
5413.579347261312 6665.226942548668
8501.41285746481 3902.577364124621
9763.985920739142 438.45247274387543
634.4832006344114 2848.176928192564
337.10003198153316 467.8506822790152
7572.448897696499 5260.916799224724
2401.074544569424 6838.275503004483
7017.43486946963 2752.0843354075987
578.7513801827082 2206.027460464035
3619.841547256546 8598.598203618207
2129.613860833328 7577.107715426782
2401.7693474318094 546.318004844668
2147.147803274343 2645.6110672320788
4945.0041145862415 1162.5363166581626
7323.522503622542 8049.735174997819
6035.514342690661 4799.235148915817
7404.219946497663 1326.7232569076236
7958.373656107443 2933.771104016301
2488.4252148661344 1834.3760416889365
701.4656358147753 6421.229164559309
9926.712305669444 2455.5998936813116
8953.291651957457 4022.763833942781
6725.749720945057 7513.788700550369
969.6441885482953 1466.825498047134
2090.4590743893636 7000.662234333043
135.8688999857327 4255.245335390435
17.261303124068704 6954.5098286150205
7365.892692028972 443.7350548632169
3697.75156979649 4625.625192007815
1356.140683842204 6706.428216810487
1900.3400838629047 4927.033963214346
4151.923589368416 2136.6779951671224
2468.1079400044214 1592.4535682271855
1485.8327623664259 9441.394712668125
9604.321734540656 2449.74885577112
912.1254293617964 2453.790494587773
9712.760661969052 3266.9769795489333
5888.042522473816 2219.475885292733
5218.208638311895 8739.437803142971
642.4499425548291 1303.4276833910053
7013.169478180451 2359.983779283552
8924.15368207974 7420.431390419554
3960.0645395305332 9151.161973982771
9536.68230059275 3009.1736301319393
2223.877292589587 6536.595238442807
2943.29447319323 6950.243075345977
8118.409175697287 8990.33459274199
6165.413895341082 8270.87240239987
5620.019430876201 1526.7428940321747
7699.651954774026 9384.33631192502
3735.9192923499927 5579.8015634050835
243.02792181249754 8179.492486376933
9509.797005440214 8369.554426681743
6642.955291211107 4106.039725615985
9605.753803451402 3464.737042819693
3678.0082351987 3293.635245057027
7132.230527170049 5924.463301629366
9027.441465580316 1698.0980423786884
650.8129994665123 138.1713024255804
9101.888248046733 3285.503496642327
9160.5029397483 2281.857295311234
9284.61320880121 2345.0470009977676
256.24472280671216 2169.959462752895
3572.148922268312 5164.139030318708
8631.20680293784 1206.071381313082
7605.104625507446 6504.26736230341
8625.509871524404 4122.00583178944
7644.378375190682 583.7435763055277
7619.80711028879 2243.545238837794
8174.966011384422 4603.526590345971
6730.31977840631 5132.554890279185
2509.009232389133 5244.8952511307
1482.6320090177935 5628.952124041335
4011.678648922685 5022.822182252815
7924.759688994331 552.3628354877864
387.9412546206873 5896.473281393002
8985.704621133631 5622.116014631499
9845.21502514854 2118.342001853163
1793.9079799556723 8515.561993096093
5886.3655951165065 2946.1029524567384
9140.728755101203 8408.525183691718
6989.454736739745 8546.346280573534
7307.2639257208375 3828.028357972881
8495.101120278976 9186.93351083487
8068.539695461172 3196.258442572173
6649.2696634425665 8644.79446379921
4847.300732862759 4056.0679262490894
8938.756393326183 7648.561935281243
1710.3327851914974 7642.1345184904185
608.5905378432233 2130.5194055359343
9183.44972109569 5198.233197031866
4565.028424481983 4079.914187760928
2706.9850860474676 1239.897453922514
744.7666297648548 9869.768736805974
7961.833189931031 6823.080365280085
1470.4532028647254 2071.8976788831524
2266.777243731025 2803.250207060405
1314.5338770927028 5979.921051513409
2781.0583318737813 9055.683427057073
3557.917102016046 1327.6358884135964
341.83374885240926 676.5509050384577
456.89953051413437 3020.192786405047
2424.3790768666095 6295.714154060222
1221.244546751815 2088.098949956353
9933.590285156857 6805.981619524931
9858.259910574903 9529.145897553404
318.5472440676862 5049.902594021335
4852.1737899915 1220.9430030674473
3847.6021091484226 8304.002253736115
4025.062101253104 1666.8103473430385
789.6574269776991 5761.690108615421
865.0316423938409 7980.367875059288
4718.005952379784 2639.9054454392212
3109.3202924935426 3219.232323950517
1186.302890182891 1020.8864017221342
434.42176016994074 9945.810887646947
1621.9473788833216 5089.28082817081
5732.304077909087 723.264069944446
9440.352789688166 5036.145157380766
3641.2378554422908 2147.2828489227604
9104.28661055298 9575.203735672965
751.7048752375744 2969.402889234597
9135.66568542717 1753.0695167655797
4222.3144228640795 4885.164547350783
6932.8958705392915 6533.959299477212
9417.599340382745 6640.49483646753
6655.047199231747 1500.7576176798532
2619.028954570527 8252.272863005634
1404.858500752253 3938.116205074548
1862.5166131800463 2344.1172891144492
7475.769841585751 8549.606205923736
7520.163841334012 3866.0095228350533
1523.8852132144143 109.76053506090211
4370.926254059021 7796.448232250705
1183.964425067534 4463.180530377548
8594.34766894182 6818.40586200163
5869.2585509227365 9456.704188213827
6373.457211515977 7415.438616941044
7278.193711731296 4626.962347173724
5607.379860837342 3351.8760965423953
8476.617714211929 4764.478377395566
8611.160432737746 81.09882597966856
6332.527472592204 7836.792961978323
1619.759493630597 2268.48896762885
4550.896243888122 2176.9270677672903
6415.127915981808 9320.711510079896
3589.42252841388 1329.8196339824376
459.72305608283693 580.5754035667377
9331.727175817201 7498.210336669038
4546.780742547771 2676.784137942443
4552.72821656191 6140.759513909597
1167.1111586072047 6410.479750138153
5931.624656463765 4949.031995109494
2544.1398555209917 9515.55255472166
4651.124801929638 166.29353745881815
4603.369485430834 4647.269011675618
467.25790066372565 2009.9031658536803
2019.3877272807492 9033.85060595229
7542.309390741254 8820.40392494877
9923.002431838475 3368.213390417798
5304.127002667181 6484.254891454001
9853.039823854371 2722.1537686947827
9128.241261081008 5663.463312740146
1101.7882204158836 1532.8492137752203
3734.956109205533 4414.210647648835
3730.0328905226565 8041.614454664958
6851.75945531997 7887.895351183608
6217.069393858907 957.4380585962961
1912.1136891368963 9981.834890212187
8963.045763008302 2572.897895681543
6344.884771806646 4043.212634002026
4675.431129050989 8077.633236567817
6354.373992813465 1028.6645618708378
8048.363230425596 394.6326254128529
9999.119075498631 3883.247249000198
83.08015238795652 3507.1670773112064
7848.332788486142 6326.341699029297
6899.596940689516 4949.2873734826035
4528.054139407438 2718.3868930623657
8954.235583465692 9900.37039682611
5064.786477001107 3231.1565236105953
4204.5757372076605 5154.287715363856
7092.601520923363 5155.627743511365
7952.844859638599 1126.3397485109783
3710.3926639926344 6855.31342280613
2850.7157667686724 4016.1843686268794
2059.159782711848 5609.2582953884275
4862.938825279305 8262.559895604507
9534.91913015844 4387.734044920017
4864.186249223414 1505.685212371256
2961.02467628956 5464.983792105557
982.9354874629714 415.797921841452
6014.3975651883475 697.2087965140761
3808.1811743668136 5951.364634041532
6733.36269579092 9280.307172663026
5139.206596412503 878.0820071021456
30.491613635776904 3850.7088083705053
1085.6093148437085 709.8620569393132
9792.05503564367 4903.9766844245705
2014.2205012357272 1625.5724186583043
1366.3949277505537 1679.6722631815953
5091.516620282737 5370.382284055667
8026.724834577785 4897.313178916369
9984.571490483102 1668.1431837183025
4339.5695951264315 3027.076332919676
4660.551816859673 3251.3095860424955
5278.265245004942 9140.230592403686
6164.210334655766 7257.483707508027
2391.6362403392886 9808.108842314065
754.788755953597 9446.749137522233
7371.172344001981 1004.7604680428701
8848.186612721476 4461.531724538931
8955.732650434478 8517.249341766264
2837.2179007192653 6180.807506037131
1271.0043737432675 1978.894244880004
52.21686921600855 7113.054670409034
421.64887067803636 2314.5751217405273
8876.219227640317 4727.424829261988
1437.2718491560122 2123.5554370926193
3343.390152563065 5640.186167922686
9519.05301272704 7324.102820536477
426.32811232283905 5653.570906322225
7942.078605033176 6245.513864123823
4657.323863603142 4786.73523641551
9939.122054627285 9276.979294835772
6730.609531332002 1643.61955247472
3424.8186929070434 8169.05561972719
6297.082582551507 730.0770787387056
5514.886584881391 9132.332628446926
4289.948796569969 9662.710090232027
8453.247635296142 7989.21937594984
6809.171238753811 604.4402980742914
9780.604738570964 8808.597023146061
844.5767617010102 1716.9114437744638
7361.237641494394 9689.412933589458
1931.917005093029 9937.401261680652
4230.477481525576 658.1247567177106
5213.135705465306 5968.001658538437
9133.529853591315 9006.222924832688
4311.5506108639975 6007.399793187686
6097.015349621587 6817.896046366983
6934.604203916346 2460.6725758784232
407.7964306418369 3924.227630802917
2181.3010824401913 7630.087283069945
8969.37379109257 7069.139332054991
2158.3898041266493 219.9741983244896
164.3238260410107 2683.629619520995
9698.81468005485 4381.320877376456
2071.964313207936 6338.677362783005
4727.902670496096 4976.811530070852
8173.631779655691 6683.5160063385465
4137.212710573329 764.6150578629918
6523.657910649244 5474.805863430154
3902.9247531546353 9279.304181386391
1772.3390072394607 8163.562073771909
7625.098165014924 3330.863752064863
9397.890584644025 1430.5254550823854
2666.0839988092 9247.82517236711
8037.587649991278 5046.990150615713
3630.8266802649036 1258.146596135985
8903.986759634354 5486.9302536962305
3058.7479300091545 4731.526318995044
930.3409685569897 7827.595091421577
886.3514012059748 3399.4286891961747
6510.008096859982 649.5732984944369
7491.649018906538 2124.1662643945792
5477.865524770331 5883.650267877696
9945.95538006478 7305.970367738869
4327.446119336509 1850.6163327563606
7475.553424770611 1597.0545732209362
3565.708982671282 3101.5054876805893
75.18608109161273 8234.256264335418
8578.066222114197 5089.578649476314
3717.286340896849 3006.919383904114
8409.489018929342 5191.6893368244855
6665.300337456783 8644.257571484932
2463.2176825017905 4145.497963476629
4026.4270847917905 7236.517475606914
7276.804399703798 3580.331458718943
1868.5352970572344 1196.8399785954941
4255.923130099642 5993.313179571223
7977.984271547467 2225.7934250564117
4529.578871191128 3258.710486031825
3649.518099959436 758.1303833818442
8936.057397460705 8557.284775081269
9776.365619897131 5451.404847462394
9557.154210803888 4473.748130557245
948.1233421670365 3418.6519399389203
4188.93077584565 6934.263932897421
3265.9550405460004 7112.423749443393
6670.441521609262 642.2565626158938
5149.096805386336 3035.0443445724827
4087.5874164544825 6719.620704466407
5533.606564379723 780.0270393660924
6527.444807291627 7371.752507235824
553.7501116355226 8302.17869812875
6279.132336979047 5568.64852287831
8048.371857963611 768.9888307219717
1160.469859075085 9970.652862719091
9049.046943039108 5863.480940177871
995.3994874923111 6626.252886740736
6783.7706604179575 7988.787062406318
7175.329139108989 9330.661320034624
6669.387050275435 7467.2740133570305
2708.2727708968614 9957.74026841754
5267.917685332782 8532.13744405249
4192.856958351135 8564.161310183381
2246.403251094842 1676.9553609311927
7749.972397442751 613.516184905335
7006.818823580225 1758.7653876414167
8103.046453015534 5279.423938412256
842.0856144976129 3142.8186492786035
3718.6213742635246 4460.508559431317
6226.147881007969 7132.230498161154
1202.1215400323072 6876.448393091205
7160.539910856427 4943.33400867907
8989.400262609639 5413.127174690745
8376.81914556346 1567.6161471816274
3782.8548340460034 8746.24400967069
6633.699515461464 2003.69769576888
3151.607462419682 196.5700558953909
4349.663814082689 1547.8934122071364
4248.446867068266 7756.3648465171655
4376.297473243822 6099.4667376391
1691.9342744957255 9275.293321498377
4844.527882973281 6766.7771955840035
7320.275432642733 5905.516309350734
4705.416794568332 5453.087002249515
744.2677530922592 5079.45258305186
3839.0997565430416 4555.881943180785
2409.8310661903856 1530.0370069847113
6419.923976217883 4431.130627663975
226.33633613208914 1162.1323575572196
2602.7825695005613 6853.9923179268135
6725.149048015152 7945.076045643444
1535.1074682448295 1350.053564459387
6183.506273969679 8420.172393328035
8200.922681128615 3976.260793280679
182.05073688831285 1903.273042377459
7667.825708282577 4898.285811052865
5660.046302606882 7011.4064041500405
2934.7074750118527 1941.1446159879674
1690.5072283947286 6753.758159125888
6767.481452103904 2182.468002025709
9918.168209752532 5101.123081333846
3662.0436983020954 2612.8941777056702
8886.437028372342 7684.279065416153
5388.133951059085 3905.6446195087246
4325.160665125033 8070.565548996834
2444.731337047854 8417.405319358406
5879.252598273142 8929.272354768333
4197.060117244913 4685.229797387551
5728.923888883597 4320.276822490045
2467.2421009030522 5889.248874402544
6085.463662980916 5326.689377532213
6915.0807718918495 9018.553082666076
642.2233491511553 6301.107658823887
5672.418482317012 4807.690645415653
9718.65534166364 3106.3888743238253
1383.9594670359322 5903.804774531101
55.96745481136978 7905.698754851038
1059.4029850613606 2179.510128298342
8006.148321643594 7292.909278515935
7956.190348491665 7624.184852695055
9201.830638292424 1853.2476470900772
5089.112220597175 2826.4364684181373
8702.658614322392 5605.43567965245
2902.4866480118617 703.0757861121783
3084.5265710026206 3200.3747276398144
8142.565988678695 835.0095904534704
9971.265081719497 1237.7685792941995
7032.280535703619 9538.046735417867
1104.0479142414417 7610.900890736234
3477.3884993885217 8626.68118647127
2201.9996649582017 9401.111889857624
2222.548975324428 5721.504001262751
6588.185618395572 5517.348616698823
7627.786861111598 2905.966707745913
9838.371707007316 5012.490213680247
1050.2778781495103 8555.798733664078
9555.637393215215 5806.978337265912
3693.3267483577447 9244.462970347222
7782.140481448651 1411.6090530783943
7223.874504168639 4770.605636958887
3530.020671660148 5165.174943803884
1461.812832631626 9558.540955383334
9446.646351003079 2488.969106218111
7008.8453981925095 7950.384505045418
9725.10065868636 1708.9942707330918
811.5884513360949 9238.529382501605
6029.013699009775 3108.0483740705354
4343.046307854042 679.7379489682021
4421.547073829176 4043.6832980682493
7338.567685843228 3187.19856302757
9071.540006399151 5204.364797894618
4836.822637683409 4914.475735922969
7855.532041598821 9374.987407189044
1653.3102258996712 2525.359738816102
882.5793744766796 9444.229203710722
6353.348152840813 8586.200815370348
5439.480279852794 6810.0546339426
6293.453160076105 6222.390232758632
9887.23881486583 4826.006265097005
6364.477431947833 8948.227972875153
4635.286051817729 4479.753158919992
6696.811187014505 4409.498499433513
478.1940423054365 1106.6896099876055
8777.423284374197 5670.648026691844
3300.3082554425146 1615.2102653748811
5180.459312677239 2633.541264488518
9436.940632958054 1436.6094533568087
5427.571427671153 9192.34992332327
7826.455359040571 9211.389377155547
9371.108708787782 8809.20363749291
3495.7931698833445 5085.080446090129
9932.746099199909 2337.813423555877
1892.6761017572026 5410.5137796473555
9032.088978103227 7127.356398504834
5110.94265039759 2639.8064082929372
4104.237482035974 5706.484660692663
9151.162675930897 4238.153859614398
7732.250407434831 5677.404695852715
6016.886490606897 8562.850754924695
9609.905289750155 9842.547635016123
5667.585215610969 8824.785349350255
8302.095654260636 7041.433936220384
632.5432644803552 8485.987866399064
84.66916662959734 9692.903404661773
435.66482984103595 2745.635485532384
3522.4570555496425 3617.9756727022636
3889.363905047498 1128.2466707295757
1383.7001734338317 9361.1692173707
4786.402291337176 5611.627771939783
5991.030867286696 1933.1947270641758
551.7541127895387 7218.458635123098
173.62379173178954 7665.512100016485
4012.2695446644807 1544.236519481359
3612.077694277638 2697.3198303354793
5600.116346047458 305.62284921106243
3557.0493874670174 7508.125946625313
7026.682858174355 1667.0663975488076
9654.607943810262 5864.122668752576
7746.828001161576 6839.903452558753
4925.736790314456 4564.169378499467
2379.0638152308297 4246.967797612399
8824.358209989372 2451.2650114762923
655.4667648688828 5407.065308614288
3737.7126197960297 3297.9709584713546
1445.806149424358 8617.50048635869
3294.8757086879355 7379.318434574144
8933.594754783759 7499.168616661413
9413.649920444857 814.319554438987
2117.455885900059 1517.5579139104257
5143.021214786802 87.27564713772895
8469.415187203189 4704.327842397089
2047.8232154446673 1552.6499359828726
8802.422569981472 6977.966815096085
4134.2042688837155 2182.363968996558
3182.6138586143616 9698.35260395998
5128.950231354278 8331.93521523338
7067.528821699362 3388.8717125944722
2302.660285580187 3881.9716957540827
2759.6967214541346 921.0801408617452
7966.235160058506 7754.101207677543
3735.7147308079443 3880.717544311493
9272.086087241843 3505.5021474381842
8444.138001166652 3320.212159769821
8015.92329494507 473.7733554988577
5761.207683659317 8651.645015703556
4761.9438678697925 6773.966061986086
6451.649613567952 45.46963340138266
5803.681832943061 9342.168681435853
3702.469889687564 374.1082486202074
7224.746162170927 5175.126757326892
1080.8870001160954 2475.878271971322
7638.117797009605 932.9455764213445
8113.237849657779 6313.528954851419
59.63502821435984 5152.009244822393
2089.8984893111706 8462.994145634582
3810.746604101609 8457.825900644939
9671.964617821166 3291.799760690194
9347.56749722127 2372.5857061725565
3408.6384427243033 1172.8871692547393
2477.722903771468 6579.797805458126
6369.976939463109 4128.448004969464
9553.42072239278 7838.450379191496
2757.848686176834 3409.688724189477
1918.6469889062018 1131.7154693980492
3578.663107874351 6692.27330743621
6140.327464712819 5090.297084124215
4244.627515993301 4803.522097000334
6367.758478254697 9248.105720371257
5315.998779354796 9196.271049485635
6541.556018182841 268.00863611379566
8504.993388552613 1745.623276376067
3112.830795779963 7917.997066721244
7532.728005890368 7868.655734670558
3435.247075070521 9283.176665401566
7463.760124369444 2453.4678824505895
1057.0774759288026 1466.5795445991669
6738.509480827296 5632.79331627087
6767.318429879632 8861.857291073817
3282.0330446102066 2048.7146755312438
3439.384639419681 973.511574913788
9788.341606399741 2928.8596630878105
3467.8526303264225 715.3799033388619
3562.6395185144065 5030.778810715157
9908.180445123777 1135.6842489368025
3149.5771979989972 4310.032686126012
6306.276909407799 597.0212801764229
7383.807884479862 5028.849085205579
5644.2551920877395 2582.2558830783514
2469.8427006389056 6946.034924799055
5830.650730364018 6502.3537251753905
9231.403827440037 4215.157650940123
7727.843547825396 149.7701676352603
5766.172956023112 9666.83672302466
1836.3721412663704 2771.0863814418985
400.04182607650927 7262.319047046054
1445.2830984675713 125.16948342815138
6055.673489942383 3679.332696025952
3309.614471236443 9348.203267493203
9933.377846768333 7227.548440344847
1730.5585362288912 1964.516934647369
1748.0247111688707 8589.804225908112
8290.809109881608 7962.2212878385735
9673.901121338766 3246.571830601833
7437.048585507165 2495.2363621438744
5620.139470034923 9864.981655402355
7603.482698203675 9478.369603494337
492.5355813436727 2420.0414615044187
8634.784312521962 3109.6897714437346
5693.284717078809 6364.516757178172
8893.76380201308 9184.512199523986
9268.362154945342 775.2695665937348
9628.531225942213 2957.8955537636807
3832.9834038107347 9077.678179540258
9925.872238982958 9267.6204737743
8688.77674594695 686.0898913370983
2892.012828611956 3647.2087969515087
392.0071424641292 4697.085139776893
2578.900244416802 238.60986078876988
4440.3945794907895 4633.663771350612
1613.579906691206 3456.7680332042883
5716.769880826875 162.28707408718068
1490.2021486369188 5563.3539460860275
6861.014765420019 7691.039984441901
1048.6464200707635 1574.5296459823298
1837.4406341038807 6806.006974045477
3790.7013785383624 6257.688222139391
6622.9559873244425 3614.2815056977993
1374.197248953367 5364.693165384798
162.08232615599783 5235.856193036276
8877.43033862847 4704.213886507201
6518.077987833981 1922.9735241876
7240.686797814877 6173.338003852662
3495.1321743634953 4584.337186019129
9668.612356625705 9448.717633246171
3914.798640593219 5852.922795768632
1716.6354252714443 1680.079257307424
3200.5347682784036 2259.9430836439938
9286.60266454825 5234.017614539976
957.4223970677898 3563.862020012536
4821.239050281849 5303.555747516533
4829.842754773298 2832.1704895707644
9613.995588709302 5029.048319925679
2078.0892280637518 7484.972519488655
9340.30523620446 5668.566200938369
8035.593523136032 7183.254029484344
668.2155901017306 3310.997455776641
891.6584325003629 9181.03496061519
9120.825217179341 1642.659512774547
9090.277920405053 5559.43747603711
2239.8997011181277 2358.307795941933
1043.840978171604 9622.02415102935
7539.497180011732 950.000132383031
6831.212743156103 654.5952681223266
1740.3893726179165 5812.3538824512325
8082.889010089786 7238.958472251047
6340.512277684137 2870.311911076584
5351.6277461227 9359.012021647206
4703.638904758507 6265.610495992938
1925.1587988498043 8648.815139713932
7537.915036888822 8030.721671977485
9258.28196859925 4306.138395063307
6887.8560169105995 6134.120763417749
1984.8594153918564 9431.327883908625
3577.8523924227425 798.3063644936683
9815.921236596285 8850.131726386862
9422.187019986814 3572.0794063650897
9538.295581491573 4840.475189973925
3456.021893249589 2281.165435616235
2798.887096842477 1606.9957071473827
943.757601649603 7686.343692130434
4392.922719302447 2833.4738268356296
4985.634281646505 4445.822355109337
1370.1938834803761 9192.13116078163
3170.3829543263373 9808.68095985417
5431.52257477366 4300.089006978473
5911.199276606591 8358.773574031062
9808.382459916924 8287.110179254527
8854.258927049737 83.57102009710182
7101.813638472151 7875.07717454948
9063.449837420552 2059.994739615024
6402.465325018943 668.4869520228265
3561.9480055573795 1129.371034284561
6421.810177555804 9216.567472966042
9250.717836427952 6076.218944178421
6335.275723934021 7331.456423536004
5225.970982104583 3030.6570742648664
7571.2380674563565 7133.201093476643
2082.0700838679018 7081.79526646429
7875.531205895993 341.17567801209447
7913.3172998605205 6419.555705411171
3639.3248878033755 1442.8356734346492
7417.521582627396 2714.9451397985804
7698.926876998692 3544.556132944954
8756.188435114762 2903.8773348208556
7599.273588734997 9945.631785064725
2640.6356263693365 3057.2259230568698
3658.5678217216764 5775.3449418534965
9490.282757309897 4599.862507373113
7079.734137388739 4394.3300990925645
3448.823819042367 6784.014812978766
5825.0573568019145 2685.3028681655264
6545.938986842318 7027.357138029827
3.58312127033078 7844.534252360804
2356.659280039077 2493.8258265860914
9116.548132543547 5834.29487007837
6137.4476592222445 2125.224957413976
664.3271339041834 8267.810611504943
7607.5154424524135 8224.27291773711
3339.073415711956 172.10296796889236
3295.844362773802 644.8126375099961
8310.440142980851 5810.418695213483
7688.840951982041 4662.489795904497
8957.469964946822 3544.775473526732
6290.496319134643 5679.279525304833
2807.946866609037 3580.4830746170733
9146.386873736607 57.82182088930554
9417.201264672693 4358.325951979437
384.7958502184734 1586.6033533948198
4451.567945822894 4346.421035871505
7892.694851838503 7344.599572983157
3337.399308470107 6032.592494810477
7371.273418487075 5064.07527098737
7494.734543109663 8029.436302938711
6705.161460501579 6482.808950750249
2395.43421942643 9378.069705763319
9831.440133410695 7632.098023014267
9468.789868741918 7372.89466925253
4108.989552156807 7524.468066493698
3223.3229693894905 6528.529267444755
1565.6771048291596 1285.0957779081295
861.6865312781507 1671.389973628249
2340.3411707440614 2413.52661114163
4136.294009729584 2562.236350420096
8138.478779377781 1567.3535295781605
2226.493265208277 942.3161945968761
4585.0006750766825 6027.095350914357
13.815424748424565 3444.5792967353027
3984.3656290336316 4831.593456549681
8290.024625973552 5422.755961168307
4187.865993158225 9465.82463125772
1153.4028987999857 1424.9217024038385
5019.78025698622 8938.104748193227
1131.9044486226549 7774.500881675298
1028.5750877361245 1101.2373897355187
4417.5178649766185 1520.491127043666
8206.274466778525 9152.236590687724
7004.377330885697 7880.011679022442
2758.584734407865 3387.835627871958
7493.868922675754 5220.116758951804
2010.3047126836693 3498.0683639518816
3863.1781173640434 2612.134949602355
1095.0095121282066 5947.788004305393
9589.429648615363 40.627209063843765
4204.946532001262 4326.0692008799515
9179.775210239619 5460.386396848436
5866.538777985317 7936.01310340173
4378.483876956746 6068.722475719373
5958.8396402916 5352.558203401163
105.2973106725652 3396.615047006407
2006.739302576952 5193.472076659076
3525.0125416783094 3121.133116325853
3657.67659991176 5928.781862541513
556.457702657388 862.8591176578703
7190.058730151331 196.48021916297998
1599.7333803762915 4655.875675952889
2403.5500956330548 6797.41394203697
2293.7876951632165 3264.205736898107
305.84178667476533 5309.852296010956
5712.106624060637 7067.4216557804
7637.465841745184 4094.2981724728556
9562.492812787665 4849.47047361357
3465.672090310733 2351.6934906455976
5677.6195367438995 5498.588400880362
3830.3402522458887 853.2410271552193
9366.242680197678 8362.504778941968
2739.350518896957 3977.6475862653447
3040.6601726765625 9801.967327610473
1687.7899730272727 7771.669338753543
1944.2090101507138 6346.94618177332
5314.825447596772 4892.417456001851
9773.296567787917 6783.700030767803
7814.02801181501 7494.96457277474
8521.662118828992 6487.223883229014
3277.383352619786 3396.3653752136825
9970.270317575561 7362.4150830775725
3280.1800467767407 9177.285611181349
5904.440303774368 5868.631985274061
6703.417552879645 6275.012627427866
360.51859733431723 9776.140612019257
42.33095569010192 2576.6950659635545
9987.603327720422 1539.2808377311994
1264.0817228388191 2539.244054633841
7955.537674786934 2470.0000276413434
6654.615817138937 3442.3973251934426
2748.583226022231 7256.743432717813
8034.145873902406 4024.0350118046053
5654.899065280946 2797.5084450585673
7222.666692226846 4451.906257097547
9795.144202521064 8802.204127024674
5701.36359827919 3353.510474168904
9129.232199177923 168.2802300209274
42.73040685207952 8455.94950807739
8038.465949131539 2744.926397940023
7871.665068922365 2280.1493612667223
800.984528082066 4774.958729243247
4871.764098178795 3288.926053615403
5561.659248262079 6039.8501167877075
665.4880912410066 5905.948222154482
9243.273163051792 5532.18315873873
273.82918427249825 9902.728482850041
8254.030950070994 6341.130798851903
8300.558198421804 793.3536950076935
4817.139492981915 3360.4046804207287
4988.087614808254 8081.739895729182
281.40755619807777 5414.433772648749
6856.4332898018365 7473.779301097789
4867.519609701373 8447.362542396904
9763.720242255651 6496.8224814610585
7962.830106131488 530.7960997464767
8916.120898405441 361.5171039779874
4298.243552595996 2620.0334308070105
8607.07437519873 6356.106092549863
9123.934738750404 1224.869113588515
4280.08574775433 580.8577821981364
9846.374932702607 459.8691554594747
886.3570004335963 410.39216950177536
2497.330358604548 1300.3507577366902
4447.9565036278955 9714.230167924024
8876.203129520067 5294.130527205783
8239.183343205144 1570.984236214963
4240.284873744607 8465.426030912837
1063.24349492415 4979.175960449515
6013.203122256427 8696.133815906513
2728.2944955108037 7897.756521343199
1140.034936437533 6481.022409575928
1016.3854735124078 8841.967165204056
3438.2725410546154 4627.220552654465
5190.757134593981 3215.2760234659827
2577.0277478543335 7204.696394744704
3401.42996016497 8575.68397890073
3162.55854122419 1853.2626692662125
5225.956453851908 5114.788308756113
5816.413955883651 2412.961853598987
6021.66710910405 3770.561192968038
2103.190568026729 768.5182835616545
6767.696147844426 4599.878708193085
1698.0959603277934 7784.873694866449
1639.5230538615258 2304.4197183234337
3280.22587809534 3259.6454295771036
5685.71679714587 4133.625088971951
295.6508781519507 3929.67881512675
6666.031847423907 7780.991676160906
8955.127088785483 6742.693139050875
8361.945824174287 3345.050067359917
8614.437027897413 1841.34643942947
7485.192778923941 3943.9543912118847
4031.075864822785 6005.875161670086
2686.7920793736876 4152.689955237372
4899.198045028916 2662.790910944858
2108.528678078374 4074.485084913042
535.4446212482744 8990.94520887703
5420.795621180426 9563.087488011797
6621.475946018517 4142.601213712189
7355.156534487486 5880.147805144164
6504.730724555689 5145.98131840382
2366.947462782839 2902.0267437283164
1717.1467313955136 8667.084397246083
4252.6834352926435 4882.926699649635
5092.270079132326 7482.395318607193
298.9908176807976 6736.317822605981
5144.390814140245 250.44188093135023
6854.241308975919 1814.2170953009418
2219.0430000541683 1968.9762563709169
2091.0148172581744 3243.94664208551
5332.409851994554 365.8873715886457
2166.9696790019057 2024.586329645317
3587.880244144196 395.78563029282867
8993.657075252248 290.4015144369021
7591.2027916074 5000.518145078317
1387.2631188353978 7416.118702624391
4381.387986303321 5340.711132255554
6502.222570560202 9968.988062216547
4052.7157578264096 7816.756397445959
5138.09283555253 3905.1555263324976
7463.899687528646 8371.494876452802
2762.036787888633 8862.94764039511
2213.6747962577874 6803.168169646143
7903.715869829369 9923.24233101851
8407.767606658208 5116.048257894129
956.3400661456045 1787.187765707805
6650.416176911163 4297.475135737486
9357.085884379689 3964.0981540085486
8164.310768447806 3333.8642785594343
9622.039529459227 3267.4421807398935
976.0266198130596 2764.573091579059
2775.274334760206 1684.4163620502684
6699.725658013982 2621.3428359873615
7338.631436680977 3514.6667436190637
9610.105244679138 1212.364461800064
3238.2189003413896 5566.312157273459
3416.2769757893507 6883.837055754051
735.6022031248755 8152.489590391391
1431.4599780579363 9628.224548031432
806.108490902766 2649.2273348547424
2679.0783738088853 3207.2387703296145
7263.625177231688 3455.5254117369996
9884.051784658166 1318.906973526136
6370.719098947672 8339.105430924388
5268.777303723685 3261.9098101584777
6674.86433163571 1356.3647660157674
6606.497146592312 5536.705141430431
376.0118248530719 6802.6511815642525
9080.454865936274 5871.776687910304
7657.694277225249 979.054603292665
8155.443870882134 5274.682388896001
7103.305780327513 954.4833336155411
4889.054715748213 1881.3972043928063
8571.155135749192 5956.87950672277
7893.131468522688 7613.779384150763
9716.340401042478 7544.997484860246
5501.65199041983 4953.81409838157
3724.4487738343355 9292.257069230736
7609.44664059628 6504.616440607297
3761.5354780676525 5356.748515835588
9116.876238527066 4432.007621619438
9146.792326262632 16.56056264923822
5948.791298714885 366.7993696324623
9318.766046678576 7017.165342037569
211.79983705587492 8896.75821243288
4292.941546343341 8407.681199664077
3212.070600544409 9388.542150214631
4497.960963707849 7435.4131367084665
3776.605207066939 1553.7334588978968
8629.694025270546 9023.140687038886
4604.115670974469 9909.421370145583
5476.84044936319 4371.211804156619
1217.341791830474 1082.6116425899424
4548.687276992643 3306.569574216789
6496.854822680605 5769.072066169024
775.1028402938531 9143.425183251082
8747.087523874201 4081.05225405432
550.8031460945595 6025.361127196419
2778.542358707161 9004.637160997932
9960.37381817194 7986.234007870477
1585.8253723152527 7736.330464897329
1147.491374550934 2297.316604308746
859.3613785209164 4779.786606657816
9481.232756412632 7060.704645256972
9789.348430320364 3857.441104757201
2424.3238593568426 4464.088311030816
9403.709446646326 7928.114334238776
822.6235633412438 6629.563286293476
4027.5061457218917 7900.493821920908
4712.094448551047 569.2417493866819
2359.4822787337357 993.7297900656928
8678.96965632013 2402.9946867065487
2132.1032919888407 9120.202368142644
6310.772007842236 8698.740780380062
6354.667507921081 6151.852083863628
9340.297539416872 4563.270290335712
9734.76480412112 480.2879727965459
4711.627193288703 3941.6740602709165
1031.558992474676 5892.222858375511
1986.6886936325934 7476.024013907811
815.0800883229437 9455.60458979684
4262.835521341324 7229.031512017925
4388.9072293424515 9848.148811735637
8086.368201079605 5595.984771288028
6479.335832204265 3358.80113954057
1723.878587310561 7808.347826100294
7702.315068006587 7653.986182259929
6592.742585063962 3574.9811109197926
2790.15472416228 5324.332180090635
3654.049227317041 3612.0197403841426
7093.195853890798 213.88103268293435
5135.701322432471 1080.0268209077667
967.3487361628563 9582.630267209082
2080.3767378393645 6277.1140187411165
1316.60028998278 4264.575780857362
9902.494435633922 5329.3033969967655
5780.299535696524 7157.251213941006
7390.282492772856 74.47742293858472
7838.229965490959 7615.096335486755
9403.495032918612 6853.850239557587
452.18265325013385 5617.804242760295
9894.28140156067 6504.960456608502
1770.9476399921564 4946.131848529049
9818.164941073015 6492.775569106164
8896.341936098539 9021.484722982677
4004.0372386309555 8820.567293401373
4741.0970909886755 6551.917941068732
2116.531777573011 4129.7995970192505
8605.132330367705 6676.013812359305
1471.0898954047248 3228.3470208936606
3254.943879930141 4907.439661126264
3651.490614663537 2178.9437605369512
11.538788772313957 1856.8036641318065
2631.560871474584 6034.833769477673
8635.552899356659 6443.762124476085
9417.244617218363 9327.178378279157
643.8876323457288 4111.158851455554
7102.155279736382 8488.853167482299
3100.410554445707 8414.303979354749
669.1949011613896 2541.8396296397505
4893.9606222569955 1282.326337478551
7872.769438788767 3580.505299456804
9050.10885722968 3234.867532089193
1100.5936217741885 7850.631120012098
2718.824419248231 9886.205909581418
5241.016888458866 1554.136318953816
1138.3993612722654 5180.233447463506
3271.2718052698465 2902.0186255296953
3096.689635594797 4973.534374641344
9533.985850576799 3393.1116494585876
3193.9333955067373 6820.1381076851285
483.75600746364825 6813.836334013532
557.1091023835805 3110.357594493839
4062.542386467535 4034.204638434159
4563.998834704328 5077.4407242050065
1802.0828542290924 5317.909376013938
5605.8305255872465 4609.59821953135
2253.4877284286727 9569.410692403075
2950.5656184448026 9291.297466688746
408.6290493425959 1708.5134213300635
2364.614718351702 3646.5372974318866
5404.885452272942 5193.001279575953
3308.954502888355 6168.152162084899
7994.2646378067375 6602.476656435423
9246.332124283052 7391.0170934160715
9.870618988497837 3151.6298396042785
4879.439990622246 9003.35628323326
377.1446515637722 2018.7417144429664
985.650234761597 7789.182926496749
6094.252007741658 2455.3012302529396
922.1003582593823 1056.2324738250772
2045.4507254853738 7785.196821845843
2845.623944516893 2127.570240532463
513.2212819086857 4607.019060249844
8225.22639761448 5461.392019478075
9819.396394940024 780.5911259641163
320.50226805529604 1012.3561301592554
1652.4810299251192 2108.9208244745737
5957.603801791825 6559.120288220774
8327.805353144015 19.3447339322772
155.06293963336915 4896.581316894691
4479.104703075405 9002.716606353784
5934.9792473883035 27.641518724484946
2494.580179393614 3087.0667135243048
1000.7882448627647 2788.161422959499
7387.438678377799 5202.239997026552
8871.023092488967 1700.0767560600427
4730.369102750785 1934.5946413891324
4529.193979168988 9271.494357674634
4785.363715518204 8875.927517688047
3683.10269046654 7448.905344742172
7024.74659864649 8538.364851173968
322.62376360258196 8475.48035429916
1866.222683226676 3637.036163250208
9423.176780570502 9020.74608851855
634.2184377120385 3434.931511962489
362.82292290509497 6120.764228881534
511.73115349799735 9799.413789105853
1904.1250298229895 3204.2652829167982
8561.365270668917 2637.441230813734
1437.6015486251913 3279.015877449144
7771.181091811307 1456.6320336407423
9591.824751829075 4214.030039686435
8520.435890128256 941.8782550907067
6285.901920762725 7977.057167498258
862.252826139892 3642.298062901926
5833.287461408321 1673.1140346432405
6584.702986531637 2130.8937483928335
6801.581922392907 3278.651165603497
5138.7426171796915 6329.354159514642
6991.16527899843 9077.273129477577
4210.894699752792 9083.03041598519
5116.226118975502 2976.7650608586573
3970.525706453384 4526.17928158773
8554.945580684971 123.49792452830411
3836.013218969948 9295.154686939937
881.2981484579474 8529.119075183442
1981.059557015412 6227.305413495938
3799.1395119654017 2785.761661659322
741.8542538690209 3825.9092935048134
5569.945870359919 3369.832943725397
5587.746641874167 2476.5605245990873
2058.7819415375243 3520.770906769398
1382.5385552816272 167.99897645475514
7118.772398407569 3229.985907176086
7290.463655525065 6300.449840199383
6192.55286906317 6486.534525345897
870.3690848006606 2057.1223804589113
729.8870726082118 3599.897403388247
2653.574194030752 9769.590593558132
1303.8327222965984 5156.562478412374
4815.325980052906 1725.3610055739898
4153.544354433034 7965.946411769721
1426.7339397105284 946.0087595234545
9290.006400405806 6212.506748531008
3213.5106054914463 2606.839247471665
8271.688798817946 2954.737904439616
6749.803235206879 4974.115844316714
6290.325146114988 8098.0574878317675
6579.854039136999 3003.467361086454
6302.713416097914 9017.431451896035
8887.17764761312 6073.170879267995
2602.641625036961 9116.905878165402
7020.399422485759 3718.5795176466563
7447.749205055817 7787.042299826015
2436.8511839126104 9689.047555693458
7139.329306480551 2457.587763927639
9439.47285346068 5166.280205385095
3298.792052614127 9741.529294254717
8459.52268390776 6563.1138093733125
992.6980223288883 8028.019473145878
577.0530691875953 1964.3118144444538
7828.9867930072 8305.48183430969
5473.058189244117 2976.0387999342265
7180.220896092947 3482.537428684154
6071.656461118265 5518.2536015359565
4285.372908328912 9023.217324070805
5757.623614503873 3924.3391384490724
6139.881613009815 9324.257510011836
8244.04372047406 7604.8677805925945
4804.412780880553 4936.10182432231
5916.797911270868 8487.476253819792
9045.957446807459 5465.560626491217
9797.067860282004 462.4024134350024
1070.6073517427471 1796.9082814040783
3139.9797845427233 9143.318762913026
3515.5482806041928 9129.525156495223
1126.9695394478563 1395.6660271273324
6838.516743234997 9254.021979240411
1111.4025482347345 9289.781809520124
8776.166516023943 6475.110105607222
1441.4366784231293 2403.683855558639
5638.497032680169 6638.308262295721
2011.0656342969958 5730.454778419549
9864.697735466494 2828.9089676618783
6379.738687753307 7837.750557421323
9486.463955109179 4485.451952018088
3552.899800880994 5382.0306162120205
2928.0466390848046 8906.280600570633
7330.248797291241 5597.690723732448
6917.9983731076445 5426.586261234782
2505.4740325364733 7961.351368956063
6195.780580100137 2904.6750890340136
140.66532890364635 9874.140164424356
1167.1054090268963 580.0163822298243
8640.56155040386 8909.877431327226
3695.0809731761724 851.9627687294728
3416.2483061811167 5944.658765609722
1809.938277964992 76.8580116592954
5554.871509772736 9313.39906613638
1278.3184012557424 92.58118032733353
9101.378295171842 31.491259808753558
5693.8014734549415 8853.395764517003
7310.265665616798 2074.797763436157
7033.562217121959 3294.311331673182
539.7540931668954 9728.784391063708
5471.743673713545 1342.9810697540024
2337.7663599583575 6097.672347266434
648.3357712216375 2858.4984090183098
5708.542045515912 3007.07376249037
6563.055988963524 1200.2766604329518
8550.671609899944 2738.641795110488
8796.932457855311 8116.524515840454
5821.785337356589 6302.856522289664
5859.983309979133 4690.662557154982
6112.089834158001 1286.1379644791994
6121.604232812404 195.34984673513
1998.3910321258247 4701.057140798798
8000.965644966652 8877.616543598782
6802.205303070392 2723.4990741078113
3877.9328026668336 1934.9353138436497
5190.002682195266 9718.201317018003
7530.7205576911865 8240.879637067006
1430.5881165114577 3534.1781027581255
814.7002797122371 2740.3561042581614
7064.075165912015 2694.1120472205916
7767.478155037364 5858.220670466775
9238.860018203752 3806.877474651276
3358.5674910953458 751.4186643291498
2037.460097927899 4299.936710100528
9697.681450548891 7783.612500276189
5739.029329319535 6398.424120018141
4673.874873481509 7212.598710448602
3155.8188396270793 3170.3215107452243
6718.466606872583 1754.6309021855245
7932.807278436661 6412.193970112588
4667.87913369994 426.1059822059343
7014.170338948316 9167.542510416757
3548.2323818789673 3861.8899355637604
8357.219681294155 2749.9039239822764
5511.73486975559 9170.892666937607
5413.892242021985 9285.407721784086
125.61424996055281 9313.32685009588
1901.8218515695962 5994.577291604204
9747.537834428123 7970.416799502998
3951.481835365889 6700.741806269456
3817.1727467972705 5926.1466649570675
1842.8361350474265 9382.501123208753
551.7385143042619 9091.972425406842
234.39459050773604 5980.267778645756
5754.111881619218 1479.2415055260387
4039.517936743533 2121.9840371026057
6225.241588876855 8660.400587815617
6919.268881435077 9950.694200809972
9618.337686796849 8558.894902509417
738.0677707100868 6816.727516890471
3480.501805202114 6768.991063943048
7267.8509959560515 6239.825324607541
3698.1689489926416 3030.5863619968045
7928.398405835628 5251.626517469159
6595.92982109162 3970.391221032089
3415.9341522723985 3996.502293103725
9534.015779639833 4769.705442742994
2699.072327684414 9298.806613746901
2007.9190738711472 9030.330203775015
50.62079897066418 3797.1918916013483
2974.3350142441905 1783.9911707376154
9535.71806814937 6201.71420201368
410.8089413164684 5326.974450869958
8691.223772378204 6247.030883295174
5962.177278710594 1360.5052077947832
7008.243975723908 9995.071532769658
935.0938361878958 5778.724764212285
269.11834620474974 7283.143240426153
9872.63642582387 4369.956019833362
8792.155817498622 3318.5064539207256
4474.191489316909 8683.268022692706
6201.85441442263 688.038082308422
3721.5161055798785 1361.1832811442803
5469.294028973264 6381.674082072089
5730.0846075208365 9350.698010931452
656.8471752999138 820.9057055980318
3065.5232039208336 1578.6150664497357
6053.302888748705 2338.677971148938
6048.14595754926 4913.513463031432
9199.952949836364 1074.6189966357078
7914.303286099853 8535.51265498616
685.143336369951 829.6068784880362
1611.461285855531 2196.3109954293427
1524.2464908597042 6066.257536726771
474.62934385067547 8275.81274170098
8443.962082913933 3946.9977523672906
4064.961093972549 1027.9809544218288
8454.310215828176 8068.962807777633
6047.054437733342 8957.382252324065
6718.629254133819 1385.0378373675153
3139.67545576877 7879.222585847003
5921.349260905346 692.9403935416723
2895.345717813701 2889.494290805188
1085.2589293870562 4029.3191292366437
3347.421629764904 7208.186925027418
1104.4442049633828 5323.420042585496
9409.007210297885 4657.343023581626
7136.022059444119 7744.956362017055
9316.241558513677 397.0638889605993
8433.253349424045 8323.38524139748
9379.20579854154 1466.4055076265415
8204.566647945778 1620.8831747166064
6836.8959534851 4662.423533485205
5647.478712273589 9508.886069475984
8708.414417071706 4339.465062992664
5433.3565422510155 7428.1345855459695
9190.732429988646 6822.123859589544
2608.4062065504886 4904.749145487557
9374.082491198598 1299.10859264443
9128.24230283313 9549.934965857043
829.237743336012 9301.601017549205
8057.833342078349 9288.493146420245
8966.646970302887 6168.509246543454
2845.5749754254566 7141.397183113437
2975.586151852084 8262.34810907865
2019.6993165854371 6530.266465537196
6622.19868124154 9123.308099379192
4157.177054638147 2776.6508384290933
8218.499098838365 6235.402534002822
4039.7246510013206 8236.617502712417
8670.11116597593 7627.408399578052
8538.48243182291 4341.20772669764
3668.7251843584168 4142.649050209128
9958.37873684492 3705.910353157729
9815.950976696171 8885.490173024114
5325.15715721555 9427.38013516857
4748.456140490279 88.75186236910415
2412.4828230234875 6703.198548791226
8179.97666705124 7445.064625083423
7183.514820789971 3990.5640573005385
4183.989047514062 4806.53102932295
2760.7653943465216 7062.368798692362
5011.542994067222 4080.8741127082226
7040.038307347673 9524.19749882404
3271.9481949997 6138.591960762126
4628.677841603146 7623.369245539136
2399.7189849735655 4594.455714602791
8915.319867631273 5511.209454616648
4989.379283954691 7438.024559701868
1767.7883440824316 9512.331129734453
4800.4354149442015 9661.676480907265
1607.7332726428162 6409.76936079405
1018.0278093748585 7270.978918733653
5425.059852728455 1272.400687797124
2700.473106688209 9361.056378724274
6672.149620426392 4931.152824137456
7253.115436945046 303.936585241098
8917.33180844309 9853.089357160721
9238.604245135668 8515.688132531948
4639.010189966807 5867.531570615487
4866.924350587638 1758.4851231331843
9606.311707245753 3965.9587414266916
3104.1998317868656 1481.5703483370946
5919.066793876705 7227.50468171983
6497.50554527421 316.4099943892673
969.3936881114862 2814.449823825288
3533.6148014182745 7515.162748083088
5339.105036180673 7937.180475983035
9632.820073222698 6857.917522940072
9961.613756969497 5705.671616332022
5724.665043300549 352.9774444746947
1753.9614484093568 3864.623198671362
1760.6283983315195 8915.798419324958
7364.056214980329 551.9588066989811
7489.506583023241 8136.01947857689
6680.145812492801 6425.476037689407
4354.43887862983 3228.3474912948063
1314.0214261144101 1770.0129202964665
466.2312415873315 2311.889134739619
8396.383443462142 527.573958137132
5265.827923892113 1273.8510304575823
6712.27016270242 585.4397627739705
1709.49059248215 6647.356051455864
456.3889639662588 1112.3576500386512
1593.4459029343418 5169.452657258515
5702.654738486018 3250.4937116282117
3980.460968785886 9984.221293489483
6059.1838849209735 50.9020071775812
7599.019336083134 3817.2124671532383
6919.451050252299 5182.843634344014
5556.460670454011 8871.276137281486
2222.269449791545 7652.371847168603
4740.662180736461 1680.1715268645346
3697.70196109792 1533.1704796551116
2880.5342845031723 8705.175001569887
202.97115464538606 5542.716130031693
3393.8105453034264 5071.232614773292
3941.8875620165873 7189.4115431080745
1871.3150447374726 4513.028071482176
1113.2618566216147 171.41405595090808
8330.090435692004 3337.6714150027065
6848.232372326813 1725.4627200751493
6213.477088986644 5009.533655738734
8173.379957460137 8704.086162129342
2524.4333911729154 4824.090474856646
4175.96255694204 7302.1499476031
3449.0924893107513 6061.456942813334
9549.55486464912 1558.7810427073157
6360.752370503352 9996.627825491229
6262.82612672648 28.285246063167733
2190.2026034609435 2192.2700547884433
8221.150181863262 8343.75207825411
1806.4877532497026 6611.231308881816
5480.187784328422 7789.61759341375
6272.919293603157 7259.767887861084
7822.538693896861 6454.536363422247
3626.340660070405 4308.816694946394
2323.0126483330982 53.49143533774359
4173.365635100062 7939.466815127345
5905.021311397638 4088.1462704668857
2205.499955125194 8520.113404824335
1830.048506470081 7657.026416827382
4505.770394759494 6146.604391385813
8564.103370053057 1932.1896370154845
5052.681997016998 6063.019425944407
529.5231403972733 3086.629573856591
923.0289560826932 9029.549445267972
2877.437692820275 286.7277491915443
6553.290768031487 7315.270203456526
6605.663616081677 4256.6534962079195
2240.041469147682 7667.435557535238
6098.751460635955 876.6861399021353
8043.012605203105 2345.2400389230143
8481.356540990566 7295.012072623062
6100.142616294689 8104.831706693248
3053.0657786564384 5112.629087026573
2772.15889991968 883.683686570349
9512.256107607458 6343.566956815011
7004.934441801178 856.2592809669356
5678.5219287264745 3057.7111176823714
2831.067338809924 8519.234666340379
8987.656167771695 881.0967380398993
2027.8349230798553 7513.373484617974
1160.1261008534048 9858.616626823286
7606.875574166571 4000.470144710364
2133.436659128892 3576.662625318815
31.654998185909335 5587.615133898459
7600.726817902456 8898.304120095218
5841.979759294625 5027.3548047015
4312.399212580773 4181.180319327645
2710.516652661067 5221.151392163039
8674.535132656476 3428.361346327411
5864.490272415521 2414.878994969107
7117.300399376475 7465.014637760089
8276.42351390201 3898.912258997256
1208.5012899151338 938.7890961834155
1060.9962449528143 5011.7005246560975
6551.90065048352 5709.405152571563
1110.7979716910331 7794.541437390088
2136.8614345498027 7023.02388115695
161.9524844289022 256.6036802693827
5995.335146212162 8759.538287322031
3201.296794617168 883.0677232562167
3774.164407404639 7996.012873594599
4410.001227362268 7755.589227103369
9145.126273353211 7147.077485786791
5684.216653322403 5453.114721772141
8852.093625570415 4023.151992482744
6181.5416418424775 5762.405469697327
634.1425321927529 6289.964292350008
1312.8041280044556 151.45808956969597
9265.394312439008 7017.900888209659
6131.856162411164 2945.334804403045
4516.822373076773 2277.300092704894
1171.7803445120335 4192.744903501459
4972.220701536103 65.88861676662616
8434.113207942972 323.0487442759633
3319.972240731636 2247.127390345606
1458.3947419582055 8867.184429527397
1994.2144481154544 7633.320254826131
6182.549926230819 752.3399634075523
2853.453357205734 4864.9146304276865
8650.319680809771 9979.028841244955
961.6259667858607 8317.495936480975
1530.155484544984 5850.550375882412
476.0674902137385 8910.565458138906
3880.6980846982574 7348.647871699711
148.7935799386897 4397.260386192017
7631.162349666445 2735.5007417397883
7011.956014231316 481.7584348140802
9840.656197439452 11.01959878330172
9445.291077659987 4941.187797711658
1958.65914762401 5465.7402935823675
5012.82437376692 1821.433256058309
6029.596405221929 8243.439932245428
4208.056711249897 1731.3218471642833
3067.640071722111 8563.92448391524
8561.303499443711 7277.234487001263
673.5795977482805 6055.272034051151
439.81563664370896 9760.277701707566
5373.79928818815 2506.135547061795
2310.762446986555 4400.726400255331
132.11060267917517 272.54278496446574
5239.110096455984 6559.521118090066
9018.385531543716 3559.9586696052133
9956.882841171679 694.1906022524946
9113.640712018125 4850.200153014586
8967.246898250465 7116.638272557368
4389.4298838827035 2854.1252594526554
4836.309022304943 9012.819213968922
7520.09733301421 1544.845058731018
8077.47789336754 3639.405083428674
3369.656640248432 2062.5345428489018
7847.685445861756 7130.115515229527
2240.7548567264557 580.7480910309793
51.723088417762185 1924.4730205573912
1881.3915208915143 5585.4704183603635
390.3948603255414 9474.315787176985
4715.75923551869 7441.966978325264
4390.151125197737 8588.479790468567
798.7807833850525 1610.8204013136751
2516.308739352019 1543.6437405568038
7589.618052948581 4423.37256102285
6098.928623782021 5919.4009228112545
4797.63065250152 6938.114109250435
8989.863269778776 8.211040885501841
6274.9685028139265 8073.4004365990795
621.4502188208826 3605.951466482534
1213.1817384149956 2948.1898355158255
8451.772148089965 4006.3749456245037
3746.936625441766 6161.3381840760785
1658.3630934776083 9102.853448532214
3476.131511917615 2601.305245932375
3381.690753454304 5643.367234979035
9388.401037547274 301.96049620285214
5821.698362575798 889.7791237688324
6197.215558406185 846.5012672172545
1055.1430244520354 200.0055259504241
5206.468766800961 2870.3262240030667
568.4206506987576 1381.7836565192065
1470.6609028452233 3325.034680553689
8190.021509789685 9059.300629720461
5240.484846587191 9339.549289448894
4358.709334398526 8749.040317200199
8466.824288130769 750.6902026084427
4477.9779550885605 858.7718615600903
6481.8776941570995 9674.354416190916
484.283911843717 9403.68863140529
884.3260913580086 8849.78406563308
2696.0124373542203 8876.282100695953
2126.160661060235 4913.232986863711
8512.086000488252 5411.610277798162
9331.997007247995 6243.673976760265
5593.575205463223 5157.206819006988
477.3988571095522 7572.009455356495
9788.62930850307 3586.9438430681535
8210.942893324296 5156.58560548767
2250.493485105316 4390.748950490474
5325.453664642863 7001.630716842006
5950.332688256097 5527.151516606218
9167.047215774804 2331.569212862066
9101.038226081218 3043.2095735387475
6116.318887212755 3332.993110783916
1885.144860867729 346.4498017317541
5684.218949281192 37.39768894322593
3319.437313447129 1756.0314188665982
8735.85953385774 6141.616404977951
7090.7788258535775 4365.4175496463595
5888.700675885423 9549.221474705379
8762.154616248656 1516.4251006247741
227.26695956928555 6464.980106399245
1874.8613411320448 4514.5922753577515
3134.7483869603066 1985.7888782410305
7162.243406992057 6608.388899557694
3262.542033659689 3305.3328625214085
7342.317052030395 4709.868732302206
6441.996168731601 3886.047484942292
9771.085553474233 9851.939818850442
8688.318939058387 8250.787989199873
615.2946662236958 6957.512865577099
5354.818243994102 7407.937630216143
7142.834776379974 8138.360855564455
6966.342987875186 4347.518198464959
9230.95080443253 1446.6001286229157
6293.999091777651 7532.190132635883
7256.868147204723 8769.286604149529
1828.9134916360895 7855.860401648868
1162.4018295403148 2386.695381085633
9971.028364436415 1153.9429068696904
4673.566280579687 9607.429080193524
1969.6054440592382 4023.1455238371905
9408.157570322575 8848.582682146594
1935.3272260980636 5444.985599550492
5918.730046342098 8546.765061333528
9089.581725328864 506.0627894588154
2595.348807070942 2365.8612284753012
824.7240985448879 5369.447836003559
8791.945985282971 309.99286846011944
3119.808617159354 4575.374085557097
5542.062360798426 5555.215974609655
1389.4890461666998 2735.7428286992167
5794.217418129304 1081.0713159708218
7939.488051240801 2735.7891291548463
6224.0918535126075 8513.179557448108
1860.2402412033857 1667.5760493884384
4370.168290792443 3980.6561302791897
3411.0158785852886 3893.813841506365
8091.424910283263 2247.194286175671
7730.034944666617 7876.836750758968
9160.135031806032 892.2427655395004
2051.7845742543063 9706.384667305845
9179.769282655625 898.7892546863219
6520.958369652782 1621.1792828549364
3957.4605430368347 8646.829053148324
1163.1349711207074 8243.102061209212
1962.4390366648347 7016.6843925617895
605.520254733426 6729.111915591811
3566.2980745054383 73.91399005777899
3736.7775978140307 9594.875656221322
387.9078298569094 6637.633009896386
7653.1763139313925 575.3997400806065
8255.242457161408 2926.6385773753223
3958.990077147739 4561.79172860238
3048.344236589925 3432.817110719474
772.2810382076517 2389.600775703521
6002.097711048586 2188.8865789067845
5632.906317299783 53.01763451386665
3924.4408398865085 3677.605316671666
2917.790579588949 9780.54237719554
225.095745990298 3772.1552089368683
4339.208347887623 7331.5546526217
4651.849888442952 6302.4895383315325
2635.023012425143 5859.55282184327
3195.8776309217606 110.00907404963401
6655.534819575566 1736.6518962201626
4754.538354653144 4783.010161343094
709.791350145057 1845.261504049035
7829.54894524978 657.9293899399374
2254.9169448497396 5016.694144704632
8790.372733561024 126.48178692152734
9795.221901911978 2532.7770294360253
3047.1249351979736 2806.3717235125773
7203.55582409278 3905.3757364160024
1854.2503674074828 6713.334881822844
1585.568504670224 4510.059392457399
405.6736357563717 1214.8427165981602
9278.252754157387 1073.972553120982
7384.085176993811 5250.883812733019
8607.336928617422 9504.296647272182
2191.472606687781 6074.812543355321
8623.806389065036 7092.526100796278
3714.962870894084 9597.333267401065
198.0318542391224 7741.097561985098
3671.492137075565 3309.269459869002
9570.686487383857 4532.750301370559
8326.77790958113 6713.837784302482
4742.83706815587 8699.316700983469
4698.513488813656 2216.7361037408396
1933.2990844874275 7845.474925586406
1230.6648368068861 1502.4236364427402
2739.5438836225385 9144.319476660585
8365.199727389228 8567.552635582668
2609.156475033011 5145.437548234823
1439.534243645023 787.5901007672193
7762.038805459133 822.503540752878
6902.428529922704 3660.245411633718
799.2608088906683 536.2363913026113
2968.0299263443444 3199.397049107284
4892.662986561241 2699.887111318374
7517.1983348336435 2345.7906752550484
2670.0175915882305 8108.25779893031
9307.21608779055 4215.857456750826
8693.757252484153 5127.57710381084
3365.426238299696 5527.584878470258
3776.9887120674307 1242.3879530062077
7819.308685033263 8122.440646979877
5288.7021865107945 5816.929524922249
7354.941774813988 5144.938199357553
70.80076727552287 3352.3254790205538
7997.76416851846 1146.505538215885
5622.769957423935 7.215817211887465
8973.99610459523 2147.8975765499995
805.5161457193227 8698.302986383522
38.03517062904604 2524.4709787139273
9474.097307887001 9708.60411142181
6840.595290010062 471.21843435226407
9169.785992267267 4405.034416348512
2664.3095929233564 2759.538784661991
2285.0924368462142 9403.273768362737
2167.9718938496994 2515.292984352561
8961.091249727726 7316.696465261746
1657.5433202266 827.7814095039804
9384.590185747446 8087.469410555318
841.5063383352384 4141.848540091093
8123.387844751099 1821.7598386926416
3030.0980190760183 4590.404719441945
4671.06625032369 37.31096286567093
4302.410693071731 9692.229765633954
2468.46914262394 7280.482105938818
7292.299389575379 1170.0021987787723
3327.22266707819 9181.171639267184
1933.4886405053876 36.0764319686413
5401.353021323279 6187.872322524756
3756.226210572491 6548.608750376828
636.2601390965239 4461.434658020461
142.28182841242943 9158.208143378555
1970.0151085554785 6704.944033065366
6322.0436845702325 6145.3710854460505
1470.1441604004372 6068.443230106563
5836.917922595848 7291.531556520342
8059.770093223999 5691.064661445108
4692.192092837003 631.6426444195844
7520.183856238021 4929.455124746097
4489.970047777978 1103.7774565421455
8052.622282521325 870.2184222245512
7458.746725818689 3741.3192235665506
1840.2307220404134 335.4140471593159
5485.641216231595 3945.8874597975314
6771.893202048129 3263.990685719229
6009.256150510374 1334.2257077916663
2772.8134217248257 3088.3521871378216
9945.58916908449 1669.8543547319077
4032.4395870452836 3524.089664063966
696.3772385814315 3470.367476568119
1828.5179887424374 4052.2340129146473
8728.697555742241 2023.8368190716894
2616.7761931585455 8297.217150503622
3216.6152835109683 3752.857703017222
2588.929516045149 490.0555943975382
800.1117820905557 8132.353940503311
2997.413273048629 5255.098591288015
1643.482787649857 2697.335379679994
203.4446038639315 5070.01064783927
4664.8511898689485 9069.378416327214
625.7217316561859 7922.488320231267
7060.390686390146 4385.6838753838865
3550.2687888276264 4923.5370644691875
8061.306733663028 3032.1345298261695
4107.641692393074 3935.9613529004355
3238.5823866084584 8161.864186197515
4631.910831018126 638.0559347236803
3609.9394686916244 1123.4186612459373
5086.540707041085 2866.301982558237
3305.4258021744663 9627.674547521778
2275.487113915319 7567.214520919767
612.4929646437372 2250.2529759818303
3153.5412904372606 2237.3043746208077
9848.372646103951 7696.250644816045
9708.147065252251 4341.448542770809
5697.029370806132 2146.6828208059874
