563
9159.948070108001 8870.745486245565
9746.21411337059 5219.736993542618
4428.407727063931 7473.419097916188
2330.7323714671625 3378.7632130284396
7715.120320795487 2220.0673429429708
5243.1987644838955 127.99911647516038
6217.506721594624 4777.985451359293
4608.813256882007 4735.616961997345
9575.137932023237 8876.312411393903
3064.2509475812317 7968.351346423455
4982.616354660493 508.27268638951597
8108.748610834844 2112.490751745089
2507.8881288121556 5606.99260194805
7529.0606144799385 2857.634196735418
4677.5690539020225 9317.509679321794
8679.596781912644 5237.120291583441
7095.950849558892 20.797800510580224
1885.3787914641684 6883.491219832776
3631.92476952381 6861.335779128378
784.2844932685855 4484.306720803379
538.1434555797848 1687.944526311056
4036.375572009393 3513.0759972440997
8759.31703700813 5038.328808329638
3501.9286585273403 7062.0290742481475
2641.6191126353337 1080.9579621530452
3726.1280463161106 6917.8999101837435
6272.7559888527285 8273.620917143713
6367.192645545673 8898.852833430868
5762.328984114549 906.2023629842197
1066.0504773137047 4910.127957225904
6914.702496952201 1665.9192525121957
1179.4934886409103 6177.943040465227
2951.660946008816 6896.469372450019
8785.078921036686 5685.637224444865
6209.725131297745 4318.241586337845
8414.868242502456 2962.9964497951623
1067.0675710578748 7634.939774811318
3086.424016644588 1069.1530976802987
2747.5524029811027 3672.6818528947447
9373.31471180016 3861.407080950814
8104.4964647265415 5480.82932947624
493.70287738906285 1456.7689561077812
4.333541799416141 9169.514920183025
7694.419741593721 3169.9728672882998
6510.434135772868 3167.0314588117653
569.2641803284371 151.17062075525877
9709.91900984811 6050.954725624718
6374.08218142413 4448.460818678594
6731.376409560568 3140.069746165245
6887.517609610726 7284.869434500516
7268.974820962384 2629.8794967154095
8915.15227635896 6966.341000806305
7758.539770626038 9212.672642232428
1146.080633538279 6026.7642786148635
2243.7420909118487 6843.83394019731
5744.790202029979 7968.0004160501385
3925.622246810265 2599.282368126664
7797.5548878221125 6267.3375199752145
9406.254025563741 414.62353597872647
9531.363187254934 2201.7522295064227
9717.429637076262 6904.811381861345
9084.746560849446 3477.8042254342845
8367.824379622469 1433.8102978249178
5533.690274275438 2657.951797656517
6847.17934610682 9136.957875059607
2862.139551599605 2938.5225431974936
2293.618177550577 8694.42699969047
5615.448572267409 8961.529951350502
360.29144382130676 6312.393592097562
8086.436764607288 2031.9794467957354
8710.118803784737 3589.216174980112
7057.55385395207 2364.2590884272818
3022.4831617140303 9727.13640707055
5358.982112404459 5795.665031414782
7913.3014342879615 7895.714687404232
9801.325402156242 8782.063198195752
9749.977710751597 1461.4195351783676
2402.8740449857078 3430.1451623279368
6985.328928208375 8268.486231908279
8255.251159899619 3822.682977254618
6339.637746773104 189.37078249444127
6857.583698268973 5957.649166965621
9927.579630145174 758.8238309410289
6298.163314375138 6249.01229977613
9256.840701124112 5863.813487197483
1273.8918338577455 7726.4808057465325
6917.821339146902 1182.2292293950666
6611.638058720195 8823.412805888755
5738.9050358695395 5346.5026307364105
7691.953415245702 6956.56764858217
8199.341714506543 9653.982387293518
7974.430332497026 7978.326522068556
5971.879351404175 3554.106654419976
1685.307047507929 3021.461488021907
609.8512371237397 113.11520061961566
6651.758998413565 6258.490669471096
1598.5097387994963 7190.2507695818595
8253.637455067454 662.0993280149456
7257.968176934736 8155.100935729545
512.2509465231284 3980.0749466426455
7315.197379211261 633.9308812023636
4447.106212924445 3827.6418260873024
3355.099077477164 2993.571198065206
7005.36099904451 9052.04805024573
4815.754406611792 6054.612348515559
6105.062109686474 4338.698355381095
3710.5271138167195 1871.3758694150329
8632.076330558297 6405.089473406876
839.7774122462076 2324.3262042558745
8591.944048107247 3068.2517645582097
9897.52131336216 7741.292842550509
2041.7202650642007 973.3562510479909
3583.4468305939195 9797.07519342783
3913.1885320243878 3835.597589951031
7598.279219313134 3536.707234317481
9387.667219393266 674.4204682918353
4230.563911136666 525.8603906077864
9093.954421886316 2708.6058060733476
7135.513229552426 8852.566235457612
3074.7811957681693 8332.686828773998
2861.642232893674 5987.644705469084
3203.479168427156 7909.623072623754
2698.4975865697 7356.926521524306
7531.389816522853 3991.6046833415076
498.8607721594507 6886.561129813051
2907.8740657790913 8020.323191565627
8271.383345501874 5753.4040339529065
4138.60801740829 1559.9867216969276
1544.6955549106124 2105.682259314657
8934.178619539822 8680.821422736033
771.5983703830054 7614.839106841785
7949.822572931722 6237.745821741641
3372.0401080668994 6377.660656898807
8328.478367334812 478.36297927083103
3406.141697345626 7908.492187427975
7333.149409487803 1666.364568857146
2323.627345230227 8744.555175345782
9890.905576839798 3220.9000846996314
4753.585366058645 6533.077388866895
169.67793446705292 8249.40767327938
7878.5655597785335 6377.152880547584
2670.3300645296445 4290.869030584987
1579.5990931140557 1687.9514329797962
2740.314411605835 6588.390829229409
9243.802278525356 824.1011714730862
9901.557101427403 1274.4794558910778
5893.805300712125 6394.767978293318
9934.034512943948 2479.319596716758
1128.3255940838433 6261.16279300177
3267.840170660351 1561.8294476246285
9255.78099194438 3991.909154087716
7910.3622185546465 2415.208496917477
7957.919187837749 1810.9036438181624
4871.526362660702 4113.157715357889
9838.01748779697 922.0101817367976
2848.8824376983844 1039.8947216070599
8288.280438140684 2503.1289812532277
6795.641800288727 1086.547258740247
253.65086638918788 7632.884657225235
1918.6037030011994 4498.458361183854
3674.315217942975 5946.379638898327
639.2328680592274 9522.389321916693
6656.774939133639 912.1677917365722
5099.981664070316 6129.560646036658
8753.422725275102 4280.798270942561
1909.2757786497361 5779.924959686188
2123.1496788386294 3475.987195854351
8992.415485316948 3445.015309541778
1800.5810450606552 3482.6819329249083
6651.963768866215 7921.173083823923
9819.118499061158 9131.973661392305
6240.031823206593 7841.901959740054
7513.048201298086 4591.031832415797
206.18945013366474 3737.5592596624697
3966.5448410395475 4336.926518285045
6708.566178026799 992.5378345778236
6282.488578520313 3926.4114184189493
462.0291469958193 4614.556282024222
9111.582734112753 9469.444604944852
9046.155922863696 4357.616455233281
6712.340440146969 1872.4266977461734
507.0475682551767 7929.651173129132
705.0924565076455 5637.834821812815
3760.856667522391 767.8297759296571
638.2328580163887 2290.1430018939664
8043.229420720151 3178.9488120062615
2502.5146958026166 5343.612212236353
1447.694993483839 9519.282717285676
2409.2690473108423 7135.746057704339
1457.355937661552 9527.726614515763
8791.013665396553 7820.902869849091
2298.070335220376 8928.014669947961
6687.984495667925 3351.764789088378
4927.634794590328 4980.250846038842
1951.7059290527827 2372.0632440561308
5524.316436259285 2788.9406553519602
1526.7969551974081 1602.164969693659
7449.3978826859 9864.169805506142
8364.781441039317 5519.82691928324
9832.23850807792 9684.52248352511
5978.7552705861335 8921.628248067587
3162.678169201849 9824.792451165386
8165.33586361501 296.2937061917159
8574.434508562917 6588.485351493641
4000.404335527704 9849.3270808081
2864.4812327653613 6024.57016545029
6857.720743888726 8489.069810837456
5717.216295588039 709.8892536312495
8904.576801444025 3117.5115108641116
9088.558903101099 2743.087025601931
9296.228153109569 9164.87608064437
1253.9424252044496 6022.871467074925
5120.922348730329 3465.214377669438
9635.501561671372 5072.88037522392
9039.920915269402 9290.933018664859
7197.572315027642 3427.368514970672
6521.991328472646 647.395739149943
6935.961077617454 1906.394604730942
8589.41973816352 4774.437404329113
7785.259279261927 5986.132604075696
3072.6799340848465 209.82944150316874
3129.8141554655645 1909.3879242152866
8513.461726551948 2740.4422668940174
27.789846266688123 3183.3553353223774
60.854381366487466 3100.0534363540564
3244.0829118597403 2676.1007736379684
5973.0418140846305 8368.451548020523
3236.6861945530613 650.2101820977068
6666.9629700621035 3684.6895379008392
1352.420595139997 5761.498873840718
5650.949730987903 2108.044999486366
8661.780980760399 4302.624523186725
3130.4507487083833 8243.448780730867
7098.978743487338 2785.9058962789595
8594.51441670445 5593.842491794659
2872.078191751526 336.59831306912855
8270.787667506607 8510.13410589075
2469.466601180438 307.33361407143445
6979.369165036447 7080.121417040037
1012.7138392302992 5026.378015849182
1620.9235253964837 7330.951693013173
1192.2142458082064 3656.8275670046414
5302.051422640886 9715.401353681922
8570.826329224377 770.798340653931
6930.98335278359 6010.445124776374
5652.054641825574 2432.1357305587153
1009.244344444784 8477.30602580208
2783.151293412194 7333.1080788779045
6300.013183335259 5415.363477981219
8699.83376361673 2845.0159119129335
71.4809558693219 4088.0154578973206
7318.1530243170255 9719.586993173813
6693.5905268494125 5406.777751039283
240.36571708671573 4617.493460816796
5509.114821680932 4730.623796708385
6365.5027564929815 6642.27132516615
3105.112104314357 9670.755008523343
981.6398422771844 2622.380920465549
9378.37591068998 8886.709368142323
6765.720480579964 6011.097032455598
5118.569953414388 5517.906217195593
8228.09680053309 5963.3733669344565
1225.3223361434361 5115.437432678435
9312.788371684072 6400.7752671530525
6130.630030221176 722.1175266940394
1100.7850245586303 9690.031881874575
8515.497943852866 7094.499450600241
2862.550954338544 5937.71062212152
6989.824489831542 1968.7798517052945
5067.208201895699 6842.966150309493
7047.1124628744265 4743.208351868094
7379.715226402357 2552.2774767285673
8310.671846197438 1982.8265833100322
8163.677926878025 1024.530639892569
1855.553669241553 4748.059656945152
4556.259382146433 2041.764148723677
8220.534033240348 4906.894062811882
3792.985097320649 2190.3454279699354
1617.0453718405874 6311.068630165614
7134.0674547039025 2889.2983213980783
4797.028814326869 1999.9172534392728
7480.199348120561 856.9557602797473
2059.2635766564695 441.20113506755155
564.5988906634203 9284.067252437493
4953.802166355138 2226.4712944232647
7469.411811661655 8420.939544987834
6386.72217978715 3609.206063599226
3138.4071732323036 6288.144072956986
4032.481544220451 4807.173235486018
1544.2328068798295 3784.7803676630774
3228.743451180258 9086.163655860008
3217.31911445173 3595.232565541295
2858.6154714736335 3300.4560518532876
4954.856394120121 8984.813964293997
5117.822200799124 1786.063170220189
4702.0887093733045 6826.644635506235
1519.4159670979225 3286.0269281455735
6834.506005344896 9016.56238518858
3006.198665654237 4932.7196756266585
4368.335906080564 7809.819511443291
1621.1155872114414 8220.322283790343
4988.070330110181 3552.769076771075
4828.452511180115 9371.346331665183
7203.585302051817 7784.702242024284
1283.750748743645 534.2733909551478
1435.746423583969 749.4463574029642
8617.929334609218 8845.090214552685
8378.214748218834 9983.288960506263
9631.184231479901 7543.692747964014
3594.498844494548 5835.247694677945
3184.8116912938153 7056.848576170941
2983.128498688767 527.6540252219442
34.179494098063316 4242.5963257956555
8480.148734544659 9679.478569998155
1863.6502784583743 4836.674562890545
7166.966005070937 9091.772244442887
3864.3394770737714 7549.771180073642
9812.90514895241 5034.056624247918
7338.163795560527 8235.085928535304
6805.659577765489 3272.445705965283
9016.722304560943 9078.905408792207
409.1530711953606 644.7350938896524
8051.122296179299 862.591505182958
2337.1528327194656 3114.651027508779
9958.945589548703 6002.586744438163
4742.305727752982 5926.9006038272655
9207.126499416376 6295.743676240195
894.0936675479471 4736.6181129001025
8564.59287198828 2080.488623397795
9055.539435719973 1401.260443948763
3876.0951190142678 8870.033329121352
9367.311971892224 4499.950940219708
7488.734713755019 3422.0514369194675
8909.219418649503 2584.7279370017873
2205.2715605900808 3679.937692637163
4532.896933499797 7670.107501853497
343.3756704590407 6053.97475178279
6545.830874691181 7531.821695266083
9247.564801903536 9106.432693545581
8875.685709520054 8012.546516901378
5430.641675626449 4862.8297695670335
2955.227979213706 721.8896833565814
4414.035881063776 7692.286570364503
3241.974673715935 7269.856769286042
2291.5176416543013 5983.109228279882
2023.0116042041745 8487.471723952724
8058.341603843954 3685.440790962988
9954.268063823503 5965.179746751759
2827.9507816367545 7201.020662478025
6644.850448290732 3679.110842247083
3200.94890666488 8070.797470722425
2520.874122172608 9477.239422439776
1256.1302760294236 3444.342982355446
9189.556285174722 9761.927905472776
2900.9324549922158 4410.71971031323
573.162883248336 5832.290375770826
9648.755435488112 6928.652213425112
1193.727949813256 7039.273157052351
6283.168243156228 1314.5632303146715
1163.2978619747869 4158.297423769034
8324.106336610244 4030.2331535202716
9670.772758481562 6198.7618746645
8728.734061705054 9857.54579622924
55.25348672088537 5246.659226156409
2839.7296034557594 3455.988376676525
9917.123334817325 6876.013041683483
4236.330864899212 6769.27303463654
9141.930903338827 8166.789407881306
1848.548170675216 2780.656050708631
7198.456377307979 1431.400719979218
462.5388101847161 6712.226910520725
8621.18585687997 9378.86386261388
2575.213289057301 2921.649711676738
2198.731712852231 6635.128594376857
9448.715371235794 9470.53524299903
5063.579414653666 3290.052921772556
3170.5067897596305 2621.833622724433
7614.8579483393205 8455.944007780501
9542.35488434006 369.3305411421821
9004.664864744778 5699.545487992614
3701.608068238935 7510.544103768416
5779.803884441176 7648.801584730898
6520.716557188059 4745.012290283299
8194.62311827732 4077.679421758338
36.03730591738463 813.1714280976898
9696.962525101631 6336.789558652065
4424.53679806717 9786.725813383458
5138.060322069015 1124.491613103371
7377.088273014071 5279.612597856288
2368.5828981101176 8282.630912213475
9109.634459143734 9569.368634100882
56.77829633061848 552.999717420708
2708.5633481654836 8401.909966996429
1801.0825552142917 8045.073861673054
24.22880064106625 1598.4378386609367
2908.3300884445407 6542.527124641825
7906.621639572412 5491.385800158729
1570.051869339687 6715.47924977346
8219.772734626995 5687.030927795847
593.1758023307543 807.3844074251014
7776.555301988684 7685.587363537311
9327.762624841827 4429.924816980726
1103.122719840448 8485.31298529904
7983.249727835819 3726.220978281384
9772.30411472532 4455.35360476192
8135.995669143356 2352.1308608997015
6937.85241112492 9482.760791817891
3904.7492357872416 8477.35565642268
4656.521552340393 2682.315857186538
8006.996172873935 9322.526583103114
4602.525101904863 6803.499318132987
5707.961157014783 9625.403972081185
9859.006958042273 6877.147425412676
7535.373725557049 868.7637938770587
6613.736310103728 3615.0404069838037
8556.936781533168 104.51023853234598
9791.311612552765 7608.870240605912
8003.755590444035 772.9966035674851
5921.739683294574 8470.737513067017
8071.827843426545 3043.4990158195365
9875.336512207465 7715.535305079009
4845.0072908014645 7891.232951466623
9486.46764798777 5406.26966302858
7456.695596204653 7378.258243244968
3543.7310646501396 8366.587722403383
3843.834588199234 3420.0760793832774
4141.760947422196 2110.4647052797
2745.607057804548 8696.665311863146
3969.905673021078 9547.227742610028
1960.5764802513258 6306.166047666875
2755.6185672702627 6990.777023114595
2299.828816374323 9261.370812733105
4785.471067780705 2035.0825675493877
5160.003203850788 6993.632024754392
1194.2801819663973 8453.730749535669
9188.932103483641 3655.7517537063477
6542.918325643908 439.498930360972
8127.932373123797 2204.8729730964487
9097.95418569125 2220.641496595579
7588.6233256936375 8998.343094548094
8181.348038923775 9373.771566651229
3258.4741834062893 5949.972470642735
9976.004558308334 4998.928159202493
6828.1075771490805 1171.0673652899527
5253.066672579554 7330.617814847902
8794.719928055105 4460.06685536492
8629.407022582174 5329.3289237850995
9219.803421944702 1006.5677158387676
9168.857305668822 5331.212196730661
8505.683939833294 5239.9736985959535
6408.289009573369 4929.332669234635
304.21743750406404 6879.960659966884
4219.740782841909 9918.093078251408
7782.314619291816 2935.397335972305
7312.364708103485 6353.138772933407
2642.793305949975 2650.321833829794
1633.0387194095008 2562.2533989988815
3535.383991335035 7210.020473414809
442.0787466097409 5288.4576268741575
6791.545509326763 2397.21276199197
2420.550138790539 54.72958207772272
7778.070483816777 327.7971813243352
6808.269708776583 8310.464951185555
5588.294278298564 5897.566942995825
3276.655346539721 2952.999197146331
7276.046082987875 4635.7578590499015
1008.1671057699104 9413.220794457855
386.3083484110441 1288.2428749255969
2284.158447232648 1652.4999237617221
4147.881144031649 2642.6403652183526
775.5329319552484 1138.8686178639985
367.17433420910606 3859.560023321101
3685.6829279718386 2153.585081641507
4798.579427118587 4888.65707641933
9912.763140559176 8624.922893778572
8565.700541896684 2425.1269165150725
3478.430150169707 6094.224028160266
7069.054029513438 3301.714230503069
2612.7575584520746 7389.962627546688
739.6694859770025 7213.278041301295
90.11480084268663 2118.764850358803
7984.360434950483 235.3923484092424
9678.373949040553 8178.038860576171
5717.252667506503 5725.427457408557
6893.890646845504 8153.065640126785
6983.495190141835 5884.0025261624805
9647.27764817405 4682.11065767866
8354.897632569835 5506.655133135334
5820.0763964488115 6656.313642482432
2013.5750140242014 9270.030594702428
329.9982352230069 2466.8227777336415
8738.501688172993 5273.837422393166
3822.4974703808025 7419.838640115529
8371.208798416685 499.28118246914346
8769.007718971192 9910.936177839756
3760.6853489000446 8346.631948566552
6457.2537102534425 4983.239044553586
2673.873505898955 4479.034646987209
126.63177498533406 4489.723730463508
9706.974303595083 4826.634797442419
5331.725771755864 238.12683359999198
6844.108286227519 8794.528537840297
8509.605459366629 217.64565651102075
6983.707818292239 1470.0161867977147
8681.634477366522 8289.809283863346
9489.338040616823 939.0776748666441
5238.087841273711 4571.61459514133
620.4813960798938 698.9515463226703
6833.963715298295 7147.216394741636
4560.1391905810015 2593.1444294614216
2566.946755604216 5715.164440717863
2679.9391514303506 2697.158720322442
6813.560637887448 4311.389344977224
9669.761637377838 1147.6706851131835
3367.127149649073 3343.8344323385127
5207.726923430751 7034.853831032137
2851.2238206464936 832.8396977102126
8957.715570931396 1166.985672763624
9774.913554554372 8972.08329689319
4855.417934662003 2768.4391226911553
2051.0949978369863 4908.093428547397
7880.241212094235 986.6024237165383
6316.902614096568 3982.0414293164085
2809.2274590853494 8460.234802671173
6975.16347116036 9585.733143358904
9810.46828448053 2141.2115967613345
5518.49374291425 6254.419412756651
6157.322717747883 6063.56603913537
9402.69843489385 1652.2478664539585
6831.082331155492 1818.1919042421712
6503.715113300957 8701.880191777813
9328.546328311793 5118.520782307688
2022.4200277030957 1268.0069695974917
9602.306535057594 1031.9420939419176
9594.193564242885 5525.189699541603
6735.36183689865 6203.687706184575
7315.221597743675 4423.666802955197
3688.015934921578 3714.3534879946073
2415.083024102795 4512.460181126168
253.83734857349572 5089.188671169328
5385.257791079281 2787.326374911336
2222.7911309568017 4416.7301963639675
5515.763393395193 6201.7945319246455
7673.475114407812 1536.3176121646693
4997.207448255875 8012.740716352679
7302.72874457795 4818.47429246814
8013.122616408967 3227.6479049357363
749.7043580448482 9189.09719786563
4577.52733466987 78.90745679903111
4982.819824261987 1737.8444840984985
6265.234260651596 5671.216917546732
3991.8470623515036 5503.069859654161
2437.5068071567675 1731.3374086421186
1263.7054897071444 1840.1035555559142
1083.2425133072054 735.1701039178693
7819.3701992841525 3156.6292459253177
7975.937430781516 3595.3228242281057
8950.627488372931 738.3657218555873
1489.2689253393976 7563.031806213629
2219.235390151314 6890.210264868366
8119.207871774455 7031.51509062101
7767.382882071164 6682.456116185747
5528.150353739484 523.5309901214458
