218
1262.7558124140637 787.2892550585464
2319.541111722122 4306.769746571244
5823.889567861426 5109.675197339793
3376.992467712455 3994.2626836426566
3244.240966048043 2453.517976610915
2450.515859733989 2770.3444017639454
6455.162619030806 1418.72551392895
185.5931222652718 1637.6031253851097
290.94458949285416 897.7612477991781
8198.032696295275 4920.1603035497565
8717.58462898794 6624.171334234769
7772.318353212663 3239.5469109879637
2419.0054282761885 316.48846043319077
5239.578835061584 7679.8600790288365
5813.289708531315 9818.69586903528
3190.7586401307663 4759.202625057941
2815.6429920822434 9273.202367476697
8330.954175225203 115.4278275069276
6221.438996741299 6809.545105675493
8743.782324351372 9917.722728716935
6451.837407389243 3491.796976852146
5610.023507293127 2931.5823277875384
1586.1087069253044 1339.928555124229
7012.689019380474 2893.2430738382777
2098.940894786843 125.13743285733403
4361.037588571615 390.6545537725414
527.6397751144412 2336.4185582020114
5178.966176261859 5801.591367060785
8413.281916364002 3225.423196011308
9528.589917261032 5.515922149607055
291.5123357970073 8158.914174289733
1177.710063480465 7564.323202875825
7252.825758019762 2642.8921441096763
8770.269216783498 7858.113302384963
648.8070947342172 1329.731242732346
6721.7751404621795 3265.6490907071266
9889.951176477212 1079.43577149769
337.0703614277204 9895.17982050311
6962.315407933221 9718.380691439592
4735.712860747394 5599.817726295345
4284.410228614336 6523.682438788937
2570.626362636741 2052.6793495171146
1832.361999267972 2658.5966083922153
1238.5633623543624 2510.5128973367887
4080.530540362993 9794.112666056177
6306.325264610086 4560.549173136995
7236.40249835201 2974.180844421431
4214.5614539386825 7623.833073484416
2492.7215448542984 9416.769307680783
3971.3722588660517 8279.303409485552
1576.45652740406 8390.21962799983
4510.821471852051 2576.4090590037868
6743.351472148025 8564.125931335087
1666.8615369878669 3420.05907374595
8548.44097740212 8306.242313172756
6301.061150107928 2840.2283856630083
1217.0531184514412 1281.6728865228333
3022.9178186704453 3499.547142953022
7247.466064912096 4407.87841192057
7154.427662746906 1145.7250278990373
9995.523612543273 7728.788035936487
6115.9740859482135 9881.672066474493
5423.153817997622 6093.57982833123
248.4908234868377 5104.697976938768
1936.8797090810685 660.450219446359
7237.243002029145 4757.181116818635
299.04553140487786 4192.967649623189
3765.4604181686236 8134.622843852697
3963.6309207812515 7876.361008369927
7801.449216167736 2913.0073968435645
3870.1564238187248 8953.368995787774
5010.697348748482 5285.915781388668
723.3337327836509 7864.035725562737
3184.881746635588 5142.846184371173
2092.745452994247 771.1038044317087
9292.573850714047 8073.715459185423
1285.989434707222 8362.42757534579
4781.830737495906 8650.532230077004
9880.355466822028 4644.0850409321065
6102.751643111291 4915.743350788919
6042.246056993939 72.64474122365084
9068.469941908928 2297.7752309674615
6320.193806799579 1822.2952652227132
7635.935880762789 6277.805757391158
9466.469554750756 242.32630706496062
9963.248557122384 7047.817593542775
7023.910255600818 4632.701182678544
7188.169073998563 6128.499987382869
6908.74629030856 3350.2375302518626
3272.8542854146112 4456.580426136438
3026.8376023386045 2955.170824051242
7472.728880450324 3804.6872970759305
6079.877412853842 8617.647118720342
4512.809979545706 8562.853753396661
8149.756858112852 3325.951331137804
1392.6895383877425 2889.294639157818
6393.4290489971745 6573.048605019924
3891.7661195134156 9029.100245161835
9237.248595643121 4145.275494907873
309.21211274632765 6203.00849478624
1828.9021063838552 9396.790778994724
4748.553043791048 5884.43001731748
6186.694457234971 2965.654799254852
7344.623248819719 8511.421718299154
5480.080314298581 2272.1757704413926
4231.05451129184 8721.310804997664
1181.9902303731633 4337.424956427643
5759.3478282833685 1049.1986821050791
6452.623656130812 5469.590860933063
7505.963164475811 5697.577249700261
9046.034013650362 9188.103698965026
4941.756340109523 4462.817788083755
2274.9663391933027 9390.233882763532
9288.48490876738 195.2986087900499
3126.0493077024985 9212.124951544349
9049.989008279232 9273.457154602698
2486.5832530108014 7295.996868590469
8981.050767042996 5488.071385673832
3625.8100556323193 2247.512202304577
5844.821139635747 5461.5826199855255
1567.6866692746282 2952.0692253421976
8210.098977526131 268.295816592522
7798.826648028417 7116.051397259266
5752.629871139931 5274.804095055001
1874.4170600743093 2908.822190240412
2049.99341893529 386.0009986808943
3916.5546271490516 8903.529083085952
3697.5270033894194 5860.560374162151
9743.588371991655 5649.538897241429
7723.13569229853 4650.779457885053
3425.693822557351 8156.594557285574
8741.718472191196 825.1946375283081
431.0520051975186 2330.551737242512
7065.338656913724 5048.3961649057355
8208.633468795306 9972.812421550712
9073.154921531945 2320.9858952120453
47.742740863030434 6340.348881664275
1545.5180793157642 4223.631382147214
2361.11081386573 1460.464520853645
2379.532961160299 7762.694954743355
5157.464384020433 1404.2141114473195
1128.7710122938165 5580.921232252801
401.1446550682629 8544.66654650591
4147.714328840214 7775.191429335739
3200.4854432368834 460.9593623824959
771.8989784301566 3854.3611081537974
6323.304679941877 5596.3598503223575
8927.619038716693 4473.720890259207
9406.9995594983 38.31628948131161
840.4397323262903 6498.627992103247
412.3808055747646 3860.7420345077658
2099.6621945446814 1678.376966651335
8364.518397963404 7353.547825927828
236.27171095816468 8752.39209353357
3230.5142135979413 7161.698727044196
2184.7906237281754 1164.3396570177044
903.2564088508233 9865.839706325027
3524.8502524604296 7725.773351668798
8691.852411478294 5858.798095540417
6236.185211124258 1549.4429420653755
9463.573606497477 9507.038964747306
5851.142300484734 3363.4098599692065
638.7932211770731 2533.412222955065
3351.6923156222724 8920.63348466136
7609.532718113054 6317.298706759803
1933.3178548681497 6634.698750228083
9833.874586865692 5380.526227602642
3846.0430704012915 800.8844751351974
1852.6413961229882 8712.19281315496
7923.264215204492 7802.772197555845
781.3799456422577 7782.799623383059
4121.926259556075 7558.12514111891
6449.833237921511 107.86322732827757
7422.983587734565 123.77169177449466
292.7156804116593 5043.439089010261
9778.976179697876 7857.749905637649
4339.758828467845 4130.759982270806
5445.936153340418 6827.982416893727
2209.6261520416692 1754.4487068025906
1999.7382734938785 7260.2680851733185
9881.440922076146 3138.541909012542
6612.393115867343 1734.3903626510405
5199.308864928192 5776.818404432338
4751.674316280619 1565.6599740596412
1559.3629671754893 7278.69438269816
6367.861008994839 6350.225276385894
3035.4901221815066 7309.2140524939305
2844.270017221009 9005.99670515809
5319.0497842562745 3811.4298874608967
6513.637981084169 8807.050663619919
9279.526183258227 4021.728982712738
3380.308529773852 7887.891148783432
1697.2040128439248 8923.433642234673
8838.569222182405 2484.9649141887044
775.5915468495244 5731.263434391969
5640.370721288681 8786.339996543158
2410.461086523952 6759.016417885795
3141.058452814479 4676.474985814603
6874.0149760077775 4595.091768425479
6939.625771000646 2891.5197472053687
4566.823744156052 2895.237309344927
8430.403011272174 8141.605604378994
3796.829582187993 9299.180901735877
4495.973765802132 610.0989019277558
3163.841593016139 1987.557773556853
8596.510576618657 905.8053382775965
6059.596318587452 4217.82196213416
5848.60483164131 7022.630054537742
5037.594124300748 1812.5911125390182
6337.063946530397 2152.214517774076
9363.563250652185 7021.137647884764
2866.0335641978695 3298.5835136441633
9926.544112343057 8434.509978965049
1631.1940678634408 4559.855835194892
1872.2270321853407 707.029005605806
6882.676053400973 5670.5844286369975
6814.319425445915 9721.671687721719
3548.7231942117414 5939.308350049665
