2488
4623.781773435548 8600.686958532058
8177.263569032803 7345.753956751915
8746.775883112901 9933.660073132356
2137.4306480469463 1495.679183683769
1028.5221998091288 205.27333578909347
5973.290835239994 9202.75494573937
8277.292097949558 946.230086262283
2350.2847859045482 9429.438705025752
1781.2546510164584 485.90145356958493
8850.085669352691 1706.488311026304
2253.5291980016814 9390.82271080122
3434.721514393884 4894.67519551118
1668.1150008841105 94.86213727395109
725.0692067804665 6245.499582083765
1945.5023878552036 926.4508350037947
6440.216459686156 9174.305194313745
2175.280237395727 1232.3929283594725
4228.951847186127 6059.570189044822
604.0725180443418 6104.423530994858
3821.9148295206264 595.0509082408762
4970.652768085902 6333.819523623879
1942.69525590564 2746.8375356876686
4936.099729412345 1651.0077688476488
7738.444759114953 8205.277454459441
3335.3731187275594 3051.2567460594087
2625.3211026869194 3372.1111225842437
8767.706323125774 3064.181018461416
391.35966564778136 6386.0536213442065
646.7240031977494 1193.9242067092414
7159.125538884978 4465.448196556859
9247.213268463967 5438.52924674459
2382.7678115137064 7934.507316315998
7513.988928671226 9791.14496723293
1438.8651570263821 1700.0500556524166
8439.311519502822 1932.3590109656209
7567.712976244841 5658.5293234191895
1668.8282395209387 4942.086162408829
5931.473359374717 6538.542113247639
5662.031286215815 1791.083743713
5377.868833141627 5021.894974883542
7211.731815267117 1616.3056454491987
4132.872655892572 3636.7010111633067
8418.072591779755 2340.9462993098628
4093.10876983876 2878.8617552625774
2316.116019819808 5069.1671171288635
4648.443531865291 5293.68942670932
2272.0563128005233 1867.1410608743577
1037.5151644591974 9837.307599516109
6991.623744827544 36.18519389992025
4123.7135429368645 1737.8629811256462
2525.263728112009 2790.399093481463
8176.388440971785 6289.471852436837
5008.189854464765 8370.36399358043
751.8283954102667 8537.21101192808
3039.421314171955 7056.0958428213535
4090.820734969337 4649.361043085424
6582.438250545481 8286.592109399902
584.3672539523426 4923.492263862614
61.09709907434646 8149.947174489993
5806.394717000149 2835.8816651513675
927.9680224183961 877.1543472398946
1372.0669402819462 9319.13195484311
1398.2695600329998 6654.3542218825
6452.571138071046 6540.764128560863
271.09497503677636 2062.425555544082
1162.013167162107 855.9368757335128
3800.632619641194 8759.46067715661
7229.327507100097 320.3389556618608
9433.610246489248 640.805656137432
1377.8669730478443 8174.697737064135
3895.1964591632627 9642.983216754219
4657.610198338435 50.226332569480725
7584.116571437736 5601.963068074012
6609.683086100048 9294.73430395615
528.7516529707292 6132.880558593434
6590.162175021852 1782.006123972284
1259.5074035216057 8367.444366154332
5839.88815939965 8842.452904872853
8868.753585664075 5566.920873843666
2959.2898938703092 4540.9253641632
258.14967669164133 8122.714311493725
2331.976723659592 1427.9716319544311
9114.193091370802 263.211187751059
9738.130608120602 7103.70996006662
506.33266181810075 904.6910248226147
1908.489893542389 2458.8824460257297
5168.015864696312 9515.751696176407
7091.982963158016 1295.540226728632
499.5467532745246 5608.834553941497
1844.839516758152 180.20721766732862
1122.650547848001 3529.076024609669
5196.264859147049 6845.254979385168
420.1541203009107 2579.855170633426
5105.5390022548045 5229.614756771046
5910.211098147128 6206.042367979996
3697.657376907726 5337.8447711505105
5533.011407063413 2950.101809125193
7149.403293157918 6496.956383510786
8968.93356396627 6202.83467538022
3295.002839256889 3303.298627911885
7960.612451184478 9389.693479627103
5030.282573533158 4577.188210736977
2277.4116067082205 8165.2403826466425
416.5130473461642 6980.864645955192
3439.3059147483564 1432.4568257573678
1019.8885238443056 6605.737765231315
6608.191120381572 8560.263037349227
8469.85658377988 3797.7896234714513
2158.1590013055443 1041.7312437707126
5479.280917929469 8765.379914080375
2352.2888079294667 3017.135946603985
1641.6821906200928 8101.596824870328
5282.02088628241 6580.105253937838
6205.570172618812 5253.684119447387
7766.196034442253 4591.796458861353
9723.144059323953 1184.968166637379
1260.3569598137353 5847.145169466312
3980.405207438342 5000.0961253556015
9992.929761672465 4868.8857434836855
4937.991330632807 8142.29059421366
8523.408477979909 1349.1810199082565
6546.804982237896 9921.714237117336
6708.694640697693 2315.3347968527037
4249.781606487955 6596.929287849845
3667.245964751706 3465.2087627886062
5740.896141147907 1006.8267987950585
8746.717098574294 4799.599527163302
3124.785614869883 4838.292756825708
6729.276697571409 9672.974708974803
5005.122506777892 1015.2679745905513
6549.816166379752 5690.609595452251
9227.14051995588 9407.748064144565
7655.767242798437 499.30186607396456
7009.485053265154 5084.661047251689
5803.27061788794 5450.488873129191
7022.817304859321 4672.453699785136
562.9472599069196 5358.723007791268
3607.377133511115 3031.6034336664698
99.54694275767118 3135.1149502733088
6768.965158269394 9426.167227033333
4893.2530819717595 3944.4806950762745
2852.578283079582 9636.865685471876
986.4513742632886 4716.578162666249
3865.1934493771114 8056.09633756351
5068.275875720325 1335.9595785315448
303.96444705443 1703.6568122020235
8250.26520553546 7641.600046738304
7043.354445923829 6314.848577146551
2739.977582552088 7486.610537358018
4344.504285324452 3178.027077216138
5785.429371055734 3539.9795135080235
6372.389967461363 4236.5491972181835
8241.734004879512 4256.430866724439
7741.097539947753 2120.464850761714
902.3392410065844 3497.1235959542537
4554.80445810759 1236.1850018880994
340.7711449189421 5653.062825550102
171.82221433700516 5817.753678524407
7424.812103447603 2804.7286022091575
7491.32521219508 931.239100769129
5893.554830837041 9445.572744931449
8947.149453644348 2824.149949816144
5428.789250495022 4603.672626830545
2590.3152918347027 5724.676895898624
3505.6962356086665 814.9727856843581
7651.693397627917 3220.943523956843
2973.837006120443 4333.183389896923
5798.497709123327 3688.348734671941
7797.939507473616 1205.5495568894437
4933.053628780083 883.4671379251268
7679.008388228468 9400.34168563132
829.5587216975964 2785.869184531168
3379.786443250109 8041.059970278656
8164.315773365819 4044.6113658979366
8494.625644809797 983.9858259076473
6567.185908636438 9974.036051648975
132.3291172582308 3469.857126740168
9206.771379924188 2943.9140084924666
521.5503487185314 7387.0762427585305
1119.109993001377 5221.852750135238
3901.847110744725 2803.011750680484
1999.4203232013874 5851.280756836165
8229.500620317927 851.5861567790106
3498.709579790215 2986.215132349573
9205.734964650157 5809.48652959691
4201.817975655398 7254.4034015749885
4925.977021642776 2249.9775500508913
6410.740548529941 6183.326461353195
3052.320002382691 6532.429992186381
7616.829723948447 4498.937274823051
8827.364961467098 567.3282759762832
6117.755751289571 194.90141256584326
1476.1353258756549 9790.651380163168
4619.854402015086 1670.4980111819568
8583.76822588537 6588.170066185786
7863.774296647166 6948.223754236692
2890.2089511570007 5029.337708187577
321.0810807672082 2007.5447547568026
3609.144230510809 2702.100063160212
7831.764952804665 1609.1180722542908
4856.931875051053 684.0775218162154
2687.3393704135297 2634.207439605525
7068.295832416331 3242.2319717247715
5111.505707099586 6926.899667363844
3379.068944967124 4722.251579300504
5350.1086440303225 7902.12400394989
1872.2903724275263 2270.543572095969
9654.381556415628 2770.3645549388166
6312.470778541187 9525.855041649746
326.24477373898065 130.34851834607397
2533.859072259722 8224.187954238836
4691.682044200599 893.8815347067552
5002.057087090319 1779.8134084422445
377.9910547259357 9032.393629451513
8234.349170742034 7336.8294630456785
4592.965312459468 7472.649527175053
742.6239126990586 529.8523879582151
3238.8333240708157 3619.467927056973
4953.782445161086 249.06448703079786
1641.0450435303735 8446.182665697177
5166.046548507675 9073.987887925683
2431.7609577293333 2868.9740947120745
7015.58944722928 8721.993816999407
7700.166985505558 5209.084627291541
6156.434451817626 8851.694452807993
1906.4996385955012 3947.326290944888
897.5770485180079 1868.0063348561805
9253.93747107534 688.177000833533
3394.803139555852 5994.819153487962
4222.275269309666 9276.153440967695
6660.69497407618 3812.8362141575058
6789.564439675242 8345.04056802968
134.82526167182485 3704.3005218760163
4502.672315033742 6230.946066305627
4847.1628678822 7202.958384461852
2004.9730001852984 9143.037052509275
311.2236813406777 6116.7533523154425
4889.150494714305 5761.215641920306
9199.518874983965 9472.381833379133
8815.363122113262 4017.867455727605
2582.367639959203 1824.987977514616
6719.779753293661 8721.221053527144
8052.1550837711475 1282.9070629953987
6635.764712482396 1890.7355035916273
5408.636996476433 7716.519699978739
159.75855097664527 1200.332560288727
9746.900291693662 9051.905411928583
6916.158485919403 5763.17552625186
9768.114203435287 6294.135869083832
3510.2772646583935 2642.0894002048667
9924.212234120956 5981.686634197448
6405.720641878038 1932.6069619778198
8611.168487726327 2142.578892468755
6922.286596720261 3041.017196550814
1041.5439864869436 8504.516543978783
3122.7593839648925 9867.680097473018
4655.494357121751 5705.412448370557
7741.7383742345455 8006.267486666115
6970.445710839741 7557.345380487936
3506.8985385881033 2782.473819936532
623.1656968409494 5036.128964061523
7212.857218174905 2981.1391984520874
8023.962508133335 6600.310564702891
1730.077127459323 1448.608130581993
8521.271078988688 8687.5640623913
766.006963900232 407.5481956765059
4265.8946882809105 793.0774078933855
4642.924696023863 6284.334802624241
7067.687600309502 5403.677755225982
6616.714559339807 6124.5044939260515
7453.479952708301 4243.078090914042
8333.073727262976 5259.667219810936
8863.561925837404 8777.768011281769
9902.41316147914 3789.660511590307
4465.06059767764 4739.714038844904
4771.975126925043 7656.614343131309
1414.055481355473 7541.175508569567
2083.4687221962445 8612.995247630059
7564.299330938951 7888.580296304823
9526.77475686839 6223.5776811109645
8598.920609599269 4646.546465546853
7835.050070414182 4191.691566531805
9352.5052453579 5059.779784735916
4013.818567194416 2762.9771799003865
1694.4667937870283 809.7109455828877
4156.406558102259 8735.274834962502
2760.631977455463 2064.384333350997
8270.343782313119 4691.166324176403
1548.4823478002497 674.2440503741975
8924.115735783276 9470.071655148353
8932.512053199367 7973.109545478335
2720.92272304422 2609.7016945119713
6009.671645173119 2262.769110549967
8615.86251737599 6512.052841672362
8350.88907645402 5991.262999698845
9915.219774634012 1427.023919472301
9213.17172159245 2879.0667873314014
7431.314460698611 9997.121994417668
3057.8090057139316 804.0293457371984
9713.622941890539 69.62011097003229
1823.711228793029 7125.052695257545
2536.6526118056754 6757.914037868785
320.9364213583532 9306.15559429805
3897.3168343107245 7321.723454538813
3837.9720727771582 5196.685001150039
2659.323359048035 5336.163961910679
597.3538253024046 4130.098000140513
8679.352785455003 3832.617435354788
4047.719321946479 2122.8654288931725
9759.571266568908 619.7099108204073
5146.410992869567 1886.6925709833438
6093.286153192711 2830.6028303568964
2765.25845147619 1111.3966898236238
6005.318854666376 1893.1919731783032
1143.1829403013983 532.4136562720582
7735.937175626077 4582.6951708129645
6912.786180071998 6666.056713568208
776.9505400204979 591.5111919224958
4644.101069037803 2777.281232790092
6840.8410334735 2139.1087940256957
9077.192698841181 5638.8554558388505
4928.568565860501 6545.107837593759
4256.321042072684 4947.480223558144
7158.949230667 8401.596604135859
4631.884305132959 6881.531901308272
2032.280742773479 4006.1254756512167
862.3868126176848 3216.7546276722046
9623.143846125222 7054.703225338712
3527.180739306658 2660.3600928136684
8832.082689329454 1244.5189023304404
1251.7556269775998 1620.638083890854
273.1281840671873 2398.994930523908
5850.857801904782 7498.32098544798
9633.896404880945 3.174193558002081
6010.746029573312 8767.584018151374
5417.255897368816 5625.332298799365
2760.3923059043045 2608.7062000712335
1858.3304714151404 3601.0967807256443
4522.471233324279 2661.057370354268
2507.860397693856 7569.243098950684
6888.473608529793 6584.213678551199
2482.72066207879 4973.735276297486
2428.3199578322146 5546.651423124793
7706.649383616095 484.4600856979076
8823.344514248723 5505.600942736815
7599.017072817735 8439.501060872748
9402.548514188307 3198.2916533852645
3616.723096714828 3874.688134841131
8765.534377822303 8133.954096828481
9814.076182222194 1481.545915753595
7591.5439291656385 5557.587223720322
3157.7827014823424 1922.6598162213338
4962.545336386988 4350.63998878219
718.9249245951956 5333.86285354119
3569.324644333942 8140.397026257911
8061.089261670608 2555.5447991634205
3023.055915050351 7508.999297882605
8153.555553864286 5660.76848200182
9160.837763294547 6124.667990321737
2960.736505166225 685.7730088916891
2712.202711459044 3861.847144558148
493.8157756507322 7118.833171313296
8984.616476846175 5533.611747014071
8557.79807353826 666.3356619860194
1329.5052233863903 4728.8404051835405
2686.9558308427454 8090.319669613477
5066.361184133588 8428.279224629834
9833.915205062835 5499.627303118673
5270.993407210275 9567.77661430933
1262.3958903998644 4377.192339141783
1375.0056299098212 1523.5985975085698
7790.8838337355555 2838.889767390315
3877.1022117649613 613.885499708966
8044.275072206007 3144.7614576916462
3632.8306073884896 141.93772684715333
5692.806978569867 321.3196258832429
2167.8960281988134 2251.1767660842897
4792.344918157682 904.0222989731694
2251.1879624271924 1918.2509281444204
3287.3705861285207 5271.906520755546
1567.1830534905928 779.9056943606287
3497.7713990196726 1821.7545541910474
8743.397970059194 7170.87932493339
4982.810265208189 6317.058359558725
217.08586101757632 2744.2187568020404
9560.405081485054 5147.441584919591
8466.382446585356 5352.059035536836
457.12759816504354 6947.081296643154
6984.626760217857 2484.0435715927247
7574.084791570555 3046.074697050869
5042.593613505435 9492.207123054117
8676.120413063296 3566.572482990661
5761.892823129755 2075.283981504834
1946.5347813131184 2625.902745461682
4313.805919378133 3052.04171598341
8796.788308837718 3071.7929907979724
9161.343704704874 9322.383462711621
7080.420658392911 8450.191290599925
8178.329420278698 6096.603472972438
3932.678935239241 7494.078521621269
3207.8210997074307 1967.31816990677
4342.123415096374 4322.052287188265
1163.207976135735 205.23800285147
6257.731029842409 5748.354484841731
7128.827209927355 8779.084984457251
5544.796592727118 5631.408153716703
5082.966749574704 4031.6030606804266
4425.186195888919 5025.814172849415
4844.631139025576 687.7443071286127
5172.2692706395555 6053.152469520627
9636.468762776884 3927.762589655487
6778.121772461541 6869.826098164683
7259.767086966107 7627.079609348759
6070.352539928268 4885.567944366256
9293.445371510312 6546.430013996697
6328.176110210364 5474.131081539702
6957.486018068201 9249.940413589118
5832.120570104073 3818.067260101379
9322.2607843705 2835.4238212374407
5979.021360840515 8242.390760416652
9398.725792220226 180.32706604473424
3603.720128993697 4417.317205775856
6310.475709904848 5338.397019473436
4971.153081926516 1148.152651639348
7227.157931515702 2966.2795763496374
9537.277354514032 120.80835302852088
1029.7706321876221 3215.903582497904
24.55288284951895 3934.29202218459
6781.877725486649 4397.63820073478
1617.4591403307259 9026.935387010715
3996.792381909061 1900.8653310257373
7155.791848800676 2690.993094106738
8419.298007863079 3352.731263336539
7088.257114488289 6270.646241823779
6581.485621132581 6802.499457206861
2646.1335763500606 9851.334382316
4745.809508237678 838.0575195340556
8206.552094562048 7273.72686937427
3014.472238231408 2972.7708111838892
4137.200161681871 4143.538083680694
3362.769825198034 5385.025485063358
4549.02319862304 5658.781653269373
1145.0415377572865 5149.431466574247
5330.766904035285 5538.946751452095
3225.385041892572 9467.80831760724
6598.964934490043 2115.9729438950026
2301.312955153906 5089.708926917029
269.24243443494976 2734.7906752749495
6217.043869924149 5106.3812194630045
7839.5741368798 3011.5812909209903
3104.1336595270373 5608.707799644773
5673.40070280275 3210.8073381371605
8040.6706522174645 9318.80181063221
5080.267914261316 27.449327835229465
4586.275084064025 3236.5836919171807
2313.9277175167126 8398.776743050756
5028.65495008589 2586.79500201068
9242.597380751666 4620.374088500806
6468.48903368107 3908.5561665337555
8893.342988503591 9004.032416195692
5972.924566684489 5998.707809911883
1332.3190054114698 3590.5042283328735
6943.986887950334 8601.819586768173
4414.859536506451 8018.014785045047
576.7221907664189 5233.893033898801
824.1841074465673 4547.812070989926
822.9035174607391 8333.416676684616
7514.745027317023 1460.9257696276911
8629.647968075358 2052.5874626747764
6186.011831446847 2565.6986668097447
1388.3105492516145 433.13563743560655
3734.7473720734893 9393.547783674114
6507.53228211045 6455.3456906768015
9768.60680172109 1810.7927686821733
3815.3384388046998 505.49601863065783
4211.143999652196 2237.292465806573
98.69859290482009 5176.090069221165
1788.0837351207113 8438.011969872774
504.9720587394058 6994.881279548805
1756.9820910617118 9941.53704760706
5758.182925234134 4672.844952896493
627.1608819635067 3539.9428116702147
1184.0820184117351 7767.885846987532
2814.0686093386435 4037.314647299729
3391.4670981814456 9280.21032613023
9181.98792721157 7439.606093714676
3123.252922788841 626.935275073478
6251.2728699994905 5116.41900358445
8269.292510992218 7687.643939199098
9481.065974683532 9115.666802583324
9323.972498433155 2169.242917984796
2485.70786162276 774.9880757130312
675.1159729883038 3407.6097953243866
302.8269600888378 7049.155115007568
5026.744359590033 1905.1676068692836
8903.346877633685 1560.6247146647622
4986.768357504502 7397.65846733814
5018.431978309359 280.7563266762114
5391.684095381861 1050.0314950772106
55.642786452889666 4962.124121425046
2293.8806223545116 3500.499991287519
9386.350282780617 967.7362375050391
9703.16510188709 7903.4633825567935
3608.7113439587215 9980.861603358007
3152.6395414118415 9866.132058748542
1525.2868615539628 2229.56215400692
9950.073914612945 4230.328695188043
5521.638499349803 7322.912356333593
9579.43344298152 2020.0879060010523
8792.012226759169 7571.282984904922
4133.239155460276 9557.3088221997
430.4783882697516 2750.957305140702
7884.953056263029 5741.862673028344
8790.667015914534 673.7301552444652
7151.594073206743 2799.1921050320957
5714.500697681905 3635.045165224937
6450.309475213817 417.58494017327894
4240.094371251725 6839.602293606325
4618.639399309978 3128.940447389328
221.2526807457116 1241.2664719160493
5046.729945271258 6030.992587943397
3925.7700877992197 9884.497280321712
7460.764188376963 4505.590338070734
1126.9951767348507 3797.4072814920632
4800.39608994565 9456.777378116823
4462.8890843270365 761.9518545763904
7648.9909925722095 774.0565031559821
4909.080074917131 7874.64089794838
403.9861023059521 8220.360158356314
97.17036478700037 6711.5525918224785
7915.706392072266 750.8948184653718
906.8265657794727 8124.324808278189
8676.48320869089 2388.1595238613318
269.94654943760634 2219.182249181002
807.9385369733571 5210.090985236166
8447.461010814795 7908.95976452218
72.81423934709763 7752.414869689986
7174.096045468429 5578.459255283566
4928.744883428048 182.93569775583606
1013.6842562592552 5866.378865946134
2244.8781546353557 5974.629573007185
8027.383712795701 7342.439781160052
8718.274983167408 3486.0496021434096
3429.4247399915334 5946.225144226321
7255.529777116872 9851.693227234075
9289.770404524006 9454.638603998766
4626.065623225884 3891.619445572039
540.3462088716016 957.7815561935532
6547.080738829059 4368.747996802823
2551.25567312378 6348.433655531804
9026.135186682111 4853.909534687862
8365.665937039083 2168.217921986111
265.8776041505384 6702.8598771370325
4316.814096325367 1803.9188860281008
5726.439076087061 7206.109082954403
1197.849505733819 9990.31297621534
44.52327538412959 841.5586619630877
4414.990035319981 7851.26340660701
3424.247631468906 7741.579938206598
626.7451132103141 3298.7177836276505
6843.302013986599 4980.308371148209
256.71075772765283 4509.643999546468
9959.007266998893 3093.566089707587
4964.718781442901 7413.822039628017
7952.370682801052 2362.9712706182927
6670.883259463183 1650.8103749088743
8714.253485270816 827.4266892775183
49.35111851330443 3292.284217236453
9756.279745970382 8729.326566999018
3543.334494442746 6776.346463362678
5020.13045830807 2159.456891513938
4900.262442301302 2963.290135580633
5362.385216277365 2033.7081751320352
5985.659824721519 4997.691817388564
2908.0857597450804 3216.3580241555956
8206.624912713374 8749.601135013538
8694.7151610956 2598.822864627098
4260.5406666037015 7.982312928873636
5069.29903511644 4249.4193819524935
4121.926317401683 6312.455614395417
9154.852329225942 4368.811917003291
3190.0941336585242 7334.776682360795
1368.4099909508473 8717.474123669468
8342.547361957924 4059.38384903029
3451.3967333200067 425.61707803954187
3273.8184088984312 3662.72799634613
3764.105160155453 6652.693428231273
7946.7136077615205 3954.0023034878236
3699.5689306015643 8432.716544590803
8242.693890338227 8515.264315758173
7988.12949493999 9223.278036875223
970.3887513440724 1266.8472832950195
3392.51806010481 4170.29050389137
6276.005853848121 7084.340536964968
4834.280382121092 3907.1140940341365
4196.665098537318 3306.3100419092393
5345.895751669323 3825.8802509681946
4607.447261909156 5497.324832105605
6408.952739759431 2190.450551170535
135.22113101618882 9668.739221927273
8217.2603374398 8204.602413842429
9747.068579771034 2310.0798449936588
5194.791970406177 4205.666163871902
6668.402689056443 9046.76775505296
701.8706184651702 4522.981939613002
8045.631961022129 2515.304055941212
6279.021418254674 7222.184613026646
5340.493123264309 134.9333035277467
5006.4363738600005 3950.465892641143
3827.938973751699 2855.1936996549775
5598.0044582351065 7404.601831582889
6766.735570114359 6671.6482499595995
3702.383747535747 5562.679259238026
4821.686323587617 9727.488637841187
9549.603617517078 6752.0869734361495
4138.666818094368 9156.586455609504
6560.199496215085 9870.48801382412
7108.420011388383 3473.964880350765
3824.902594404974 9633.121627488657
8302.328825019804 8282.547040901896
6466.418268707119 7588.929076340498
4323.144095506227 5340.434995833082
1810.8473911091162 5829.637297816072
385.917427822533 7620.857863364121
6024.812653325835 1810.071596316799
8329.150100557556 5897.321117386545
5415.376970231739 9504.615678478553
453.43378383570274 5599.382299522501
8943.35038694697 4243.871205032902
1094.6300226458661 6209.860517575632
3666.598086828885 6007.21301051063
3160.8962222342784 9312.190441338205
2808.4809212772466 8691.079659522204
9997.631000852138 5547.0079367620065
6937.572545218871 929.4707399468527
3891.681993460908 5199.958090193097
2348.3132811396003 7412.27382953355
1285.920192873312 1918.0970978108735
7148.277418357086 8328.676521132467
1347.5541366049627 4140.15577659578
4786.247335842496 8557.063098438479
8918.317999129631 4226.322685393815
6796.298804849773 7529.436219554202
5071.941089919301 986.0902200426258
1386.6234731750171 5317.542332950432
8514.06288330924 7328.1069365827925
2167.82584540843 419.5222250391051
8882.029703366445 1093.860531709755
1793.9494443345727 9970.049120113596
8636.772862710799 3787.412195462345
8580.502817102682 3653.5552277836046
3686.233243408431 8876.292990021064
267.269890869527 8469.289520701588
4139.56252050992 8614.061715809565
8009.706250730677 2678.5897599497775
5663.598848728106 5922.914978134773
5411.2396316235945 3758.8943902449246
8797.87964473471 5775.132821283636
1949.8052621938566 6995.657153518094
8281.715952590344 8725.0312428413
7505.464358119147 8462.46925022876
6956.626232034941 7768.483291564263
4861.971521654551 8571.336887685873
9129.686777769708 8544.965969641375
33.6682517443565 119.19909012760743
6418.1214790249505 2047.4730722239876
6060.098317961944 7813.412286180723
5042.725411641972 8468.531970852062
4514.256119989033 4628.072200405616
7297.473957976441 585.9474666859333
386.3935775028993 4024.6765458891755
1494.9424695467483 5179.790407003791
233.82755343732464 6064.783895608458
4071.921866239947 1372.5380220933348
528.2069655154875 9748.950496093643
4736.8831206173445 5497.161369800575
2985.208242070543 3535.3838551463755
550.7084716653532 3123.3501731687975
6327.655556492659 923.3753130030808
7654.376601772132 209.9520996678006
9411.56049744243 8230.729505516383
9992.0473965693 7002.096165569646
8935.61051139388 7251.040620294995
2825.26357845328 254.36085647979502
6058.135362565321 6345.806116825113
5093.750599466882 1636.7358408121702
161.60559750769465 9708.014553115476
8750.560297371001 2768.021204834756
4733.229324645021 6027.979241109954
5084.071983481979 221.69058429949985
9871.230659235289 4598.833161516815
7736.62566632172 7062.149128311834
8279.906000846027 9018.239494767733
9639.335392834279 994.6890697181653
6782.5743774108805 6074.515507261999
6404.888492704799 3050.3554243979556
3360.0491649862374 149.50300290859198
1854.9062593108345 4877.31062287874
513.277115749039 1527.165778783336
2305.7057096719877 7173.184676932088
9352.305622697624 366.02996663591347
4996.071264277677 6568.287147945607
5229.754541250278 6775.224531393569
2612.903829645247 3357.4452694113056
4965.482887341659 1428.0244475525228
255.38699177284573 7878.626235381571
7750.160044218175 453.4311971006233
3375.574379631304 9049.391065454076
6668.963367965667 2965.476414883712
5243.061714718954 4597.617512139469
5452.641801842 9521.562727839117
303.68338117820804 8860.819443282584
5541.698158943732 5045.310416116016
5436.930321221178 678.786120025191
1840.4624364922772 306.00671667371347
4564.053931990716 867.1451929323925
1641.340726978019 1915.901991048088
3318.5888326687495 6034.855159246841
115.54016742133855 1988.2367665138756
9563.289924171002 3096.5156336035193
7495.087682923451 5093.02388047262
2422.246359937488 6730.7776303132005
7611.975905243381 1954.247184296377
7194.199583572519 249.0275774483197
4813.782687280689 6451.2870981933675
6022.860576882417 8863.904852196812
6441.128391635748 4919.0136525880525
4522.282916425754 3185.1105286347856
1030.8520924306442 4485.136756927877
2690.118059190877 9920.348537163596
8199.798778897934 240.04016031481723
4388.843908392098 6222.135477381933
4767.631276181927 9403.465556131563
3434.8199798497394 3896.6038727133346
3093.089657536421 4334.056087854584
5907.293275838119 9778.315540451043
1826.6446817689941 5221.9089201130755
7674.24069327902 8975.492057631647
6323.497169797044 7610.923951717553
3329.2009008529 8402.958329330084
5814.402616691723 9516.882533808253
7743.015601566172 9045.488375999097
7097.803228969775 7838.822672626959
4256.661440120752 6732.132795822177
9995.278347074845 4005.426190076783
4176.125313312727 2852.49462868704
8103.327152939841 4354.767095741183
677.5364860029098 8408.81557717606
9478.02474014184 1614.915366441092
6490.536735358482 7073.122378714956
5805.099037944315 34.52780726645788
8800.135801365055 5506.574598580402
5336.496748196537 8206.703327544532
6692.063712052357 2098.5454574697806
4415.521110048038 436.01175268361715
6163.898100777805 8495.857711874767
4766.139657259298 9617.75718290515
5234.009714980297 1817.9882626678134
8888.074239397405 2030.167328309127
7002.636060295413 9291.944947862909
3877.806190001376 7184.348237550473
1654.1560173831515 1190.9086675887527
4786.63637630651 3933.4781021983367
9336.9081891082 2423.628510296718
2230.466334932013 7411.862225778008
4616.656738587878 7896.940954875322
5381.972999960629 56.103397187329264
9772.077253384934 1861.683782782314
704.3702347670577 3954.7887970513775
8585.402032016587 6852.65871201516
8826.964476146368 1079.7327978077565
4478.62138737357 3546.1910808339835
6816.2279314278885 2570.9548757013476
6855.417284101915 8884.223474327431
762.1282541250785 8179.214229481359
7331.257358559161 6151.7743260539455
4077.9681632445477 2214.063126086796
3168.852668633272 7344.97733893733
203.00549292468827 2902.0188719324415
8683.441302383482 5129.815555099768
4500.639639282832 7928.5996233442265
6642.133084530836 8967.046155124766
9060.966247370381 119.60560996304493
753.8066168425772 7566.71136591158
5845.014527677678 3711.170843793822
7230.826323344732 7736.013526187188
8149.003474681574 3464.7479110000736
8101.10306586809 7897.229841331919
7720.460637630612 6002.334745682859
1458.7939065407852 3077.7275343370625
5024.072748670427 5168.884267937167
4164.199985558245 7012.033978084516
3133.6413614013413 972.9876189564224
638.1865366896477 6146.305713686148
1517.5438445500156 4713.556065256081
7343.715332484338 9798.432172901646
4588.607546271314 1269.368270986585
6306.846739975517 502.3972771107055
1305.3235400789808 3209.9948265142107
2601.8319035166946 8653.418739028277
6339.843566558926 380.74353662997163
109.68191073997046 5970.767153474273
369.21512549855095 2920.9211365611086
7056.867160261725 3008.067016549414
6899.830201042299 5293.836158004228
7850.567578762292 6966.263895740186
5701.075085575841 3838.6181651461006
549.153442699869 7402.337528228257
8402.686213340312 598.060586975242
9941.349101880818 9077.232961712438
101.33103059898674 1733.3427558321025
4654.796569737982 3149.363371772488
1925.4516131367727 9705.623061879867
2974.495569686407 195.44122773318296
3423.4203710625734 4586.133952139716
6123.871473911111 1128.2759707686064
368.57516635072307 1350.556354353376
9645.978516735102 4981.569543209673
3115.7173146617624 6820.085724632789
3219.620409255616 5744.633747730631
2997.1684615854956 2030.745165257375
6754.929007493674 3955.341495978911
9412.504476583958 3244.142951305655
5935.212007059546 2597.5152768811704
8244.588877442067 7557.008020723212
3506.64189166902 999.3476550744573
3025.5583953499254 7123.484211233597
3564.6293262154395 4892.339405605379
3879.9148756164636 9373.297235242113
4845.485486000864 5565.628021979772
5687.904425629333 9290.554690677678
5604.243906282766 6138.476807922224
6140.873654686749 3812.0791420325263
7044.282277419079 8374.076948821565
6401.309629730414 7710.810302913878
4461.642703386463 9170.713447256827
1933.7883893054498 4948.959212353991
5276.722107394766 1891.7310939191834
8739.071597880275 9417.2362464719
948.2667797039279 4033.6288472363713
702.1012899068724 4220.609868155459
5399.36784445092 9382.003555556368
7055.669062280743 9227.70341273355
6032.427211056645 9767.951361426893
5065.040080174169 2470.0689624886218
4669.82103963211 8812.927213083032
1954.8349917711062 2159.2229618496062
4829.259542050357 7637.955352390186
1827.9886722297867 2583.46799867292
8627.605709253887 413.46944763793414
7867.614083274918 8953.163893535442
1304.178155460648 5838.958820193654
7466.123899847088 3382.2536668001903
3864.3348340048688 9166.979855989553
8091.96958369315 6625.49341016364
4666.394493011079 8223.9881043859
4682.880952291926 7934.964674292081
8909.721369506748 6030.835439466038
5145.499048740887 8456.106910370614
929.0625058974789 2088.667081983758
9144.811976795196 1952.62707656918
7959.996345748369 4171.343018826389
6782.8243449188985 331.3045048690888
5612.6104293281405 2553.400689233234
7994.396394445768 431.83045707398173
4675.297713144313 9002.965368700501
529.2158736462627 2853.481265212434
6067.825165159981 3581.9068369288075
4242.370303231309 3209.5468961079378
5772.589755919295 3320.927767712201
2082.015057146722 1132.0915989756131
4395.2500805339405 8175.165727489658
3641.1334385105642 2593.7554502537905
6640.679040248775 1316.274214627684
5431.4173747949135 6669.949523174907
4437.457365689052 2779.8465295359765
3140.7975628717177 8733.936093500142
3703.8854512584353 7762.430081149339
5052.1781268699915 8258.929774245322
8820.760750747491 3450.2733401123387
2529.4407906307183 895.4914459969287
760.9352548883686 1162.3372479476845
3017.8029909053926 1299.1298127643113
4522.92741497002 3802.9938920741733
3359.1261309887054 5302.165680482608
9025.635111253654 2145.2227413823443
6388.78800627384 7455.556692665248
7943.455558826403 7303.013607336589
1759.2506177475998 2710.5155795504174
3095.8904737343205 902.0631177086924
2726.4669543770083 9066.401460832485
2952.9746097350585 8920.757186902854
4238.786215329409 1380.5015691726253
7577.632590338557 9948.808815970735
4084.0359109795722 5216.960959002106
7898.3383316126265 3698.820263866005
8078.973281062875 3606.258842550727
1590.2134437528603 1006.4279696620615
2326.3086912261124 8893.273344644698
39.964754349679495 2267.572490737013
418.0321693255562 6471.1117058447235
879.8344112449308 7286.836804081842
1129.7728893747737 7129.528618364568
8397.991628731312 5848.677940054255
2629.453832010783 9990.894165575894
9767.569098420034 4973.773203741291
2514.5058217216474 8563.31309841694
8483.808251958815 5785.590389831597
9095.430754076646 8309.637430564579
7658.543669305098 187.68109828820377
8259.512549663325 5312.756654963955
4893.52484420475 5140.090788410174
1976.9936235006046 2111.6893598541465
7338.835946325113 223.6653060430238
9053.05013424898 8589.63993103747
239.94263103762182 2393.9266309395302
6082.4130627401255 2914.3264549768724
4786.657720233176 351.5811308528005
6729.4993305940125 9962.525817975333
1399.5881218284512 9794.614954117753
435.4320445403481 2404.9214163561305
2724.382065099412 9967.318425862284
7444.346010861367 2683.9800863971195
6551.373770399957 1384.4757594678547
5644.888095671784 2486.7293208922183
2637.9762986239984 4384.346580576894
6138.837323978736 9995.937915399621
8983.445900327459 8251.95228186779
8677.29113495645 4197.353577881076
2490.4064806988536 1054.5785801948848
5145.870484955199 9827.285020834177
6144.7842418205755 1044.2863292216798
9133.918209833806 6163.95688098159
9855.572972896125 1507.6220091937575
2288.6822567035 7797.712882060942
4918.11463314707 2280.6071216463943
3633.9843468082067 5759.274960619473
2699.3413871861226 2797.4720934102015
6323.896495690953 2941.9102860370895
6590.699159022127 3504.4983542881923
7405.459348196883 8622.501707304671
2534.2303092079655 4745.717111290193
80.49581266834527 3068.1529978140043
7499.562373197977 4815.10556292805
4685.085056654393 4709.102352663224
7174.318410762064 1770.3138762517733
4146.278668607587 9165.359215224307
3827.72003834553 6815.844716694275
2029.1612062590425 1533.6212670037453
2816.935093562527 588.9965427855415
6453.362965208465 772.6644957009298
1527.9710421196858 7519.777469802303
1136.6599695726454 7769.54500902716
7677.694820226999 7586.381877159225
5614.301845947795 6725.5879108283825
4850.815569738706 9250.713177076439
286.2314335004612 2870.2833867037903
1905.4384549781812 2133.833872822354
8360.370457351359 8192.844979213603
9453.060862521595 3079.100646481785
5988.66406217038 875.331474606399
1003.6457188422343 4651.149435767054
3933.5905040489893 3417.8728002830326
8563.679207335796 831.7727881592118
8956.361709105955 9065.67497419423
2484.8775369641653 699.1277964235876
784.0496336596814 6079.131805784166
3183.4780707887912 7214.606760662571
991.3983311859254 4632.4998506799175
7984.815586575047 4892.085447852474
3424.0837516657652 1683.2406854073733
9795.147246633403 7087.161060257451
1893.7166605305756 5023.272581782038
5562.458046748585 919.3811294569432
9790.880419910125 8905.014491241669
1560.2441968190394 5428.352079474901
7991.028783057951 129.24859923385324
9413.034313627742 6465.011538390466
1969.0691291955177 5288.461657916325
1479.6796979438398 32.23523156387853
6391.985252379295 6978.475630880088
6720.202972171121 4314.341170296056
5624.858164241879 9222.807782473668
8494.268326301302 9472.948026135273
1564.1704642592913 98.35198292389435
3874.0942234779163 3437.0267480346374
6003.282137847165 2607.6042105049523
1.9034345846957734 1377.8844394721689
3338.4939750485487 3211.8026703597134
6781.75994115405 6335.203737858505
840.1229672456334 1120.9881550075163
6767.921823995102 8548.15565511923
7941.531093471339 431.13693692708677
2496.5915872027954 1445.990419798191
3040.0657618059145 1505.1527670241683
8705.218584380267 2965.4059966852433
6157.38399379797 7613.649104045632
1893.2735567450898 1887.379172387116
8472.65187352215 7783.093213970772
2500.676039551407 224.04248123292115
5220.619585511217 7043.023086316608
5614.828233245104 4336.570960032993
6737.594379236622 820.6883023000299
4564.467493922546 9427.942717370737
3541.8493525259187 1100.608399009928
8018.319802005626 4329.821267550038
5251.013403169784 8148.182582820375
5278.801133229871 6090.702184124064
9867.515071169191 3090.623599279506
6345.777797474621 6772.8551837945115
9504.159603434158 3455.130039939884
3022.6639559118007 8078.484199090066
975.4380948939312 5883.354912019989
4846.901844192064 2950.9178672608696
4846.183603637048 7672.861993474134
8949.128927238871 7134.5353255871905
4507.700659787258 1540.410377950304
6080.112813749334 7827.520405261021
7642.517383568515 6058.54202792146
5991.788734547039 1024.428558728202
6042.416675329131 7586.0906438203565
4118.509547910314 3920.9448408524063
6160.426527666695 8194.87005630389
8076.877324006731 3841.0948794592437
2005.9576977479653 8088.9418732269105
6887.295848725823 547.5699437592951
4033.299568774311 319.4996000759132
8017.643863879936 4508.709316289961
2527.1954992362244 217.55227046400984
7359.240983609842 9721.08187198205
1655.2350395119663 1898.2268904264854
5067.538005017692 6024.491582216552
835.3229815650632 9434.651660923708
5834.731924204078 2496.629884728454
3357.4870298582828 856.0201193073624
5608.772350148968 477.482583685378
8302.817902099068 8993.58284753563
8032.986750981173 2048.9916258908447
718.3363452675584 4379.945284844792
2952.8249515210036 7383.364096162169
6735.109447116631 1901.2003869650184
6220.983642617046 2273.809405301911
4857.944562142143 4708.055692868952
4729.438286204748 5374.37746423064
2008.512045931168 6011.264685493962
3106.6759996697433 3200.9602833593144
3069.7580004843817 1818.3050609910556
8840.68788493249 9783.410483430696
5657.988621387139 5412.3910071131295
723.0490901707343 7009.122801862299
7640.019879120826 7431.54808321284
1456.670879799441 1161.3095883587378
3516.304168453168 3774.6158548248886
9029.586009951272 930.6014530169515
7206.95774782936 7242.689519085462
3029.386976144083 2266.4830024673643
3006.1350602358684 7818.645607597372
1457.7024431290265 5835.474337156452
3511.2036421980574 794.0464849663775
801.3693410022338 3565.8560719063257
3186.694153572841 1571.847266267139
7126.713619735084 1784.12219540657
8889.014875110313 904.9837447925157
8785.62860022391 9786.243023231698
4156.434634836825 4575.044924231304
1956.8967557026174 4337.206130487865
2359.8528361792346 7071.887646493829
8693.473173594983 2555.193908633535
4913.395881859139 9704.18442392999
3406.2094664708898 7912.151829355838
4659.885850380707 9752.537085855196
7786.76712839594 6670.3831391773465
1274.7539100753502 8770.929740454165
6057.229153059445 4975.207377353084
5072.976670957755 4948.9388575842895
2131.1912394313595 36.60023235481091
7957.137220109722 6566.250498541684
7780.873777360308 2358.1327010920795
5410.719391246922 1002.6859989108239
6227.065083201153 9809.406119701029
1419.2729245813796 6511.067070023017
8703.468503962451 8488.586910178812
8993.084487854152 2016.9029837019082
2494.2966738110126 9784.515417256278
2568.524045854499 3578.0122854504725
7703.716911622779 7823.273735664252
4981.237897417965 4818.841066284692
6588.019628961514 6571.970910356052
932.8805528355266 2648.37508938529
3666.146243586903 1272.9082805958346
914.0960431370704 8877.18532328103
7021.4819149217265 4594.168494858955
4399.967338219706 2968.28733374478
1217.5796629268932 3908.067441224318
8800.177274376398 1088.135873081525
72.74831949512838 2446.798602778787
1124.6313317608592 1868.214642841367
3173.2084838721544 3734.9869907207612
2616.3151373015403 9844.325640827501
3451.7777961572615 5661.76466411043
2706.670578437714 3409.8170893698366
4418.817717829663 7830.367311429985
7564.792971280118 5300.63841512699
4704.439989041297 3411.1418761010104
240.26591246877004 124.24009343402042
4455.732466145854 4624.250096962978
3940.4653235058818 5250.98874480942
2830.0333485496344 9191.237353296587
7336.682004856716 8505.898080119572
8335.048109555377 3620.0297237881496
959.4261981246855 8530.124963253462
4088.865943518064 8025.8169412726365
6721.793721548624 1425.8140644188677
8207.702960178092 6340.659154932315
8400.787918684622 354.5208374004971
5476.461454216424 5227.558798803079
9510.008220677415 3128.5780715437227
216.95923173596475 4790.117279200964
6413.133227892651 6516.41616041262
1840.9554009199703 4256.797168730963
8756.137608383744 4976.98495372876
3959.8538995776667 6219.194642802248
6337.2022428316495 5845.067538256731
5120.242080678664 3716.6180069174957
1386.7904210154159 2608.4157781598115
4244.181208363197 5484.664998324894
7896.377411160849 2849.2767672252094
6675.432573152805 6023.370858108022
5112.841149046026 7667.025805821782
7367.570112629887 8790.902831704143
606.5292040406745 4955.2529117740905
6197.192707298277 2791.6570834696695
9424.542568737079 9775.799585115876
6645.219972714018 5103.0090022136865
9756.78397767144 1253.8762992531138
3161.5159108460166 4472.859350179956
2270.839724356231 6912.536999604472
4412.853842441688 4020.5072638208985
9812.777111715908 2171.4228505885326
9311.499014795101 4286.272115292029
6524.453828748794 4853.832656378702
231.45542777801452 1400.677006693022
593.9559112332182 1977.8136107318146
3141.6810757646717 8981.899280854503
2834.2920193487184 8851.11059176187
7520.351213516639 6520.579399256141
4076.489345423948 8546.450356626703
9861.507700488652 1473.976591843249
7966.75131193199 3202.7776494192394
3345.1985472864244 7066.8433871816715
2173.354399725991 7279.702370025175
2814.484586082953 2884.286965539824
237.47529690187673 6886.556986046679
8587.443934672117 742.2741686260714
8343.155145985547 8614.102794213182
4829.5822388285005 4034.326249408087
6135.127077531568 5916.065283226134
8221.814048359414 4778.343524046917
8379.240507446832 1019.3212265986517
481.45223233850174 8925.385137412119
4738.742880912315 5585.695195126199
3928.40109739799 7142.627674659091
8230.683007266647 3904.9720838096923
2736.022555788725 5245.607647553402
9030.225892224895 8267.86549304867
3765.9045379522836 5730.253463464541
9206.679038373639 7349.323975645177
9958.028166248288 9443.09166705297
5703.544817588318 4926.703938272252
6132.594869452935 4328.416372250994
3415.935998116396 8063.968208915354
1757.0449663419606 6404.0884661836
7572.19814171391 1012.2202032936589
7741.556505629655 6643.0309449756505
4792.605856944724 3508.5148612642934
4648.5865250311535 6275.371828078363
5176.509405182559 9899.037225678572
7836.778370064865 2176.5798876440767
3560.329983027659 8569.373130401518
1006.825876785915 3469.830044736133
6692.311859870047 9533.739283198176
3376.64987630115 246.21906233904812
4485.957101732486 1716.6834302591283
7285.507602893786 5394.352246114214
7742.588795913732 454.9009276327709
2411.4263972876815 931.2060611198647
1774.4948160258045 53.45935511212985
9983.608283346884 939.063579127385
5213.629761390655 5849.859312749145
5381.229111261827 4238.711887126894
5956.861409598285 5171.004971521456
332.3137268027432 1266.9780957403466
1677.266360397125 6812.29204217644
6561.137144869244 1277.0776916647953
621.9963471173995 4224.669507945141
1179.8689063918844 7943.127815780546
9520.748670263714 8464.663743239433
379.93831622894714 3725.5831726507417
9344.893883729788 3144.0008040578173
2050.869381396686 5942.23198078099
6385.826932171216 5109.601331805621
9839.098708426642 389.7828462540365
5662.123041094923 1391.3601111646
856.5506541151791 1573.9692113109793
6018.59933238406 5074.266315105616
6758.516258555755 2131.4783617353773
1446.393519194351 183.06280949923038
3232.6438694052827 7864.9148704708105
1131.6888147332038 8411.777317554903
6075.616283109426 8962.386871108258
1531.7338559362247 8587.104877077676
2981.355125786991 2436.205228421313
7380.311604210154 3123.75721150677
8924.357030569343 5590.567141625635
4940.841627316811 4411.539452379684
9594.03524097609 5415.992146234553
53.79956274024656 8068.053940145106
1720.7026604540476 4208.667818556919
5566.168498385816 9297.564592128158
1331.0989543604746 7425.750246465631
7584.139727549137 3215.710979068814
981.1304730738968 5813.0597497758345
7656.304760654594 9931.385597863382
4835.758248624225 179.499022133196
8473.092482638333 421.239131479757
6100.731055853985 3842.9134268629105
3959.2214723283128 9788.915322261977
4758.131976780222 4735.002671072439
739.4516392779193 370.25807843955147
4817.4669038735265 6428.2862109580055
6873.938785808855 8327.372476136277
9366.293422078388 4936.010032842431
5488.007950538154 3868.5680962864512
8589.150341151393 6036.280770595639
5462.1767162043725 7037.842464651173
620.8187966141943 6084.596148552837
8701.779857308675 8136.716562881523
7609.70354361144 7804.336792055322
3671.555519681973 4272.862934362456
9689.399721714857 1382.6707265182947
7859.074257425725 1274.117057072145
7691.263352902516 349.71910309320674
7621.906182230385 3263.095355864031
1378.0814293291255 1181.7121283790932
2476.93610346714 556.7899198729687
3738.6933094777273 5344.265686197545
2306.2525997336425 237.14713332804615
3455.6889079342754 2579.7925311254344
182.55461272448926 2732.7805171304544
7043.066115648497 4643.4546244149715
558.0306437883953 2058.604746161433
9348.005488900968 9404.955487367139
2414.185863487601 6979.323550630484
6120.676796349628 6258.857553709409
9636.104576578819 5294.341594499036
5178.2630420915775 5124.008335536418
6353.153079145743 3685.81062599062
3324.1520780108967 2963.037547313528
3279.142954503663 1128.1633634368038
4630.509543231366 3715.792395999119
2188.4893661296887 4726.627263628167
1952.2160297539515 9815.955951296513
9580.918134653924 3033.851224963985
7612.414150403538 6047.992883221409
7315.785026762806 3387.9199139068514
1084.676518734571 9401.952131778356
7538.092492411158 6621.668747235793
1194.0745836321144 1796.551395461503
1571.8008602841337 4612.357002084913
7869.191704285206 6066.354171009316
7622.048982259756 3572.3921595932707
3799.386274351395 9446.743731697277
106.4102436638148 8725.944489661615
9486.384326427506 2940.7888685872817
4226.335334065172 4072.9276823034443
6126.538749278196 9414.985375718727
2993.4338641654913 4310.961244343681
9519.86100175298 8046.248712502694
341.2800384520098 4667.578773176118
4774.2001310959495 7830.425981485783
3181.9272875727866 8389.072991595094
5957.701227503477 8262.980227476035
7307.343080540455 939.0243923272357
7049.95231474042 1015.3979563952842
6889.486202609953 4578.690363509224
551.9806829243889 2456.256506178115
4998.765014598816 6933.072999890275
7937.540458410947 3203.7787629240856
3039.130792072543 2390.6340647976353
1762.8858546242832 7547.096468153074
289.07696634162374 5741.2513762888675
2699.4970384169783 2536.3312157282035
841.3301223904457 3326.1654445713652
6013.989864926086 3816.9920874123563
4150.032100693003 8155.295140540459
1091.7059696289489 2872.084300391452
7122.73254699331 1941.4500385631993
4485.244667298331 8235.707102095077
235.52330241312978 8807.600428733242
1666.4663700910353 1454.815587153785
7503.161897613604 2542.5130410189668
5170.257625206508 7101.209564750127
302.0497680758905 1711.6981692223487
7140.620950024185 4973.6999264811775
8022.442851194143 4674.750769133531
2424.4111402458734 1780.8016721296126
4317.291519848467 9616.818984855214
4305.309423340797 9057.184084196962
6318.617556215307 3071.060730043965
8730.391334238986 3842.506178310956
5608.3583393570825 4090.603527755352
4453.9106553008005 8739.152673588687
3959.1165335797286 222.65085148271635
5907.684823688381 8365.776331810112
3901.274590781225 5744.027692584803
2804.736403122059 9936.446308809129
4026.4472024684173 2236.5945839225765
5492.608622692167 6720.588118962597
1603.2599494554745 6512.60086657574
7895.037904483263 4476.795027305529
559.9595445332018 1144.1889335433975
515.4348204161563 2603.979742578019
1179.372944045066 8407.900925304406
4422.888096226456 3716.2278310898864
8955.255162565865 9324.181612311695
3401.171567457435 7623.099278813188
3975.074273836281 5653.509273398564
5513.503176888914 8285.024896357274
8922.799619537918 4204.929803426937
7220.565071931038 5213.823876647559
3336.2791188877995 9619.408074529609
2886.5651777844646 4001.2695014688593
4107.300961390105 3909.55099147861
17.882724004305572 4184.01270950478
7378.454286996989 8468.900511188993
5901.10664856075 6491.067489405357
4969.418705308135 7008.129473154916
4442.041677181575 5670.4557768054265
9256.326956535677 5932.120018396195
2954.523219771833 9554.491538224976
4031.3625460792446 2041.0417545620485
7407.644718697314 9798.583223686268
5285.766596056446 6120.186724134662
1212.2729877242978 4816.318875195443
5087.947669969289 4977.461694280059
7012.484404559064 833.9928808285867
3769.401231788554 3794.076817145585
3144.827962595598 2700.6179945006725
484.6631720001571 5273.109864812973
6438.081985464108 2114.8647904502573
9877.532847674162 2002.2677687416467
848.4385367395475 7268.253386720661
3064.323818828475 3691.307470018512
7059.818001311881 4554.31989886343
4435.911524442048 1501.2171571494048
1626.273904497746 9956.3654046071
1883.8597904602184 7551.399514692524
5493.223678239244 5001.788328891283
6971.934219956607 8872.744056012742
806.5009550537505 9758.892261696545
3302.812035299031 1568.6076383992597
1802.9885902903475 3252.4492554230524
5870.82742481024 2752.371108095042
273.86479316619085 9887.193001917152
1545.0946517911857 4949.376490158739
8601.25230403787 8993.803401558276
993.378328798259 82.68991281903837
3691.3315466725094 3449.8361270508503
5335.585449159867 7906.276514773952
3261.7412052144136 2478.4430843458817
6606.7767869824675 6805.815820803224
1888.3580312098325 3190.615774944996
9713.108410171702 3256.523525636239
7976.310700584486 5212.080753063234
4980.128772174791 9908.98977214478
4392.349750608504 2823.8582726902227
4621.371369096609 1268.180095459991
4880.459880074452 9445.897894302765
3496.206657285187 237.39304809047957
5579.869642736438 6.080138094693988
4379.417784926456 8418.099363302412
5974.375032594824 7762.279493642197
630.9966418361735 7988.237266711313
6424.1606138717325 3483.062514339811
4633.159871821362 3225.674724697569
66.07111222904916 6542.992724416359
8652.606207396619 5300.189159228773
5315.543749841052 9451.401546525674
5889.55248838977 4826.4584619520665
1463.188069763749 9608.875574907244
3391.095268998372 2852.196853451101
3931.254725460611 4673.600951590059
5234.971396986582 2449.709428670307
7640.008389519806 820.0978842663953
3930.792342666477 9885.777573496478
6631.282163162377 6385.76517272211
339.35775332715303 6463.935453259868
5606.256099220485 6926.0526753766435
7576.65738446979 9564.828043337595
4356.76904673203 1536.9578051325693
2347.6917670491316 4154.490500979177
9204.24068712957 4453.948227088554
7946.257464100103 4087.024581396187
6507.539376419373 399.28912322560797
6760.358064072219 5897.290247621229
2060.9082058524496 6925.1552722656825
6538.913277602134 6460.870522937443
6775.313928062556 2087.7915100753985
3903.9653188587918 9892.708563087137
3421.362326480898 1188.3777524172644
633.5813956637737 8362.456541882586
1409.1773769925985 2029.1493759672962
3094.1824639080496 6123.716397274881
6590.417249945438 4158.706060206595
2867.0344989198693 5985.994563527573
889.8580416563617 3918.342441412601
7092.153821069222 2702.3278762170453
2208.7462078315134 3751.6168047711585
343.9026340338169 8302.189871210712
8489.38451938125 1202.2683008444967
5956.05494046584 268.4123441780706
1090.1850008317704 300.98302303178895
3630.1364754115284 4638.511427864937
1692.6797986675135 5629.402620863505
1889.3552914127165 2604.939022289963
3846.7587029332117 7250.152240910176
8481.455849829455 995.4246429684565
4957.656896913985 2904.564751885198
9187.344003182192 4133.71398801248
7027.98732872705 2405.162044579049
5658.346818511231 7012.648170451471
4790.378321596729 7987.846436506251
5883.4874077045115 7455.672495212224
8001.038219410977 3539.1492990656625
6679.168562277842 7999.498595543656
611.8406470915638 5076.768040680321
6197.177040750468 6599.79088400084
3298.2844466445617 4637.019470583269
5862.9337368349425 8943.383329521368
7392.948814839925 9810.72572796687
5384.432159815402 4144.676853295795
7658.834382124283 1569.4368837769534
1513.3231712931583 9910.50579385672
8534.239437392298 3736.791246229624
1093.1177449327001 2876.904803935545
3490.5916575331175 8485.19857046243
1595.4988005024406 4752.845820430678
9966.919725685404 3575.9257353910066
7824.243456246175 5150.157036969333
2979.4120783414824 8711.054850724158
1757.278311999515 7535.475996551064
8951.78124558161 328.6718333224592
3600.902949947541 5609.230436901836
7571.914555446087 6448.038185364286
6046.230555272088 3598.2774029782495
3552.5525153235017 5759.385264959565
446.41716376324194 5442.977545645764
2058.5158218731603 8053.363813097789
3174.256758760814 4666.1179323910255
1260.2513635656476 6298.070117216062
2773.245071416155 8830.237857166545
2983.243986875829 4196.96378599117
3681.2215941916306 9921.554922861906
7745.103220304857 6898.8777181870055
284.2230585548222 4742.826375927014
3606.8983849721403 6681.717544011006
5849.191310549897 7454.124027175637
9212.583354644523 9894.333546732556
4487.695749023509 9769.639664958819
150.11665821218267 6216.441163720356
718.8481181895279 3000.278362240152
4340.148114127283 6384.355294682286
428.10099858764715 125.94232884912348
6542.910494250495 9930.697751437106
9059.637076813055 5388.038890848276
4271.2172773908915 199.1215158625259
7733.572108505366 3511.8979572654275
7407.235503366384 9920.492233479305
5645.212358135878 600.4189624523349
1642.970116189959 6974.856442878227
7582.117666379719 3984.4042705574243
1499.1540493051625 6613.9115982012645
8685.743532813152 8871.687914017668
2124.516906009417 3381.5931625666685
4687.945121420329 5506.296716576127
337.1553994958021 3245.7743639861446
4768.645548692918 1730.530622646934
4442.009151864612 4041.9743980609724
5909.486489892307 2336.9836130104827
9243.197150418631 230.35144548586794
2159.2914853520083 8404.171859848928
7367.250790054531 6180.158676316238
9580.691478317287 6928.573284585551
523.0277488244305 721.2206276521426
7813.276296832502 3497.523903765708
4646.373408945648 4539.8891173794755
2167.1503690121763 8491.558152067662
1012.3524999566058 1147.3171923785076
5951.789211924937 361.42067129631084
1345.136333942587 1610.7916556806479
1348.6068146298358 7894.115551868359
8715.410408564208 3014.2438758726207
8551.659204119951 7064.002712389527
7587.415737310157 701.961643259591
7129.426984106605 7059.090168686723
5762.516718771071 4759.90128596841
601.6354474054986 4379.311783589858
8163.445182624902 1901.9045276189938
5078.58274798932 3522.7195736154426
7413.140361233988 4953.502926072777
5476.466797502304 7707.162695870381
8984.368858794289 3463.8906717053064
8300.715867087349 3319.1648444237744
9331.074377404855 627.0358804506726
8280.340501081133 7338.34988723794
3859.671627055198 3655.78740100455
7239.844076171977 7854.9105171575975
7858.26577261488 7028.230786002594
7511.244247060353 3979.2536584295867
7574.0461673143645 613.4319960393941
8917.268948617075 2937.0933870780923
513.8624952667515 7584.102666778949
7897.813029126098 8949.909855179189
3740.263656922438 236.60715063254733
9705.252319662077 619.8264197360237
6445.044366381909 5364.126181879555
9760.22560412572 969.6020494144464
8404.604170424964 4666.680155531219
8238.021973755052 7032.576768662505
9056.19841350362 9832.106043418831
2746.708364692376 3944.0421635316115
2881.417033178063 6384.971723600269
7561.667338686615 1854.6630428861345
5543.0011863720565 5175.807123780447
4297.214465489463 2668.198813625594
1793.3664978082363 5470.91266144074
8124.490883861456 7599.932832414153
557.9708180520804 9003.406275440666
5685.837735066298 5858.839986374968
4793.930219689277 59.05482518204997
5709.374996842775 9375.682878172687
3734.0511854125016 2695.826731799682
993.5242208247641 8430.847313802813
2948.7111903279183 2533.9962789380565
909.7287689176848 8279.886247304983
3292.791603189772 7204.01897494531
6862.643506791493 7431.369827211617
3252.1238248028562 6502.284187948851
9250.575730417562 4100.786143607899
463.68269190134924 580.2516955031612
3384.983769282428 8545.875125065411
7256.021195142298 2080.3573765552587
3556.345848954343 5482.920937522955
1941.2120773590968 6032.472930701577
8974.732486636924 2590.1639734722403
2286.820604011778 9537.592157533692
2666.9346939518646 8223.643100200266
106.2039148092353 1790.8046332763815
4578.003862381755 3902.408136685247
6227.695459172885 3833.5125433744897
3103.5912179881375 4864.193124278789
3238.000307513765 6575.234259116643
5070.476442624158 5049.275891653585
9342.389972532377 5088.228371525553
2786.1971328334134 1239.3910413953636
444.05271061919603 6953.565657701015
8194.706233865194 4760.206588663359
9117.224569736523 2525.163571771535
8403.499852240604 8150.009971827289
8533.481464633307 5378.689798487801
3888.670829911327 8503.897445501087
6597.852482937874 1925.1357980903995
537.8635439948332 8821.891708577692
561.1676005480692 194.2405230347466
9357.116187069014 3621.0643097089214
5197.32744056805 9130.853303942065
3146.098102610302 5315.868547790992
8268.940797876507 1397.695632494278
7737.259097608586 3427.5396508699473
5452.0501538069375 4640.887675627795
6497.929169570935 9552.552634406447
3150.422049706173 8449.987829707965
710.4164791416179 7201.770039033411
1702.1510548902775 6832.186291018247
5173.674600438441 7116.05725845451
3366.0888648447494 8920.68590005169
7911.117584636058 5470.775104619503
9172.876018370558 3850.189302270759
5222.684470753973 4500.709806282
6235.120592584953 9257.810575749541
8485.264513766286 2508.631353500652
2433.5330420138603 6705.60927288672
7084.112925783441 2964.821323651523
8530.589390484287 1471.3461383601157
2648.904059362326 461.54290710474277
8710.567736034613 8616.940428397967
3371.5797855965425 4655.574257646286
9304.55866751775 2019.5103415081471
3599.1712777663765 2013.5612746385223
2031.3255228451499 8137.756023562109
3123.2865597450686 9169.089683541186
2469.6499781448633 1686.847210338016
2628.9687854363597 1007.0167488172455
6675.064596225881 6107.860263815042
6619.150519977607 1209.739979413945
8863.643850433682 7743.202394035578
2796.943884238188 2931.726288913643
907.783577063278 8967.35350737802
7366.515897320741 2512.764156837816
23.673810149527075 2172.6439142614017
9004.326400179367 9697.035043588436
4477.424561800216 3472.6762171920245
356.00741658582956 3694.2544181328285
8396.579605491788 2261.3947658701327
4830.189114508221 5600.759581065129
5846.013936123928 353.6919536987415
8189.0887364042965 4192.571223022911
1211.976733718203 2333.8332837191733
8976.693299402314 3909.0928848377403
7635.306045878687 6950.87405807704
9178.886164973155 965.2523804378233
7744.61252117082 7925.629892609721
6675.881460687768 5961.532998492307
1262.4877018859072 1371.6560934368072
4025.84267830531 9105.47784414979
2192.5633992515104 6183.07831483175
3909.583599609191 7214.8985815804745
4242.511367373611 3205.01091709648
169.76238764890073 42.151779176016205
6897.841020158012 8777.687393664399
4793.991571005465 7140.494675736338
6133.614483157296 8333.319420021597
5419.810259352839 5487.666930398312
3135.9683369334903 6125.091979832343
4980.472394765304 2388.4897823064475
1602.5922577335239 7880.590900824272
4964.027308348615 7797.410997685792
9201.086809635473 4197.350156856718
6424.1783016674835 5133.567625189978
1586.3807068760016 3836.100655255088
8359.926143031309 9905.078335338361
8013.159214938428 7717.684879772164
1372.0165473700085 1015.9152216995838
6026.518983529011 6392.502650767981
5607.72685919249 497.8507779563113
8973.829444493247 6026.734397422096
5921.543257658266 3591.6111566806185
4153.047857093777 537.4841336883073
3907.7976392472724 2595.509494943381
1297.5014596779122 409.3754187624521
6002.341731013195 4706.475757205029
794.4106261877981 1938.0208581285297
9203.862513099823 6197.537577929305
8544.201991812291 4171.178401497032
1131.448195010838 2707.444902409205
9689.915931675934 4656.299709675926
9113.53683709349 8162.2812982894675
6580.786249744875 9253.561233154649
3794.389838456845 2905.5313264605134
7281.328828559097 5736.367487502552
6347.7555550930365 4982.228025414172
9697.051447401847 5676.698522262841
4803.393421901536 7204.435074715971
2960.147571862568 4200.568967137346
4220.655468697424 6619.464347062577
2103.3209149791533 2599.2553774315784
7484.330406026157 2308.8667475403513
4247.134039731713 4494.839340544159
8351.473227869348 2065.378864458919
4536.0589125022125 2284.003413542358
6043.960253307222 8426.643329202057
7880.655323382915 6921.910206937858
1160.0233237180146 9788.66865861193
8198.081964171968 758.3827219554828
5969.03285056058 2878.6234400636945
290.4034385420573 101.49443449968487
8257.316975157504 8735.716359206663
759.9249695767573 1459.0737279128407
6808.815358556576 5530.538754747635
3433.051358570571 2996.5091409298607
8332.88671271785 8047.39569496251
1648.9302198687117 649.6399153341658
192.6028716860284 5460.791181208337
4466.411951382391 6544.403528608918
640.3746455047277 6156.371190207986
6352.615414315777 5900.303330527301
8433.777821339365 778.2708297581564
238.65958497376715 7432.649555707038
6682.95286536941 2428.9532393272807
1962.8887308222586 1418.9179428297937
1571.979964670227 6004.263845437794
69.17658782668146 9057.462104507073
5200.133452744211 7015.572361184016
8687.670249578638 6522.201656115271
3204.9479435981843 3932.5069954232395
2797.5908110129744 7204.807745867636
2057.533334455426 7073.932002532078
4556.4827915445785 6036.287504327733
7961.59835354118 1381.4566692500653
6577.561337359297 492.76689844678145
9141.156300846389 28.907045280195387
3046.576015780005 3915.6613069823297
5967.900102982687 752.830450145624
2391.8794040638804 8114.310195246175
8857.75258964525 7033.2455239750425
5856.14348456694 3869.544902185482
2157.110971939721 1810.4866055700063
4765.445383921319 9919.553185544053
3342.821398648159 2293.140335840437
5551.199297051778 3284.7860491309775
775.9361620933803 593.7024119711509
5652.683005587697 6376.55130236395
9977.817256193073 6422.731504475503
5312.671988693911 9234.323579862275
7938.172989933288 4878.914948221427
9975.955755861596 8449.695572762985
7318.122407745243 4491.599744579083
5510.283116814292 7860.281665194482
7577.402782276296 8103.985645270089
3791.5455268261912 9934.776290998932
8033.34935131925 1929.317774761916
9329.768453047229 920.7652763590912
8650.2925608889 6169.052599007974
8559.758823357055 7289.771183052143
7961.533221367019 3951.1193062500283
2180.0073403438523 5789.409887701104
3942.0710773465885 4028.031114314975
7495.720668346626 4500.425357067344
2878.7806125483216 6668.747907709895
2106.6217861150717 7696.7559373696795
3325.739326168012 1484.8276048737407
2477.418019377106 3019.68411304554
7085.933127402865 550.5496228065388
938.6079434359917 5502.5045931048335
6826.5780857004165 108.32664616788001
2487.5600612559488 9320.039573357564
413.8106747185277 9394.87131720771
8394.562222451876 4787.721838288431
5343.51850075287 5680.21563569588
7065.810557128915 5097.855113135905
2748.5966024109875 480.8273650466166
3875.0635663205444 4556.049884053609
9378.931476425445 3089.708422440943
747.9623792997292 7668.730712784733
7678.9266369712295 4060.4958319924776
3167.7773375809415 6332.990612940876
8628.406590996618 3089.2319870988904
6968.609625988699 592.9703059383573
9366.244234836824 2856.609521656176
9791.84003960277 6952.322071551786
7782.076073799624 2825.135225424399
2403.8860295490417 7070.213276532502
9239.985733353782 4729.801179835155
3208.0894994430787 8818.712792194257
6389.04971307268 4557.487566982178
5230.827521064856 1142.295574161226
1619.1560440397334 4179.468446842266
8621.701152374997 3935.592502278803
3136.5234667769605 9483.02461901821
3279.9238570533894 4243.398205541315
9861.859989448752 842.3170328587881
5603.7961720016 487.3469071862158
7395.122947501464 6075.306258057691
557.4215690380979 7136.551178960164
7144.348610738288 5652.650314259597
5258.57918049367 3264.893987778862
3382.0441819196512 4856.151138973119
3113.939639942245 9775.549839965131
8471.145025697868 7828.461814193925
8162.5726984746325 1723.7074866193525
4793.555572631777 4012.4047739847115
7735.962179726323 4131.350408571667
3017.813113147737 8347.396753712907
7802.508825806287 1963.3495689229474
258.42174922429575 2772.1095471791614
9436.768535643558 7522.005009009486
8407.928164543304 8076.645171697656
6738.438234747002 1417.5737874532667
2463.8146519905536 1954.1358286656618
6223.364886019363 6485.199351499566
1025.8165784896134 1220.826913920393
5218.624640834042 7544.063094102499
6305.269629417705 3605.3371150313683
2115.979168539296 3732.455219726407
8966.622323391435 7251.932703125913
4472.782374270091 4302.862909778586
3912.254649598922 4139.292905069412
1896.6822743643231 3224.0604019577036
6725.266573390923 6985.383900145881
9410.220076265012 2712.5737718231544
6900.910332170006 7890.70037479647
3563.697880598593 903.7899331093779
3225.8607015100347 966.272262206821
7949.456711280618 4273.364837181386
8705.527038284306 499.47818820397896
6967.961542748502 1132.4776349236442
7293.136129423236 829.8432770197761
6705.867629717253 8545.871195925654
2340.3179918237906 4038.6446253470863
9608.496560598887 1359.5045782728787
7167.453974492481 6800.284453318285
5263.926797484162 8675.038583034126
1443.0544458427341 8300.032693663175
3063.161800221299 71.26442333243776
3164.954044682312 6991.88311500815
3760.604938649196 1147.9747922416327
4952.1225379941225 5151.904925664695
6031.341742255006 5555.668908873925
5084.410964864426 6676.613812996941
1006.488441011153 8574.873838555652
8268.56553925526 5382.5289642762145
2465.13520577437 5521.754862032379
8462.354675449578 8182.218486256381
2871.179888377373 6782.074333923029
6254.675684556842 9943.779842710075
5765.6077279710535 113.4586075020616
6278.020479152966 4584.843882028128
3159.544249826014 6.31208767001179
5920.693403673303 8.826111342860044
2520.6711270162195 3356.61549672987
5209.692209824458 2860.295715941592
1705.3604721485638 479.2341331483252
9151.181791763202 2757.9683261902555
1761.1499384189956 578.2506595784287
8043.996919121493 4657.974156460116
6908.945113455206 1191.2317335181954
8322.6360005626 2306.687572983155
8211.601008961194 1837.22205178917
6339.717858705631 5361.552126080926
2445.305752481833 3123.6584505140163
163.8890566266804 7689.968741646501
512.4437778561353 3905.2786969678177
9947.68691045544 4600.459737106459
369.3922271916439 738.4952249660893
5710.879822592862 2316.961366084304
7889.968199763868 5837.596463021248
2488.3170583947913 3876.236130895071
5345.000978518526 2014.5213258609617
6707.343192250332 1810.0393913110724
1250.7822351531738 5671.85300516948
4388.340450671776 9467.813006984215
7223.9031605483515 1819.0598967421467
1302.985031639593 9642.322608327295
7177.2572944749445 8294.907568223009
7578.312123746728 1279.790440441826
1701.7524635376658 9904.35583864663
4400.705756763062 2487.7232794475767
5800.540341665687 7016.142437371864
8452.442925467753 797.7687522983567
1277.3389152233206 7317.649170443536
504.43409155482954 9697.57898084552
6027.689031788974 3886.5349339262566
8192.324912941916 3814.7981490023153
1241.748704641874 7514.009428879957
9419.132736022257 3817.9345144717204
4099.498513827781 6302.517713830664
2056.1097071424774 6093.010417292369
7923.995027313611 960.9883632416694
7654.541437015214 1561.5375668934528
3955.57545387167 9933.692912629966
1734.7040487357567 2624.491186679202
8919.680368539013 4524.159094636927
884.2159877860034 7148.606720381467
383.2297723569234 513.4594593314068
7376.54430366675 3655.460547703103
7529.253659040648 9422.600708444601
5311.428127255114 2430.4367173098994
8426.738384004853 9531.619922404838
8382.512747376764 3137.820463654634
6132.425029378238 4043.3905639762056
8293.48866494196 709.904873106938
5033.5503165293285 1368.0262848708458
4572.557897732808 7772.132368081817
5725.299287689937 404.1690268400977
1076.0560457609404 3672.9367587939055
1413.990998531619 1906.3282550043937
1825.5810549897967 7306.089569753088
1346.7936039023898 5552.838535528397
8988.99156305485 3344.998848146499
7091.030696811041 1166.887160388067
8794.152734475576 9252.544057603345
5620.897023189696 1693.4568648375048
6955.326935838906 3486.67647403328
9116.67988539851 4997.9170201858
3795.619287674692 3691.1512097452483
5141.339899527083 1327.391340520172
664.9024038893348 7342.400840157419
2431.5712366292464 3363.915470842124
3481.1657070809256 6317.6965439272635
6925.23169168328 6198.793346239338
6264.242621271726 1156.3902127851422
9844.29332624176 5270.448002723002
7384.393345872534 405.1642137245226
4662.231412701285 1333.4563754488104
3914.227980402466 5369.862705693382
2607.0387975573494 2864.346022234877
4950.9771321699545 840.6123564194335
6985.812229949546 7960.1212161019685
3067.128423721014 7913.588390623278
5064.1273828615285 9748.3833145251
4150.964957737614 5901.91551839878
2493.1841342642556 1603.2892111335527
9814.558343641838 6509.838817024292
9349.96719759382 1049.4934329571427
3275.280319116706 4938.438146437155
8740.435653724104 4136.606512063472
9157.918659288285 9397.800108753643
8613.018207240215 5279.586704505077
17.99230666091556 2619.7024254315015
4939.45830706078 1085.8837704405844
7552.884149136548 6396.508988114549
9742.318078785138 528.035263219393
4445.914093967738 2916.109012032775
583.2154427988401 7970.810086656047
3579.50458676362 4719.3778203921665
9073.134838157765 24.88472640282624
4957.093650648347 8475.779383663325
4725.918190552731 1974.4272254661155
7089.475300135797 6454.365868602332
7048.307067070246 4613.854741666409
8829.757607411259 3561.5754466396065
3144.6721822313507 7729.423737317851
9682.14562712581 7123.865906350047
311.8359861768716 2174.1942465675425
1463.273412013043 1212.365495417822
3109.1539697818425 8510.314920311814
1860.8234953983515 7238.362707960575
2211.2903814690944 6530.44897513456
912.6880973481055 7792.593135257587
7985.885938123618 6620.566548261672
4720.941842637269 1257.9299560768486
5185.587603248425 889.2093626595642
6818.411705957261 594.2162486644597
6403.6646910965665 9263.730013318329
6521.646520864491 875.6257366705722
1014.7140532836718 3341.8967555930235
5332.601233535506 6655.075076598034
3206.711932591888 8687.645691031403
6992.370134225275 2036.8502559342905
7407.944291675217 4472.652129114201
4143.814998363849 3457.7553772193423
1922.105577404315 7890.7837409376125
4725.95450872786 7608.727811646932
1907.1268728986001 9610.391254181188
4201.492777704968 4673.0053606352285
968.0578042941823 5679.777734938572
5509.881847469582 113.57598292786486
6581.5928388004 764.085375734006
7241.829904454057 6611.7722879076355
8329.597413269077 7367.219656005287
1947.180324575587 1440.5244435009945
9491.254903512934 5780.333951557738
716.6041668574485 3549.9176563029
1928.2244661722248 9898.7745651983
7218.56394786475 8949.34420171558
1394.457653903266 4762.288438973374
4226.520053805909 2589.679019717349
5412.096733255729 2698.6795307330726
8337.370878847036 9880.553472241381
8677.138679390233 6288.991667206557
4060.6306041255393 1221.9334174465869
1593.3091447974623 8022.689512922077
6748.861902712061 8485.858673004854
5979.869671924265 8474.194986351575
4943.403712053104 3253.332173868316
8258.83225244486 7107.5311479387055
6625.441523279536 2792.9957837085017
4499.332418074679 2403.714974065944
590.98949653427 1262.3645008976525
3581.6699307689237 905.9285398448003
3709.3650892048913 419.03346522655596
4440.7976064321965 7990.393604546505
7178.256257083821 6248.415120930625
858.7991199620415 6696.261333274613
54.49301080047153 5346.199823457813
2598.166960206747 4785.721351242371
6318.154529572755 7637.87758896577
4802.454149842907 4355.921783920265
2518.655697282993 74.29771870168578
8538.140732269681 2787.1907786401116
6654.973411920072 9311.384731823398
4111.319265666012 8587.427746450203
5358.191093371526 63.767449400246036
5365.074276270086 780.4376358849852
5673.050088664465 9816.22138492532
7548.188841160958 5886.358818546382
9776.218370540895 9883.463275934248
3543.085060522082 2255.2363370212834
5822.497245934371 7427.978981909462
3250.6625500835394 7540.175764441319
5776.207938221215 2977.203134856555
8751.974061810224 1434.4085542491691
1563.5084862277192 3225.5163579783066
3501.4329700471003 2446.9856137633706
4172.414086963278 9463.155699570954
7253.521937234382 4454.711287440429
6430.805614955975 7843.288184900711
9684.731325294177 6043.316805902321
9108.727225110857 8880.125851473347
4744.724432781886 3238.7644029092176
1719.7903668554227 65.10592010670169
4655.493089007871 4129.964466023619
3937.5155227725177 7294.805027243261
7174.528842358617 2097.078863779596
895.9624325634908 7923.388440963856
2247.8060970849333 2884.970108437589
5810.010316930786 684.0419183672375
4500.63351727524 9599.253766078804
6329.167173026974 5467.972089552243
6149.2017763828935 8852.797120050625
6829.8053149987045 9006.203192331697
862.9135065189386 753.3967718813528
7454.233019394774 868.5366284743046
2867.355790147725 5198.765500040836
2121.0261113299835 7875.682319270028
7150.034402312687 7032.837767266354
1959.565894869737 4014.7119901392234
6015.756840989227 3017.808177060617
7662.736552219888 7254.620436554471
4435.818290856265 4289.19324213968
4105.258197480628 4277.929398109772
1644.9082204770682 8986.610070428662
3241.1427107340273 9075.901730960073
9261.921722082661 1090.8462277943365
6772.277221557194 1599.0771980969953
6845.624794532393 3148.1940792590135
8371.156164024796 8211.485557257745
4243.390417887982 2525.9045791728454
6344.2953997467675 6566.024306638466
6350.985170810562 3118.0162835767565
1538.8820283383998 3700.138890450816
9973.652495313623 7008.697296804446
2023.7247846637674 7645.076159899649
4363.506431115675 3500.6317846531365
5616.590091610947 9648.628722808864
6705.51201841239 6128.875922211831
3683.5180775047247 6230.4218238031535
1334.0981203044344 1805.9939901503553
4801.736361501705 7720.441653697755
6784.707411992173 82.17898812669321
4856.298399202774 2675.6385635357415
7919.363694283846 4654.451528023647
931.5922511748986 5626.086930598363
1312.593645242398 3721.924396640426
9962.38078200652 8971.312757155267
843.8075341706108 559.5029870676605
9525.04834814911 8529.052797016131
7014.51562416331 770.2932945646978
7378.248247609431 6232.842780795186
7893.511631397429 8077.372103432841
8403.153937333396 2781.4712880868688
1790.4301361813834 6228.464135146357
2447.0440341043964 7662.484910857158
1767.845042723014 612.4693279458993
4239.952294529226 3903.5594669357597
9924.342519272204 9524.663699161032
7032.643061406989 149.7043689165256
5015.769102343975 1667.7972526594442
4895.178509452772 3220.897234484008
429.1194967934586 3439.194733105374
4718.864718962712 173.89516243438652
783.2969452112048 6829.365160912601
7880.378587957995 73.60396881303078
4503.239209448761 6345.503773762637
3255.390139887606 2173.529580402329
6598.6760656959805 1273.6763633096082
7810.015474927946 9011.477479541878
576.0436853810558 7806.351573576371
8351.946268874884 45.80241262389983
921.8507520748809 4087.3478469511447
8189.121120043754 3889.157905856835
7918.054109264052 64.14857851984036
5422.317727348604 4940.8288891136835
4684.770215252287 3187.926719889245
5389.060004381316 3275.3769889108407
2292.911821710489 464.518245424953
8379.752433981543 5014.462972940006
2549.104244078595 7134.96543683215
5162.966006759958 4090.3586999929353
9627.508315592086 2352.1495328712417
7085.319525366688 5303.794183428288
1107.9279588519341 2620.418127401589
4552.412886892512 2885.430537598289
6176.866043002886 4478.003215243825
7550.7844173724225 8389.389359533623
3757.93801690218 8927.42127956753
4536.8840640571325 6678.909016107432
6160.332628908609 1456.9313424041363
1497.5632027552888 9008.338508875075
4468.766535710834 3146.52013098741
1277.6030859274201 7762.323055047783
345.65097576597867 314.7768042623023
4373.318468845613 8282.170630699673
5175.948158425594 2438.4040953807175
6307.284878345718 9391.036779989332
1557.4676316372038 664.0103110382456
3427.759550443743 5723.698434751127
4024.110327019298 2132.2126511717133
8517.374907623209 1773.3326873327703
5586.843321693892 8546.972121029396
9949.208184155059 9686.856577712577
4186.943752573984 948.4771801995485
3294.3338874600836 272.02093087283606
8478.324960897562 6485.776795247545
2263.495187004758 9423.597331087387
5490.517858027537 7135.756979978917
6656.534938551987 232.6348628313357
3671.146102489047 4777.947789202141
8596.747411927014 4411.902267217001
3566.505111903613 1810.0344157698335
4743.331503528265 5352.276128550991
4971.112979405579 1576.8394906402393
1403.6284423011302 9118.974547852153
3761.872248333963 8285.932278817098
1507.862552759196 9003.171459201329
3829.744508868188 1795.9138860494738
7262.597568041544 3863.6771820047657
9531.606687736403 8688.81421919868
9965.15494829965 425.00319508907756
1907.223342752381 7375.931476391042
8939.745662536881 4942.272822294324
7541.034737847252 1636.8316921726355
4847.084658628976 200.0793347087815
2395.724471339582 3954.119676061304
8722.775110648136 9681.535905439889
4204.2999639772725 7281.979553060458
7015.763471482892 1925.3992561674083
6079.6810707655195 1474.3806252290049
4626.681587497324 4583.291588524441
885.5591277538033 8499.222919992651
2486.9090976410844 9495.68455690316
609.5531331875503 8777.60336318026
3572.703869681185 7224.451318107248
7489.460730456863 9512.758110106675
1414.764195379209 1911.4324249309711
3965.6568563535952 4711.139536103481
8142.102235356121 5076.6011974444955
6667.469744193798 5748.469895993966
4890.124518128962 26.05659169235053
5588.622790286239 796.5067673825066
6006.328431079274 6909.210530202251
3366.5975320499742 1201.6469194107815
9903.041938572354 2146.1779736078256
1153.0409412821007 2994.3823656030277
3635.1497735087046 4940.519760660068
6947.1027011284505 2109.018626636621
5321.760391045469 7899.126401625134
9460.856882132332 2605.949486683785
8384.290140330148 8400.172730097687
5595.724050284529 8214.177127116887
4239.451454053323 2281.7172594949984
2431.0814646068657 8849.658648855046
5564.149896972675 1667.6531399154171
5261.007556671993 5415.443539977475
540.3099244510901 4304.3659946895195
1662.37766156766 8152.466642390046
9591.166544905254 2650.5906627212626
7837.292213691426 6085.244241704668
36.57126221592644 7144.599479817649
7545.083483969047 7694.614764236419
823.3816398494121 9566.996666441217
5823.913311696154 5850.057995188374
9028.016100242037 9224.032329353395
9399.23844891816 3247.010729133283
2181.7719659038926 6795.493428063853
3186.189836691368 8119.997510776926
5635.520792356788 8122.865137874438
7615.171426466456 3840.274771750688
2158.9107374339455 2957.5997078020355
4644.7559939922585 157.08634503566077
1760.2197155311583 1745.9713290165334
1273.2160747066046 8304.51362088486
3316.5213595752853 6896.132760486844
8119.798987222572 6971.29520939816
6019.839715092643 3654.6324870677818
7219.113553490914 1218.8845738794607
7873.483633246683 9713.79285872612
7556.768945578083 1833.3992649545994
513.7700992339056 1977.9859546817024
9071.667012712009 8310.011936695993
4485.85739421284 3535.9903301369645
5860.117690812565 4693.719506990636
6768.430136247233 3818.246878313214
7139.2092590955035 3838.3190263790566
2820.485632759868 161.97768141170576
161.63573864362957 2295.810337061911
8714.49783330711 9563.7667712229
2721.4460857885992 5011.335989682805
5023.738283728938 5268.350015276316
4149.944151530204 6274.155606653725
3047.560385609053 4023.991893240728
2773.238978374316 963.050434400432
5686.960745127157 6328.9778777227375
4687.706092664868 8024.9364968096725
9823.750894250868 3800.383740652071
3406.8873719153526 6338.358817483055
4410.188985613503 4915.430004627007
2443.1232663004944 1638.932698214931
8641.932561228357 2807.3632317636134
3209.476184314011 2021.681935705293
7565.693883468585 6541.954948012067
8762.272632017062 8685.620181612172
8263.992948274861 357.34229712232167
9851.847683005086 8048.810733108418
8362.916135805364 3719.078976561311
3508.855507088028 1137.5278425996717
24.811519573427752 8723.90513049734
5965.7624416927065 6241.039586996469
6816.356690309631 379.8849838108376
1097.9118368489483 1223.914597056044
7883.462831553595 9597.20049991796
2765.812243944106 2600.6536592452044
3717.9829206802915 8343.03464150383
4450.069288536105 9502.831818944365
467.2167271563998 1345.6095355459352
2392.644102415873 2006.8305294373745
5215.7143804711295 8976.597115924722
9092.886728526184 4940.630238048549
2959.8994624015395 1497.7494250997825
2454.063093403046 251.01979085772274
7099.548878044752 5726.744126005005
2135.8539153351408 3287.9774559934294
9186.177346157716 1358.8772100919577
8740.5717598763 950.8620924599154
396.89561306684993 5675.377268721483
3345.612258219518 2541.4454216187996
6743.326150397847 2175.7555292068387
4591.910876971139 7381.711531356222
2378.670678327609 790.7477631079174
8047.956611093203 6779.731863390544
532.0477973343429 4764.042192400406
7891.1638779485 1764.8228044363368
9577.725765137731 2035.1316326744195
4083.1831751202953 2163.5786707035663
2537.898847314848 7012.266549636675
9162.987573922346 7051.26516102102
1921.1657486149625 1993.6242773516033
7541.342511121618 1388.4486140564356
8214.888643089169 6176.456996533346
6752.530049763312 8740.627470883375
9578.1214462544 4188.114101992646
4503.964448789069 5379.023172435083
2322.8173712748157 5379.478334000788
7561.602020258462 6773.575629979596
6624.538963045526 9740.499823102478
8518.814415385974 3514.584720530568
9569.90750078935 6229.143547664247
4318.65858012855 37.32371249551836
8126.547818709931 4549.214920623365
6034.243724096715 6174.3442795063365
7912.298486547934 1969.1650571469054
2859.1597926511613 8523.084934428263
9743.971281979446 2643.117970487454
4519.698634616025 5891.779201527108
4861.963637118093 8077.002475917256
5392.866826973744 674.5606335596055
1455.5393938550642 3876.8147834570987
498.9472243683224 5907.039980108012
9654.611062508871 9722.673198377142
8234.642461393943 5966.532660488094
9507.370861481235 6631.473693666789
7222.590596581013 7406.493760245789
6629.134976861173 8002.588591841003
4975.312439173799 5252.620887349492
3186.2815478610783 8685.197016661052
4206.4169420615235 9238.461877745527
7670.174429339063 9362.474883019446
8569.152843380745 3921.2684721776745
5519.486856634188 1917.0089027550484
3362.164161338088 6394.217139059596
4065.347749645617 5123.446061511877
8314.568694501275 5399.015765971738
9502.256258683205 9008.526107285119
8947.251277647612 6043.301672825128
628.7194089340409 525.2866233226416
204.51932607123635 5040.128406147861
3955.0859931921414 2807.3704879657002
1060.0429318203219 2412.2300958412357
7442.067657043447 5201.00901821375
1623.261479015662 6941.640259924272
5611.94945652135 1516.3872922282594
4907.207860096762 4295.637260050389
7065.510456393908 9496.749211844124
3865.965148401491 8722.872514486915
6541.19078998144 5372.731695543159
569.7351243862214 1488.9353977709418
7569.0551677437 3551.0609796774984
8457.76932349996 1808.4941223383255
8500.621105365253 2980.887281071082
494.1693685311899 8931.54328450651
4236.6330099162715 8547.670927998577
5748.839136867141 7254.184526148295
8328.381592721515 7963.674972837182
4435.629391627535 9849.747989748234
5294.18173704307 2055.7604469550583
6761.985081334282 9653.961710840445
971.1371960601756 9095.320508617186
4079.1703433895477 1688.2635487291852
9513.339269063295 1871.831748087719
1769.4096104125533 4168.236432727506
9251.15936452602 9580.63784714149
2066.0539071153526 1119.5483921456473
6042.309260335147 5277.226053911314
1575.1409614399693 4211.658132120992
1973.8655135382887 3644.3948821729523
2651.4880418405264 6919.944898229029
9315.461714628616 3125.351613549147
9979.719591480887 9839.812410652603
4477.373032880609 1094.9213167560156
3720.3986375786626 2001.700147468347
4393.232537080856 672.686706257627
8403.695947718792 9373.83431313435
8225.633166559006 3026.022313478044
2387.7959218354126 8389.936385267649
583.8832687390338 9567.620745767488
6146.505930928224 9301.998114758586
8546.707146266459 4321.260530755333
8910.29879085864 1433.6269200770214
3698.6830316265264 7911.192314284494
2257.284636411717 9997.347629947539
2117.7453584176087 1124.6694904324172
6135.377594131192 2039.6470798686562
9792.075494579301 7803.791783930467
7494.180037121812 7290.4300533334945
8298.233938248826 3941.958577027149
4214.8813022837885 8218.95438987471
5738.395644503167 2291.886981938436
7348.730695126925 2436.1926553134494
913.0696454530951 9536.274476555322
2809.405936149996 9733.969755126767
4496.694926467795 6128.835608575014
9611.87058175142 5514.109291467132
9587.027042315829 7282.581217912474
5510.0745829833695 2136.2138852194935
5415.239313770773 7263.847259946365
2458.12054769451 9800.595675753135
2232.1797973966072 8144.721166055025
3704.282673809086 8983.266050972465
2427.2446083346576 8473.158243120224
1524.5312370918807 7152.777024010817
2789.8376770313293 6939.216671266805
9611.979518482347 3524.1079785804786
5489.407199576765 1047.479577028736
6960.940935632365 6942.671711548497
828.5636554029663 1049.880907735019
719.0414860594695 3641.912147816717
3114.797040806295 4949.782186148432
3928.1072607349033 3580.851794630754
2099.8326309496474 1257.294849006876
334.30402725783125 6343.33990758222
6351.672486898808 2357.48213911372
2520.278791601318 168.6433690931144
1652.8932741317792 2847.213921661934
1496.8130675111647 583.4105380112464
7059.780250529772 4003.087480568612
5588.767260783675 8317.930670635
3610.3971020301706 7661.971492066808
3959.8588695770663 9715.004064722756
5835.704367548188 227.3689868724016
5443.083201332107 6677.623090223096
4206.357124360722 258.9335633331624
6478.353713767087 7352.060966084334
7438.824672057111 1159.1185546324111
2906.197384795418 3205.851914882435
7187.996952627998 3840.0745940604406
9126.117612343342 2935.5395674220363
4069.4480012298764 2935.5562860808136
4700.490422599674 8726.956488848033
3183.055324706444 4116.733360838432
2869.634374727483 5791.195976676041
9350.67538714367 9377.45035279767
7640.955473780333 1812.3210174188875
7134.105967996089 1773.6112510047208
6124.837844223442 8968.246982906518
8365.566294990851 1033.01107432623
612.2106946460638 7524.12997863166
401.45738091247773 6696.077048532724
523.4948697306996 6647.97876049285
1601.1642825367633 6004.620089432966
7805.891216227167 5061.097777160415
6636.193871467967 9624.839332946673
615.7447586437004 1411.3661962731983
3150.944022597375 9472.462836586743
9194.977955639031 1845.2400840190453
3024.921613140279 9402.050330621823
4735.358272641289 154.76158464817314
6027.245628027388 1329.1188884160888
6721.626565208395 4088.7474883618156
1007.7788961170763 6472.901071767535
6754.278967299814 9942.718029436277
9935.254805381841 3839.178133201534
7175.06239366055 6380.023913069636
3071.27828292015 5806.775194224401
953.0092666815503 7587.009501254526
9360.094851247668 3737.9463633645228
5236.098728244968 5327.953326143899
4717.539324957361 4902.017894611801
4733.403999326251 9240.907897322913
2318.590731041769 5683.2956725286485
2664.845011661343 4803.455038927152
3211.4744081053036 5038.38774048607
6400.433712291692 8797.784342378352
2627.2689445920605 6474.7304481779
2108.166251471273 2817.3928368059765
7207.492418841125 6441.249557679216
7739.479521095538 6383.091426812271
1038.1543868735487 1953.7260751212004
6503.454876933703 2573.8990529791995
3857.2807873696934 521.5764790073929
3615.7229297914837 728.7930991768377
3093.9291748145993 999.4051018176453
7555.278719640972 2738.175031150688
2500.230673770374 4855.814972676515
3322.1937946423054 1719.3033050165607
4054.012487877052 3533.612976660733
9261.468533561962 4457.833185549222
6538.063245906377 9069.68577945161
903.0372579195766 1897.996289374142
3743.1273619008653 1949.454902526321
4965.205527119513 5176.8409865475805
7595.225316893832 2289.974353399875
4178.562005728821 8223.348984375038
6673.913707434324 7877.357779327746
8909.67254642606 1781.128578510437
8566.613408460638 5328.379190419865
4698.635221243995 7863.781602989306
5295.153417534708 8702.719155411904
5771.831393961366 8114.9269891599815
4654.188324010339 3261.4766312557917
3350.983532512066 4320.256934880976
6717.16720878948 749.2048478597025
4151.888208182798 4406.893347176602
3994.0454817029868 6570.867468471308
8850.963314554789 2665.698579484855
5765.946899874526 8541.75946220469
2495.010803962345 8645.090439852574
1975.4998876185714 1507.5668498081718
8839.364934840682 5190.296435330627
9717.5855281143 2063.390950092636
8421.85848373049 2439.880231265764
5853.7524149252995 2844.69781551521
5814.809011942076 1241.755284911612
2564.5687848430166 6419.791125715861
4944.487697680504 6413.796810146138
8757.696045600878 4682.556593089664
2627.303225257961 7549.554719612245
9165.487860351777 825.8570793412123
9544.197713697748 2657.4560782221033
4694.426877983944 7470.104995127343
4759.515733960747 7822.278702683221
2129.738445819388 6328.174291178391
4587.875279525033 4290.571299003948
8652.02146243022 1906.9585652643418
9122.33307249538 2907.079065970656
6788.767696645399 4177.522286088199
59.40430047374878 4667.132190320456
8402.143405705394 2889.9278295634767
1591.261039480565 5300.3368263236625
2105.4309988566365 9265.469965370903
2082.700334755673 1263.810943618896
7104.041476941554 9168.18107481078
8010.235031730216 4298.58002945124
7873.022205650884 5539.118848431111
3212.9348121581024 1790.6599313960248
8311.502677329812 6871.084297441693
5889.397371669377 578.724316832866
1055.5382171735682 2808.05785878643
2972.5088526430077 2563.1605369625963
7484.320047684368 7572.786968079693
6523.408303380178 1496.6973821452689
6620.743582247821 6857.593475151791
9608.341665098664 1674.6873463683598
6605.840836719011 4057.6121611334383
9756.853346452695 893.508669932408
717.5920463460627 7282.315976340261
6547.034520411555 2008.45048945133
1008.1569648396693 9450.314851557772
6123.303773604045 9697.829133765617
6549.574226296378 9954.06656928769
9524.472522372162 1627.9776131234669
6.497520335346785 7875.271026044001
3584.6010223734725 6114.140991010614
5795.549006564059 3538.363670250444
2866.4292684017946 1585.1976033043081
5444.390214660072 7308.661038215772
8596.920838281254 6685.522216942549
929.6228457126132 1973.35707729126
5896.732674806331 3685.191189399193
