1243
4369.141279693815 4629.8493744133075
1969.3634531492587 1103.7307914490746
8122.920284504212 1852.1329231894035
9263.115671917165 1061.0520284027002
8139.695570036601 611.0694054407772
9694.710709226252 9539.345377273323
8036.639991562523 62.69611770220784
5889.135131442985 3147.013610240261
7233.578257042201 5282.493417905945
612.8918091411373 2177.3599528384357
2422.7431733083395 8548.245942424428
4971.802987492577 2127.5263818820854
4912.60901984624 5022.440698740201
1377.6899209683756 4274.714394904773
5631.984063158488 3040.807190456557
1883.599690494273 3431.332473894414
1973.1441916907743 5434.307901909932
661.07833284895 4252.666391005631
7107.8507681623505 1095.0858019717746
6629.316848060338 2285.1213275615632
2927.686608231942 5342.587945208284
8544.82405392575 2320.038201990132
2340.210559533987 3554.2752886374005
221.6098627300067 4557.540329352559
5295.020262887057 4996.043356378831
7975.6900424253045 8586.8190746983
5618.882753666473 2820.6739042254635
5874.052022211117 6253.71911066726
2506.6743023385784 1798.344212907189
6917.047532356487 7113.439716905215
1344.949844848381 7501.423022398005
9894.509578844514 4355.619026242151
3437.5349396568345 9386.485178406112
2329.714586909718 4841.024555087992
3157.6217604804947 5499.680051126295
9661.64457726958 4203.519808883661
4068.4142140015124 8377.29304652877
9614.827209126659 6847.940496832411
2634.4627824256104 121.53910144442892
8567.360869195734 1113.9560314962582
9288.389331486387 9602.3377307139
3651.5626396968028 1877.9515692175041
1822.7969738649663 6269.010579328069
308.00372504276584 6429.418428811261
5344.725762998247 3151.55937729618
62.52109794516847 4585.291374966544
6360.100984741926 6289.372694881415
7407.129449930292 695.1269728365183
5948.194629804848 9045.922677640372
7839.581945082986 3441.9684746497924
8441.200000660627 7551.208814337975
1352.652061017976 9158.195597310307
7541.599415387963 7859.413962559025
6963.047454825551 5752.614923093953
1390.0778689886129 6317.4399982737295
4231.184104229018 7284.4928574763935
1739.3221618073696 2110.6895469690844
7146.8830923975665 3722.191503661716
94.1127711886014 4985.66911022986
4242.381424073379 6488.519538050672
5445.70322045635 1744.6905355181486
6342.869647698527 8021.861900213145
4058.553721959348 2266.1448705681396
9976.106356900062 2771.6078682253888
1660.0662801364663 9524.537251001508
136.47977443293712 7798.347487767107
2339.0478486004317 8367.662463273615
835.2198318471427 3463.761046901365
6476.201773736713 4654.013057376876
5667.289736123774 8572.078483447389
2110.032315570629 9761.709890091492
3486.8157322317916 9764.4412387671
284.1195668809404 5450.951260738566
6206.74002840108 1969.447699807888
5126.802710299844 595.1748170677552
6724.71165243348 5277.620944619071
3681.8870845667075 4391.839106888991
5026.057392117607 3734.4873359872586
8839.070786648772 321.92222546747917
9626.004560135207 3236.4104513962875
1105.3598303517188 1347.949653142805
9687.150322061501 8965.274527246786
1413.8243506517679 9623.558133681026
384.5091497604525 7612.57023035311
7683.622763791015 3333.3129252983185
389.29006427728007 6020.381096452859
2425.3010673499743 9189.689329563076
5703.8867264184255 5806.227768871737
7327.950459256533 1584.843917439901
8504.392112491554 3040.6810511674407
3469.8884518095597 8427.993411239144
3133.278457387593 3111.1022654145704
2562.100712046098 9294.93191646602
3933.7059498237904 3531.8265760421496
5463.764728858563 3674.409895388483
1228.2586535597018 1650.5589827977951
9101.753463721197 5816.8122107794925
2418.731250028201 9952.70330746449
1881.0894718759018 7973.767063566987
4919.915286857539 8979.7978068735
690.9087440051043 5663.025931633357
6439.1688059877515 6755.184059307957
9690.560120776368 7001.15493304998
5974.873778577665 4049.494006005583
2203.053787547163 3117.284094679872
5830.71970584055 6820.483665601702
2248.1442581006404 8194.358650229506
929.0761075487686 726.2020714202511
1514.9136934370822 5780.048519256054
6755.547059429906 7737.437610744327
903.8014336741662 2667.663363598216
1378.1271752375346 1564.8317676254608
3160.5977974317757 2868.138316878459
158.20939961577963 6868.008230664618
4580.007173458744 1977.3428626977418
4007.019806140427 7028.515692136175
9273.953815098626 6588.680959474109
3339.8829668653375 6645.337802792529
9079.890653380682 4309.148031952627
242.05471643583886 7851.174716984976
5826.942596389985 7407.713117047418
783.6792449455055 4049.655959027666
382.79919530001985 7158.101221785823
7907.7624333924405 738.0963644239613
4671.845624358546 6533.749455746113
2863.8768187803953 707.3576848305918
8685.102332503353 6070.916236721311
9771.644765106894 99.8389713025749
4395.118918092316 1436.629130880218
3571.8739968023006 2558.560903246102
2444.047782320924 1521.3498193524333
6359.54466571191 1014.773490777654
5490.703013887197 2721.9528759448363
891.6804492952601 538.460428524431
4182.480955663411 8488.802020201523
2924.4602329826653 1115.5748172648628
7860.606335520398 3181.424221996897
5957.755720670225 6217.785872539236
2312.2413096545456 5810.476175226789
2951.6114599651323 1594.9763459329447
1150.5685729046622 2339.405289745051
9628.007726270176 8847.680214162508
5734.049035800162 4877.40969702016
3082.576148106614 26.100472213829164
928.6210074574741 2316.0019553015354
7604.768702893235 2754.309371510074
471.6927821665762 9744.690946306202
6841.304572087488 192.6741977758517
6214.356289423925 3326.9896515190767
7736.552559417973 6528.515091375298
98.33078442183285 3226.171825163898
7044.827292177704 6624.448583403419
6366.71529226164 9640.89155112361
5633.415343549872 7955.825593583965
4212.720053020416 6043.99113506396
9281.46711992736 4033.1275644458897
7838.109882319963 9313.524044350372
7228.72314360221 1132.1330808382945
1723.185022809489 8603.218713672535
1339.369260485842 4344.124347738335
3802.6904955205023 3520.3195436606084
9420.145788569045 4710.355308497901
8197.135767483096 7461.935766042968
5968.1607118647025 6519.454258418248
2166.570132208043 3806.7408576941984
2422.6867003738353 2723.3892072785484
9033.95336914429 1067.0605845826296
6856.552422898087 6867.077561675075
9967.822081035023 8077.0972415412525
9966.559736464997 1928.6711456133144
2719.0499376984167 1826.2348498990643
208.69581175652297 32.00626875724644
4674.056799066662 8642.078675167946
5972.728517542514 2119.656965557617
916.9190076923351 4086.081867580814
6802.107668308562 3364.4850995123197
5385.397568649944 8145.316465422924
8838.91960012758 8349.533175233071
4660.987011072501 87.14917630238683
1909.9733285525056 9860.560238255886
9450.662071867077 1689.285754884018
6968.920741928421 6512.471165092905
8398.079243796714 8465.84859594223
2970.6447521159307 7370.348364924824
2504.566001343721 5980.860789686463
1677.9783764291067 6227.739481788429
6145.3128874175445 2373.7051825277276
7387.140187295614 4269.319076769916
2433.757710877814 8816.836666947203
6107.106364218365 7471.983568227672
6517.229087961994 6784.2283822134705
5339.4642153039 4287.901170886666
279.50084422309953 4729.728339420639
1279.11812582845 9904.987333053406
5880.976578719576 7057.719011775221
4992.55567775801 5694.727765484446
3584.812827906112 5114.161566575921
2929.194745141721 6334.230055951044
1397.35937080398 3334.321409018085
9982.679224340276 2528.8312517334944
193.87519783526596 3654.1663662136993
5242.801967698831 4263.547404078154
8205.562264699274 7825.636690261301
1565.0717844619232 8076.100446386663
3011.526402295601 371.68713427180865
133.7686084603984 1971.2129717524974
7509.364844010596 4575.206532803982
305.6539629112909 3285.31399175347
8730.649549314963 116.61991243197667
3195.3377287341323 8062.750981335535
4822.656587043232 3758.1837920632142
4699.625635440372 5319.060063543393
6035.269987826099 3818.6913437060753
9957.004959464415 5943.792608640529
132.06755722613207 5090.49750864374
6599.7497093003 3934.857848766259
1287.1712418027403 3321.490913201085
8579.955107078908 7158.288880482209
4234.525296346991 7417.829583606077
5837.14399523187 5891.790928712481
2203.845006358027 3118.969151596158
7623.908960397608 37.39298022615078
8007.550667981432 4054.712539837463
8917.387763624976 77.96482545133432
2535.587375767825 4814.712429955451
18.19493657174931 2604.32349334452
3870.1052867401377 5944.0621460196
9174.76047266142 8554.104285793848
3249.550977436995 2624.3121643107415
6869.857112029 1180.5213543305326
1191.8048453384356 7207.45692880078
8267.421848858216 1208.5996554321032
8228.570322671809 741.1327256439848
7241.610178572994 8638.413442588571
9908.306728281228 156.47738109091148
1396.3458159368047 4219.315309498266
4992.567291561732 5885.799822511536
2532.457415467815 8746.096557227824
9100.688831870964 9335.417264616048
1130.8246794985255 5017.474633155787
3450.3547333860142 859.7131303995786
6593.780951056768 5549.249726487365
9796.629543953497 6665.679442121889
7223.349432415011 8948.93220878611
8189.646366447023 7422.903370430514
5213.718542100922 9235.593722621146
3751.2009602321195 2262.168711868702
2296.6862391983045 5328.145542714911
2313.087754996099 9316.539027120207
1102.639944182845 2427.205067418582
2465.091176523291 7991.994750359357
5785.954889753646 3080.1603408025403
3328.1209429964288 8750.402535276804
3012.5328545300854 3345.999301369871
3198.063337941811 3345.795326262935
1018.525480983542 8665.92039924393
4098.492530499696 2175.6419453048516
123.1133632489667 4797.696389587163
1235.467805929591 5691.996989294963
2814.546343709272 1486.2157473736438
4365.2221682235695 3663.1146932558277
5327.472160921944 419.5792376946261
165.61907292346967 9484.320491290267
5490.912395326905 4459.580630361966
844.8411816009926 6707.634923812617
3550.0706189952502 2137.3588613507823
4425.847303571133 1492.8464295959798
3651.489394355535 9969.453701998988
6412.711817883197 7778.435553625193
3729.8955322184424 5276.459194272911
875.0420182492702 1628.9533619096942
646.4057359864262 3875.9147721674503
1379.24494870026 7436.1601739695825
5601.590141335493 273.0323217120778
8650.494594043314 1434.43978487095
2083.2228689482313 2787.3074244632035
2366.8247100043714 7336.694266513779
4907.369554736768 2430.017943812449
9066.85791850681 4805.144535211061
4272.800368639511 2287.064158244062
6795.2526218874145 3942.1503096220754
3172.5352815450915 3663.5604635066643
9815.03039290041 8019.374696089471
9992.66339408245 6311.041507920765
3483.5264502263362 2259.3190056963
677.4013906878163 2685.093107538374
218.78016153687673 8641.457132043557
6450.68908518966 370.68276234628604
2375.763297909912 5425.899195328643
3758.443208631984 2564.4041888972456
6806.921606809558 5370.7244488136175
2831.9225336243658 3817.3164076694597
8899.081517048095 8464.816826119446
71.48367803769595 7118.998719053647
958.8554416765215 3406.247552662267
7311.335232961401 8842.90709694531
961.2521965162568 7026.949192719089
7949.727023408079 75.06384726159831
2881.2849607184166 2397.62761710671
5915.337610004777 6412.566301292552
9095.935039752962 4442.564145395128
8489.45372840389 3445.356029182969
8673.923730350032 6552.1608982818025
8114.85995857955 1824.1408615010002
2763.3079715532103 2901.7875779573756
1496.1899726740223 4069.317135502779
9742.002287414578 8968.687791242113
6532.8128561131325 5090.1883085128575
8313.906257351327 7084.411649056891
8924.162329120276 9760.73673223638
6313.39098938582 4768.438152810539
648.7395216786151 3837.651136710334
6623.481889345718 1059.357122197393
1941.8515399999437 9008.268711973822
9318.149044098684 93.18748703133983
6883.474548576512 8920.54567846196
906.695074151942 1774.1004158298867
256.4577374064736 674.1185391866956
7388.312466390912 6541.034752236475
9946.617223296542 5440.975603191605
7717.4520781092315 4954.379568432915
4830.08772278212 2636.211002476314
8235.734491349282 3110.1142251147153
2829.6385578016657 4373.782187649732
6643.701041409472 1734.4911255595198
7620.480917833783 819.1527252317599
6165.790073955864 220.55463948400524
5327.426596191486 2490.145925505051
6704.497409470567 6838.489844073336
4479.081397756263 2559.299551094071
9984.755993171055 2884.9985566972014
3471.089942251068 775.4502073257696
9957.15424350769 1632.6047851768521
9839.27299166321 749.2452163634589
8058.68243707984 2597.9928757016733
4754.827123680371 4036.7200744467114
5322.285407939868 7869.184063983258
4327.587021798334 7707.039265077477
9781.563787341896 14.564855293213164
6539.675406516836 6894.949534506296
8134.559504288595 442.4783254620501
8930.69616465427 215.4496503215475
5210.626044193896 2988.2941840556887
7516.953455574642 3857.6282814812826
3426.9723256885122 9976.580355410442
1851.00735833295 9676.583416423591
7126.539280796914 7039.195247009493
4614.207356593852 3666.781233497479
3456.4527959404045 8565.829033635564
6683.6661216878 3827.172933472943
2276.37010948568 7821.721689082142
226.47581153329654 617.8331468546183
2478.6159041736223 4487.991089191814
3047.78334693642 8959.846666750744
1057.0860504854595 7663.20496573247
7155.682458078474 8044.611645037788
4279.470222973404 4210.5353468634585
3304.698495906021 4095.69262306423
7397.423581903646 743.0398004056472
1140.9740305247396 1665.799356531723
471.90045008011936 2510.3083798826633
1496.0936143615622 1053.4280176482957
3095.9336242070167 3982.9305488304512
3362.810450461935 2988.1499158206316
64.72861270822806 4026.927524671776
3134.765314550473 6860.488444527354
3373.0148223813962 3218.5081860863597
7803.623403752342 5461.77799984922
3312.1741510745505 2070.201588210345
6980.871450093925 7451.348380367324
2894.751433722731 6722.631841946096
847.8561232448423 8582.838079821819
5351.520170968124 3001.8918510544213
2436.466115363645 4098.385038112086
4026.362682683463 650.6891452753528
3004.1929615959416 7638.902731167477
7636.799748957749 7012.127794427964
8691.129337167202 6520.599859125814
1573.0794221476874 3478.2038640714795
5132.795720471474 9292.353914949264
7676.317999225567 8610.786801652635
4251.5112748626725 9115.507201443943
766.2618915989694 9001.067560614489
4060.3567361099404 5697.098744097882
81.81640954797564 2654.1544230041604
7987.598712335886 9259.506971545768
7752.566886467887 9968.704120841163
4965.782185748449 2343.924861381379
4437.096422010941 4227.172591616391
5328.51687793287 9122.048298559836
4343.979991768333 6920.482461805313
419.31747753733873 7329.803440718163
7993.914949962897 3201.594540189653
5740.682049878681 4938.901966890609
1286.5260371870202 9295.689182061415
8457.926772834144 2246.4568013902763
3702.9605366478268 6790.35239051415
121.11284237461439 189.85071783432895
6805.466348683664 8387.37206299211
4579.742005275866 7383.500360397675
6587.726348794609 5918.454898966345
9238.716747492095 1626.1110383532118
9684.79915751595 4210.368197573563
5040.389794735707 6441.472708760772
3969.0914673200296 3730.725874843248
6856.3627337816715 9592.7990493488
8638.874051426723 853.8307093372044
1334.011248034226 8450.065399657198
7548.420782462879 7056.69546478028
3666.5516338380157 6591.753292039731
2233.9342212043143 7388.563591190913
8241.786695295534 7086.865861670968
7857.00128850005 4152.956831774448
673.498027465782 530.0254601628252
6117.395226685075 3899.4785523523647
330.77908721980356 91.92539756903595
4079.620391496258 4543.302880750057
3154.436172251116 1599.353292213067
6812.678282239956 4713.488096923365
4285.904451378228 3973.46441528476
4760.103950732516 9276.951312357774
8832.961825538494 4231.927789028457
3837.406860320016 3393.143581457293
6957.847677655843 1700.0293102148212
7396.624957177203 2425.1754136591007
6397.222286100275 8077.765171139232
4402.779174178863 6566.334039670396
1509.73150940771 3574.4094947246385
7434.594385662949 7136.649090904451
2995.7682131321694 4449.000137029956
7451.9312243055865 6162.356682317436
6545.353061646193 3984.6323467300936
9664.94862590607 2071.8207963421064
1843.8787312981874 7176.408974088849
6295.101107041032 2124.6724016908192
5601.800585702173 9227.34434973319
7535.6439114447 6536.628356039127
3573.172112859504 9323.476475689637
1599.4074072658116 170.65800832759658
6889.2629390327875 4098.891800336909
8384.171332068447 5135.86659393662
7457.316898372112 9703.320655104117
8991.054087266475 1668.667709819589
5660.842765985031 7449.416731691667
5098.905754542185 5266.521472754045
1146.6517981799873 5643.784962859822
8027.775811255289 5202.717272944548
4095.188604902601 9395.275244916764
7217.099778505224 3271.3824234475073
44.530800810536064 946.0132648396235
1799.333360935248 1895.1028574730012
6074.755362763398 5385.094865524668
6967.334487726496 7573.244423168334
9958.2045872139 481.8173622434907
8913.875093242516 9057.265802200278
6742.508298229274 4814.782363722517
8264.243562520876 9610.015740257855
9157.048641982581 5375.151789168625
2127.973574117289 9239.218108273211
9219.881220894134 4386.793812741251
9163.31692557182 5891.0383613705035
8470.955195463246 5213.008425642964
378.1520728365684 4247.8402728900455
3368.802781013268 8908.979143630624
783.6024986221912 6994.939477952746
561.696482170767 6231.03992492124
3471.713552532725 6204.361971612084
3980.6014829942337 4728.315876396991
8206.11574405134 1829.3229098151253
2000.0757788640856 6919.230229825659
1194.682743612 211.34163820816565
8274.604414519248 3494.8424232768994
1355.7672986558555 7972.61265904302
4281.675570339083 4992.919016271981
1094.6757983419886 5699.45447169504
5089.239803038768 6451.103334343443
6374.626792808116 1418.363804976903
2414.0186357458315 2174.496625129534
1696.5081878280553 6024.402907837964
648.4578699655574 1942.4205320228937
494.3307036184563 1542.3519649322516
2207.950881944749 5731.07982232887
408.3560101999639 8384.26243753584
8286.280466837992 1343.3025321895175
5915.44734338611 9612.75109246602
9906.061791214835 8213.481744615885
7876.279657595154 8627.572413512684
2012.293889276069 1095.3027926896875
701.6142080394949 1663.7182139346519
280.9530234620483 9341.787488453198
3044.92657538187 8022.488825559081
6300.896768609145 1051.6420926896042
7196.2568380433 9052.690479307974
1836.167240444907 6482.850413101199
5682.22019856341 1557.3077171699135
6987.114829295753 1823.9043700642255
969.7046399903786 2521.713649524582
242.59253504275492 2665.0177096531015
5625.8533634286405 9842.673467107208
651.7952315783249 6326.1226338552315
5804.512150803617 8083.108364928559
3643.150733287662 3575.4018716783053
509.3948440119711 9185.78381248406
2378.9940011266876 3211.5622183472615
2726.804396515471 5549.792497509263
5958.586367795738 7485.006842765867
6225.8221705273045 6906.905464369431
4268.36859456097 2397.5192623889607
3591.4525178703393 3030.5670490710936
6827.165260871056 4547.024508046889
6886.295563321071 1468.5109259110752
9585.386196881314 5373.442947106757
2228.8949619561913 3210.682631456312
9311.097355249603 4413.612167632775
3531.9808495966377 9487.350289470613
9932.164195537585 5487.69602287665
8661.418980278328 9737.994810511667
9002.496083517744 3616.46390233333
3356.739251193235 4199.769144308614
5321.750968474876 5908.26521343997
4396.710207395263 4535.022742218666
661.6852633880699 6656.488034213599
3698.4921341891086 2450.587488900806
9538.663207370599 5452.734314394853
9306.486327128327 9357.22646072988
1020.6687155935989 7247.9042629056685
7557.075851897241 9775.850406894273
5668.4893290092605 4982.832691536491
3098.0259532262435 7417.80823152853
8884.571579926436 8662.071711658835
9896.398571819414 5649.761899011837
9179.373482377165 9558.871772760464
6886.405825769823 3399.3584703543843
6163.869643768916 4616.360942503737
6488.710865365743 3466.1176218024957
8438.191716079928 4049.3805253686887
2875.2585677851616 2672.65231166549
5970.215733149171 4653.38288814739
9558.802472446041 2324.5465099358307
5044.23354706631 2391.255418218725
2653.862538728525 3042.914272540671
6408.678661105277 455.88574831796234
6985.939925466602 191.8735311653319
8863.199526685836 3195.7338488992114
7118.3784880029125 4843.858958437513
1199.2046029537717 2042.6348098329715
4321.354688123962 508.9188405707989
5144.330652766841 6895.506311854755
3525.043427582398 7699.824437146888
760.1149776364047 5290.585269534293
1379.0956739653082 6813.042379455121
3603.478212085682 2128.2788953462364
7683.134862282321 4776.307642969025
9886.453610467337 4728.6604116604285
7658.059152868418 2446.7492600113683
1854.9298274079983 1552.0972853505589
1795.5188514894448 7839.217021841917
655.994350728204 8048.451551792952
3353.0073027075578 4922.665800699399
8074.803199199092 9787.747217047056
954.5930292334203 8943.151406917994
1695.722142950702 1277.1469580469452
5212.388488864025 7015.201627953691
278.8172812141132 8683.542179465549
3801.4372368498093 7069.022495988251
7441.600289956025 6058.005491090103
9000.772391492941 9149.208379713871
2097.2593091050517 7597.8114512981265
5355.985353807564 531.327014523324
3524.4381730895047 2983.6868675260976
2823.7114985830326 155.94707363838833
7429.953770470697 8894.399496967057
2526.0300123757893 8475.389437503572
6914.666430772734 7427.7512334888315
8072.8415631803655 5966.678773312112
8864.05076691114 1346.4937497586227
5302.872813127176 7284.877852034803
1958.8394487469784 6819.638835396084
7249.034405457932 8314.189199698005
7237.442762239377 6644.086074168233
9151.431801458737 219.9145044739159
5940.671939612715 808.4453804355951
421.41468942655246 8012.5606545449455
2230.6251557548294 6700.387541969788
6602.620982795631 1106.0886059501363
299.4241751269067 8260.802458121814
4580.054129474842 9885.503169600554
6369.810494295234 1952.5048688927204
8555.81102895547 5394.683477768745
6138.449726914401 7538.177348897619
2640.152148830448 8913.558024823664
7324.110048338142 3351.69106836813
8299.186921914386 4414.434029739039
5156.714989142842 8998.9046458573
1355.5235231818885 9670.486070985962
5879.596961711064 3238.485747278961
3755.8134010857957 1135.1243432334513
9636.106648497473 1170.2617058851195
9899.194804490058 3619.1524352354877
9473.060006315702 2798.053353344737
5963.220011545405 8263.338297281525
7617.336151487791 4535.899685733497
3368.9307287809233 1337.220864575387
3668.2623749427335 6291.03666172095
4294.319823063063 1990.6759152321129
1897.2566638701903 9383.94493604994
7975.499331988457 9242.97174452223
6457.519237448376 4755.233139891332
1427.4738408924304 7214.748295781645
3980.402391782416 6661.080348208402
7171.488409471674 2891.5516089734183
2771.4033524685556 4373.409764799606
3573.513166522293 2553.26447645415
6617.565684868156 3277.9223955296757
478.4858430708749 1411.9733194486205
9079.394471598696 7202.569668245994
3967.531599892737 5971.5185484766835
1064.2208224121052 5811.002495170996
9270.437995948916 155.1722710431702
464.28264777880867 4459.977914350588
133.26111380908225 4343.596704129318
7691.610424304509 9046.669400844981
6270.996240391004 1123.4380267757704
5053.1405142596395 5061.267012172086
7927.843711620613 2767.6091827521577
1083.3046544541735 8312.221476165476
8022.665148256575 3251.5272592090873
3187.6723362095827 4605.925369464648
7874.809789217041 1955.2641887852585
3250.0474448354366 7039.584292181712
2085.5665070761165 7109.777475531387
1216.7592971806496 2505.4896631903844
1793.0780770316535 4516.0958260755015
1095.7002803171367 3506.8427714274176
3223.627550585828 1099.5255423326332
2294.0072578712966 7449.748877624442
229.78914574924514 3456.657533890871
6767.097846964828 3202.94414161013
5336.011515500733 8711.153690012878
9063.111606527007 3906.271821456023
3704.7824105071713 8714.993143381971
2020.6266055049725 5760.881889842822
8391.596603639156 8915.06544843442
5613.853857572492 4848.574889924844
3274.5331621417586 50.69845554155128
238.34066714813585 7904.67228667733
2124.3221317513917 4255.9114370407515
8591.539029880985 8408.238083600269
8423.359336751033 7110.88881216314
2226.425660930883 6355.440003835194
747.2095127874522 3720.373794047274
9842.68883380348 8646.28493225552
2789.710603318265 9992.378929832837
4428.82280910506 7141.9194030064045
5442.873945230266 9948.822387898455
5479.801411996989 3139.136943147427
735.3540255214497 6120.393076158563
688.8282955766623 260.69047830325377
3888.335869839513 2861.156587485416
8747.991694599134 2574.4563595089508
265.26805790936805 1764.116105101755
1191.4775362198138 1131.4562532572127
8571.949635054421 4267.142828592184
6576.32423137525 52.18807208237308
306.0547367267918 9009.396948610693
4719.529361562226 2792.6783052660453
8160.255673685872 531.5624236168493
2196.6498046705383 286.11514005263405
2850.687860539757 1508.918732204929
2855.859199127003 5282.879677070672
8672.574153686795 2864.482459739073
8712.76074053143 1401.2395837725867
2977.4045622518743 4830.14673918101
7265.077979560752 1152.9311776167428
3721.1494603692286 7306.958495633136
1002.6752532532479 4522.299999913202
2250.555608971012 9721.36667745537
3687.1869714199056 8554.629959351418
5574.659971084142 8982.48748983341
5836.8647721428615 8848.74041814532
3511.226972217918 9116.128124499097
8776.078935751715 5850.884958699967
1302.9024052266236 7684.518255241114
2595.23525630566 2411.440534375676
7565.442566012285 2196.4013575495756
8415.70377746309 4192.822184592053
760.4682653205464 4370.334967152847
9465.676967786187 1206.5231552541022
4777.764048089105 1334.764456210351
8646.705880864052 7009.119747916517
5667.21964038854 631.6237760145505
2506.993485354331 1901.5466792946445
7078.0982523330595 235.93015122300721
2836.3470595480667 7852.888820524165
1543.380471751118 5712.039169868463
7459.023311679349 5809.400759007487
8389.525241957355 4097.926847830796
1224.5296840707697 551.4091500587238
6757.054352256844 8142.077082958731
6682.765973770695 4325.211702785732
3984.9582220670177 5113.243819058415
1478.7301177932998 8104.035393741233
5441.9819043493635 1561.5722150270494
6113.326341956944 8521.575239403257
1780.4509088362574 9130.257157996073
1390.6560557762582 9273.582524859004
3543.3488824789993 6800.12797337434
9608.487651671501 8097.426407617383
1072.9612842599279 1795.244025720638
7347.43931270078 4316.508288717993
9749.459609886631 4785.7955336443565
575.7285179382909 7375.858456785512
6730.387259202894 4995.30260350588
4710.178325255054 3797.1989501529147
5567.087118785014 7352.3112509690845
3260.492415169366 8546.207152006167
9341.682950189908 6922.4859565068355
8732.640797375658 6931.675936824928
1298.3115492271857 5515.205266647343
8578.527817894044 4845.70648373497
4334.874147397862 1579.4647588787236
7152.940679276222 8406.034016243797
7176.661379436771 7287.097918071231
1875.1050163399418 8876.035677158834
5570.777432462055 6047.031632369617
8091.001324263124 5114.9215326927415
1420.3685213492267 9602.488675938996
2493.92728094486 3750.0646188660157
1420.2441312615833 6333.758099539555
9384.615810521087 6765.379674986435
9460.549842482022 1422.3586123115028
7538.546338527594 7264.111561125004
3832.7342308477173 5128.117127162729
7996.920816722506 6791.34839551391
1102.1289045976612 7588.89343323087
4709.095289342483 1791.0275973846944
3404.0369008262173 7273.384421633824
628.0928779750172 2524.15542995618
4875.307723562714 5500.639809313993
1597.1507903909055 5089.416926431442
5950.948485304535 1285.6306323712374
9164.079015118614 6064.2983478103415
1335.4052465931577 9178.411053242044
1321.5390498248403 9724.309410472179
8600.722296034826 7735.116656462823
7095.180175135753 9799.833028371915
9568.869892597662 7792.251077762548
6887.89544615897 1294.5939230385795
5903.100253299886 7811.405020110718
5537.291503564528 3016.6819940800538
3663.2838203845477 8219.770224433561
9154.791497562552 8162.528023405948
8972.739736597447 7892.498114510606
9988.619153277074 8546.173090150956
8399.166940996316 3706.1671866387337
5789.242794743631 7880.635061125063
3169.849938500888 8438.320657564507
1454.6815993209593 895.1223149331666
5921.396774315576 3196.245029167357
1094.408269935603 8011.30104361095
2326.8469859324746 8028.851422115414
8074.410321308394 9803.774344648098
7648.054028851381 8408.740817800424
9092.2952350625 1534.385276113276
28.843537837471843 5867.223315736386
5880.162218893504 5676.909565060486
8174.507099123398 8223.273508435483
4744.280636098855 9538.154499309136
955.7832410823719 8568.10154662818
9824.45348092193 5833.4356985962795
430.5502024302987 2450.2287896274834
692.2631802179325 6388.856843522881
7794.0325498158945 9551.651882606508
8706.232414693588 3019.769933726232
3848.4039535772317 9553.890668979
9403.257453296414 5074.244058215091
1725.2446859585568 1863.4122395058316
129.49864624289708 132.33046469656617
9799.393173854596 5399.130525135794
3100.2434177706564 2916.357367169835
7000.304744286609 7740.380574556302
4127.084335432129 7594.445360081736
1057.1140856042227 2591.972282012005
6362.082035883547 348.8884627603761
2606.1713903283658 743.6316505084761
6582.410106674393 2332.9931233865063
4544.903677008428 2484.3380940074167
8775.312568985475 7954.428531030881
6533.427507300007 8777.772740335973
6082.024410042048 9800.087558038133
9125.422419862572 4413.293273346924
7520.640584294886 9456.916299433628
652.3478642240899 8817.55463808686
331.7440054659282 2985.118692292662
2690.164689588521 9245.10043624006
2276.93169824131 864.6000106160523
6705.304878637138 6661.947375161622
769.2049553335189 4862.462897936785
5306.707399697367 6794.395862043671
7325.522695499537 8458.824239591304
6423.315256117325 7535.994548896922
6505.636379267616 3220.174479849891
7681.511572487847 9188.799159712677
8237.662743157836 823.9537009718367
1274.5468664050895 5860.758419447853
1229.6713482825571 9314.970752720661
6696.087283683023 4749.272588483285
3027.895966599876 2613.7481673493744
9852.596610468932 5011.668266237543
9206.005607477715 4298.824446604802
2274.3357342161707 9456.536582219422
156.19967116515255 249.50057099494938
3412.349474075095 385.58542656552675
9001.718429959454 9862.473892996313
2338.880153467138 5573.860730093176
8261.690593754689 2245.2475670849803
2561.234663113986 1596.8946019173147
6073.066067633868 2041.1659506859648
5114.1998087007705 9496.536837535847
5010.7096686507 9355.371857690268
613.6893887710926 2122.9385053510787
7845.562027055713 9627.94160153877
534.3756212590145 3398.3498183574925
4942.099554362123 2239.900562844862
1616.6419509642815 7219.10401989354
7420.155306528023 1139.779100958298
5013.266209112441 7745.3590769418515
8692.48831149116 6842.820353542001
3553.8301270590846 3423.8744826293987
4538.321046155349 6781.905581745098
6334.919354549938 4247.30039446749
8484.38818852052 178.71370747988502
9736.763012510986 5474.161554328635
4938.872715388271 4355.58909039065
7922.038238152941 1316.9235857652538
7259.926854324168 1723.0363318522257
3890.141500882428 8951.225850372148
1739.3130464769567 554.727095414722
4240.30989652456 6607.576611315099
1343.0184696794024 8101.342572697936
6939.549796714519 9477.5025495349
4974.531273749537 1596.5391999566036
1596.4123391935393 3699.3498463705123
9012.792011088866 1272.7743102507227
6009.229646928253 1784.6419759509124
7925.662769545915 9631.678980641016
1087.5086017272552 2504.09141523097
9871.08490974252 2903.1251516919674
8637.7493117062 4473.079359162496
1371.9221384957048 3879.079017922664
2960.044692014354 5459.608112214512
2386.8183013411426 122.79281304444667
7719.3821642791645 8783.443842083874
9398.22206117481 7930.8375579251315
4135.660824338312 4083.362742845109
9500.063067198467 364.92948995348826
5179.003587807447 2200.1226554151367
2891.390811474459 7172.463031646432
3162.0289493948007 2955.981587242991
4668.612738826077 5479.107653947312
4888.323368461235 207.28985778440068
9357.80215432755 2763.7879262849774
9346.431115774763 704.8834897848943
3239.870881796274 7815.810254359281
7831.261880360728 2017.7136975089927
195.2265993183977 1125.8624976112176
5329.887424235139 58.34360647014813
6530.871936813453 3477.056578521888
5026.284355754049 8594.655199003166
9051.720622547151 379.1436179348018
4859.6502709475 1540.3041336233937
8499.241271144057 428.4816166061489
6213.50667699421 3787.1695710315744
7404.363800850482 7678.289919144806
17.87371555237227 7876.244974864072
7387.912300748561 1668.1757878736603
4814.383332908654 1899.1232633534648
5990.65756502336 3888.8756196463883
4664.273999657233 8680.42644645606
7226.409341991978 6147.600416023388
2171.7906035936376 7512.240727648341
3225.3966337305937 4551.335908305002
3350.588934018854 7494.815711368885
6571.512190631207 2639.891398335906
6578.3197140462835 5883.489760460404
4235.827505305244 8577.456199715703
7464.655234786074 5750.011500855465
4370.110565415044 4250.86220946621
5100.5871347079055 4737.122091755722
6647.905292639974 8624.71805940288
2861.909515386848 718.4773982675486
5327.0662766403575 3768.020845256179
8707.380867150774 771.678916393267
1756.4614157232916 9593.814038762117
5742.129406732488 7030.39831841956
9660.890884471202 2542.90983576108
3709.4516066154283 6702.274828354147
2212.0952996719343 4194.6435477973055
6029.228186420965 3822.470233704619
4630.053652626327 8102.087583645663
5018.760541579186 7158.472760756592
9857.602220282282 7026.102974040162
11.910225398003016 2089.937556756041
7712.731809072798 8182.055314266838
9234.998866044809 4258.061975890711
9846.749178353359 1114.9825482342867
6503.007263774625 9312.190689549647
3822.816652732484 1383.4500542668925
8067.190243189346 6177.052527864443
9678.213105472692 3359.28160054904
3275.299918533409 922.2343489441287
1444.9853571707595 7139.812171825156
5098.188688358921 4536.1965284611815
4277.490823826003 7821.255825492417
3031.6443603163225 690.3420842811959
5071.654021930939 196.23977425921146
1399.8834825784888 8924.352544526926
759.59737240193 8315.507379724351
667.2107226947754 4592.206479455672
3824.622642047637 7293.243488012584
8006.926639300394 9379.00114780747
9005.361302588946 4237.4334425963825
6081.650126376691 5231.8991884785755
8644.225087710993 6251.115034307089
5756.791629834304 144.22742401280942
6684.131841902139 6077.341157892705
9298.999787477687 6389.953947727838
2928.7957331904436 150.11917668903862
5503.977325560459 526.4813677557323
9855.709285551775 9565.5470452901
7153.139888561505 9766.883063125184
4007.267093588656 1801.825061450707
4216.172642397097 1168.4296604618028
2784.3119499694544 9893.766490331804
3296.615928407728 8492.440887962894
5327.70988501689 6206.887346720132
4960.188171526033 6561.210279438307
3097.3918675676214 9958.113860124391
5790.635833369348 4470.949036449881
1744.6257689431034 1194.588447334869
1285.4733365852933 7115.4026156355285
922.1100981566188 9069.018630035343
9034.058899039517 9132.990217684084
2787.8108273207645 8939.458624286257
9013.028118047554 6611.027006979521
3132.2886791724713 1073.37382176942
9289.183684421669 9663.789234916725
1295.5962294535993 3550.281744076973
937.5222970578978 3346.8837571065314
6338.645396273802 3334.2289181298192
5562.1520018281235 5278.590493506989
7295.282572582313 2426.802021168103
2450.436847385047 5809.546514953718
4755.129365036527 513.3385629532971
95.77992449750883 615.3443784508383
9513.578902002671 1579.4430706313756
8592.036627963505 6182.32105361179
1574.1669580660177 9601.879882077452
5232.6261751277325 5815.01638973664
9399.858943893265 7607.353317584098
5539.988781163337 7514.48231223747
4983.631523401215 5144.653235602235
5906.113809203844 5359.830427835846
5045.046674249439 1530.086631830848
2042.4405341191664 2871.1026020765294
2458.349185245191 6103.073500356831
9517.516077858192 239.75989406400444
4878.946364804915 2168.2366301320035
8803.36626340099 7283.782126761772
9458.953502344393 8302.271237688123
7456.618882369297 517.576880533237
3528.82408843696 9268.329863738663
6327.997296840968 5822.597325639945
1170.9004554872092 8907.611068999342
5023.871673612337 7862.7754241114535
4722.060518802455 9067.29774922438
4236.14855962968 3609.575135553874
8416.45780604279 1875.9407281963947
9011.840922201212 124.67753448750952
8615.679995043893 7491.833577840329
7551.2521857347965 6094.009797420909
1372.481563609448 5826.8868306497825
4703.777938129274 2515.037002182099
3435.5748667488283 8687.951257674666
7972.911680215002 409.93246370234937
7226.788165769757 8279.503749778076
6547.113750038369 2470.453645411306
3808.2323996818036 9076.055178580784
640.789510196893 1136.0461352856
405.9411429919557 2699.593950540793
9259.690960278123 7764.907562718779
667.7812458154785 9626.83777964937
9397.640443489052 6278.439983669852
6507.258561994767 7303.008480626649
8626.551618878657 9942.730297114382
121.16587576711302 1553.3118995090101
6059.301500944225 1796.3932772970281
3567.859052039787 7060.241870805699
3745.084252570282 7642.321212036578
1154.2641145219534 3114.2960538521756
1699.4543433166732 5491.583638471043
6803.5545701137 2847.633348981018
4976.351997699809 6880.924569266116
4561.760723403848 7724.660093000343
456.969245092117 3581.010371247787
5450.405399784476 4190.486905774853
4360.407729891848 7870.778216811446
7983.585836181143 6067.647074225124
8873.644762403794 5773.9467671749935
2841.7484454202413 4543.423382783637
7753.4112102647805 436.94632215541594
4430.735886133939 7404.583644516525
6270.156494342973 7173.2327998166475
3353.51081478212 553.275705726477
444.3607720664855 2607.1513057146144
4183.285459441749 7777.289031568168
4168.024797946546 7821.221146365643
2350.624445545485 9249.84080615052
509.25225785954484 9443.911821965441
2443.4039119215277 5298.497695385399
5265.416420791918 3210.6889158548047
7767.348776871926 9609.800620516526
6660.4761664990865 1689.306338930855
7626.190325375725 5225.60715389644
4974.5919231386015 1581.028692822236
4454.3193822547655 7439.125039775785
9849.266688608428 6292.668939964438
7671.13728781905 13.062533199627024
1028.8103517738723 6320.028668237916
4925.1315764171495 5019.267931663032
379.01649552216423 3391.5333967528572
4257.03819143072 2038.6937516694425
9166.504155088942 4291.557776227471
2635.273112689488 9462.469183322266
4787.266415547665 6816.136533315904
7303.148756018274 9199.31189666538
5400.5390052927005 3409.465384882636
6426.2180383832765 6221.477835297871
9254.184980101722 7687.792534082665
4639.415162159735 6070.883608792788
7880.366227377227 5278.010342107254
7267.493514908112 6699.00441163054
8795.350624357798 3181.4546547468003
4228.584195676004 5828.591895104885
3854.8861515266385 1219.1295953405502
929.5341288405323 1402.2183366542872
3996.646235048432 5022.769954009242
8823.002944722864 622.0982373873585
9743.830014077666 2506.8620056704303
2720.1327439766455 2587.6012999488494
9549.082927877516 4789.947751742198
5438.926505892515 601.3147894437842
4825.475370962236 8129.235712533375
2917.3053263036463 2841.4702993753895
1341.3608845418835 5590.747655200204
4531.139825003713 4288.005776354226
1548.507938652709 5897.935638089136
4031.376482242176 8541.481000132402
1367.9833122530993 2184.9018238418284
6250.712948534314 5488.522642794288
7975.838940581349 5226.06075406556
3529.102918577217 9644.425661300356
2210.733367415567 4122.28632959029
3668.694991811404 4442.991988881186
368.19705803657564 2394.2856885049346
8152.645364225579 9745.638726503592
5351.330180857713 8967.150844172764
5348.565876395418 3406.2653854882974
6415.298475572152 1625.7365187246141
8466.200872345438 2855.3181461761
73.07062252268959 5178.719647721454
2150.2538994882393 9355.943923512808
2122.417174669867 7789.89659452204
4763.109693720491 5837.081861053187
2209.276593799846 6718.479225246565
5648.533791959128 9022.790984880517
7860.159487232537 9055.85246145431
7966.24722431387 7954.065651730551
4496.35396386276 3954.460900310007
8048.616978602977 3938.8455682317613
1585.2612628517559 315.19267348437796
1654.515739465009 1467.8785801630888
2789.278989387386 7932.834592073862
5981.746834579584 5698.547496404125
9740.217547385917 694.873215608517
3848.2463431188085 9735.72692181072
4897.324368986372 7587.12311362795
3063.611173189079 4128.1876582197965
8839.55738984586 980.3609101468336
9686.325024996437 1751.0197595655409
1297.836822925391 1955.3533212879115
8598.384386403164 3558.9976664312585
3250.576878873309 9269.367260712752
8627.854371684183 4572.76840476626
9485.87872198659 1975.4513720997613
2311.212590894407 4899.187688490638
7176.343696361747 5676.486268211629
2311.165197078746 7589.092890940055
6217.5466246204405 8929.19996386429
7491.953530430983 3700.247651560251
1348.7821916855326 9409.04800233217
1702.9876265086086 5060.146140955882
4404.779618780156 9105.066528550784
7432.9831717687875 6912.824229214163
7439.657106964302 4034.4998982588777
4670.596123487279 5885.77031982805
3919.4677198767445 6750.216900652168
2543.8829055766955 3527.4851604638325
5697.262200113644 9259.628828667908
7609.742389260648 2043.1973894644284
8064.677021044957 9882.023803880094
8025.81906600947 6795.683234051822
3816.6322686381095 41.93823041454547
7261.184291110691 9640.106216929742
9970.799686489825 6029.388477548148
4488.42681781895 8226.233649315027
7551.085789493043 6353.488344085683
1348.6282513506599 9028.347432954408
5674.443472447314 7474.180837234021
6392.01168923994 6052.616266997551
6072.914517302908 9417.517049575155
9170.893178468194 2923.650999962617
3137.8738584177413 8063.116714586209
5697.881917128518 3366.416088785634
7591.03090704708 2738.1503244308083
5781.113148834074 3976.6270157978556
8966.819822421032 6160.380923627362
609.6210827930848 3612.212361357682
3233.3854566698574 8743.516008335051
5885.785355811123 5740.3734458208555
7084.456268426652 811.309855542467
1788.1180047919875 3639.232549448227
9701.967145405635 4362.574445321908
6096.482099302883 3480.0028741801025
6119.376151364006 687.4470431697499
923.1621005393165 7005.080456131802
3708.1998828398664 1355.9761853194664
6667.035195221769 3769.3993592266715
4765.3635942326655 7883.282640467668
9044.419767382402 2726.8510840410263
3696.547175921274 9721.261285196213
6349.0064370156615 4320.521134658036
6870.782458328505 1134.9895876236171
4454.602751707439 7174.947401683591
6864.1360663007845 4992.711508487222
6498.256735563616 7990.558825752282
515.3906925296114 5531.470461815779
2667.641747056787 9304.90855383439
1984.2154509390798 2756.1681013335624
3065.4273460622294 7412.262463585774
7832.3939540825895 8288.025176590521
3234.6761153085404 1922.5647546732682
1041.25872077117 6199.12964756053
7603.142604463662 9192.750170345389
4833.552179594395 2652.9544984422428
840.675430593526 4177.8274340691905
5185.525457840823 5016.437688539083
922.7515308945988 9126.11083005287
2995.148053816159 4517.409469052287
554.5021753784296 2982.431887338044
3014.893243280351 6491.868857587012
5533.415412937146 2365.112947260145
6862.635152743444 8798.800882209944
9615.229276733391 3546.941520415516
1691.7721558802411 2075.9402459787566
5496.358800706766 4997.333125620281
4431.772845974266 5168.081511575361
637.5257610205232 1732.3277370226065
3902.9147272576315 5280.245185698479
4827.091995183704 5971.01480427099
9564.064915285442 5191.210991476462
3618.921011272034 3411.4370184568265
6169.934901943623 9208.627879638827
8078.422089204005 815.9728446037018
8194.31053899054 5455.120740765465
6631.763215174374 8535.658423022764
6518.346458718438 4545.512797781312
9237.059972014305 1104.8516996287249
2588.0836304645027 3748.4850321309714
7582.681519351636 102.10447134537671
2012.9346650318203 1321.6997287523113
7566.641176360357 6100.055813247533
406.95074502013375 7867.617012501578
1922.365317196245 716.6157388532835
9167.273632494467 277.936456482939
1529.9676064844602 5531.65856603238
7839.240488783511 9117.797639582086
3688.474283759473 1947.9041333321422
2735.2017296675667 2146.5824100583563
4423.2876534727175 4951.607595260448
8554.177996514734 5080.35254036217
9764.489530211806 4168.147041480561
892.0677436536483 5671.676672095083
7855.42389699565 7609.534519436217
2737.195102341138 8715.787215330201
9737.322248100503 7075.342628502853
7313.558880117117 7687.720489982254
1704.562547121845 9295.484585369326
2964.231185959648 3373.295966761083
6236.486118095054 3592.741082374268
3159.925304894445 1077.4886439008303
1685.51494283525 5094.8789619073605
6172.8336046419 5776.955049316611
3137.6526101626646 2340.663800446581
4473.413136386252 8929.181380578639
8160.267719627369 9501.017077257993
3487.8754503136133 1558.9108764730663
1513.3971634980558 6376.022404303206
2996.7163450603075 5713.230596143008
2324.628759045344 3830.4413352488896
2159.696487303785 409.8808590661085
5713.950679283926 8394.850549107217
920.263269053806 8799.070710430167
8403.787395212308 7386.4645294082175
6372.486425645529 417.2737606599486
4460.7675183559695 5093.161083903697
2566.148127698116 6132.18828864219
2989.595022625522 1316.1832587896838
6180.718695204088 3661.2464754786465
4335.726299494014 5881.440113509449
8516.51914413504 8391.76241733261
5152.384654754488 6606.283550383574
6331.447989555191 7639.007019332912
5548.768208408019 3648.093126154749
194.23984282968766 6449.209220059205
3460.136993354863 162.9522317771559
9230.28488578988 9587.676392449332
2366.795148110773 7767.1512357372785
5403.631333352889 7447.940060993487
8537.809099328764 5421.208976085224
8808.860883674814 3276.024096524414
3086.632068217016 2045.5548635212494
7839.110581616314 5324.650770633121
2299.6356837388944 6428.96831598319
4551.59277450156 335.38691017228837
6934.870364937 2805.3241747406164
6069.537024787408 4092.4498772848774
7487.216949138718 6851.146623369305
7439.564674942959 700.0854815710777
7777.403320320921 4795.928901073593
6.0790292944201685 4706.140570761127
3646.2056075292794 7839.124469075535
2069.332836453925 9227.650205121909
