2584
3723.3739287082303 5209.645510911185
9641.878131104426 3693.9041861988385
5267.400475961868 1561.3513778415954
6208.798474235699 7839.951398249685
3362.5136282028147 4656.416310585259
4925.387281102541 6217.562036012712
8255.532220780915 5040.434622292674
9385.201800667783 7952.422629903768
4241.328254640695 5207.35731159158
3656.616412882637 8629.704142902061
2933.789004778612 6086.473395290999
4465.930940012619 7656.732313364531
9156.376818535453 4764.182318194068
4092.8857648253315 4182.985771871264
2114.951368449276 9425.966066571908
5103.151851773914 8563.814968201757
579.9605672622532 9271.554109571065
8638.076130011204 3903.0943944175756
8432.067469732096 2986.350338794891
5140.155767423888 8821.35714364174
6114.731474823174 9244.765774060492
113.4293230529737 8269.783358052224
4289.214476537881 6676.187065909436
7801.165397899496 3946.74554163433
8301.936143083776 8741.879546566179
2508.938805209904 9672.43899319184
5951.055444117266 1051.208437317641
709.3878011289901 9938.457717009636
6478.6110237036455 4788.137926791151
7035.642661030027 1772.998105067618
5716.500452562176 124.04323796332939
3803.627462565411 1048.7088937311407
879.0396918300747 7760.455634728819
6799.133541204551 4409.025981018276
8621.788267565793 5075.4296965559715
9723.770049712659 7100.164599202968
1675.7863671440555 5739.8081496533605
5914.597094327777 5169.767912006522
2618.2987153431527 8124.732431855235
8735.453150335523 7729.534667294804
8155.615146729055 8339.32829476665
1383.690000474006 1277.9875624747838
3670.409278122807 8317.572146579347
2764.2309535664676 3440.857790501579
5725.6120510781775 8015.92281394693
8553.572184022827 7910.402579676651
9718.708261780024 3488.381971159856
5609.551195257295 5851.292395418835
944.8176340766635 9373.222563424966
3478.4052872197235 1589.5335333146231
9953.876179376834 5155.704843853062
8908.853040422024 2012.2253316308525
7276.685395630161 9463.677743292212
8003.627735072456 9779.773074847748
8346.550011859355 5608.039794460382
5922.09923223012 188.50826223380412
6757.67888867633 4597.611866172555
5893.3228689127145 320.4958031422789
2878.4789349397056 8938.055317964065
7707.056172285402 6978.638685014853
5277.317022303168 1667.0441743286135
820.9886165783442 6829.012373067673
4420.29012222061 282.97748181308367
8755.632504934925 8158.695248992011
1664.9845505309556 4492.099045411568
9544.024058958546 8706.187514147197
1701.1698608287352 28.968494474013173
1661.591285953523 8132.83855838866
3278.815087812803 8197.805765131963
6082.243670537358 6877.530487754446
1315.7780680742715 2237.3064337197948
2889.945041749561 5373.195547903592
3291.9640133397465 7129.110857844961
5220.732433009417 8902.57206202962
4213.707033338191 9050.17910555634
4218.348426908565 3731.9322883569725
7371.580765873767 4311.908364984278
6157.354760271701 9585.340332802944
2616.79524664154 5333.905488974731
6920.801884039653 2008.3348711950289
9945.793197328867 2967.9037803331066
9615.229316278157 5718.747309030725
3809.6104908594752 317.39542774895546
8263.975276794285 6653.705987648649
2754.0178826661554 3091.1236630830285
4240.480652404162 6095.698367513993
9748.41626278403 5483.661844030808
2386.4670606907202 4996.890965070055
875.9088308056495 8593.88283787312
605.5838436270288 419.73984816649045
3933.929068981622 472.196954525782
131.31042130523184 8873.247805282685
3934.253800254971 3030.0229163937597
3638.611038512752 3248.0539888755557
9493.184610456976 1250.0247523447915
4902.039485771904 1039.8713366839374
2667.1365501163136 4403.2330811718875
6798.694239670075 1599.6141615426295
4915.821817679807 7309.243694007156
4112.626962646257 9259.883864267558
3564.6722185151016 2068.2661955699623
3818.0156883536533 7361.315494305646
6390.098205131778 7148.870588091
8301.606092557071 5438.607421194328
6765.630657338834 1232.8637883185788
6330.640989441247 8124.891382838413
8183.95049881903 3798.79835840778
2480.6905743816865 9694.426802328138
4909.2608012882 3068.2008159466254
8208.503295728708 2587.426579886696
5016.409461053705 4643.681434911911
6788.203337712364 1747.158259848739
3137.6263552748164 935.6641239579533
9924.854805354757 9148.283996952861
2864.6860696993635 2304.5598806003086
6017.628049866403 4506.736394119501
2943.768783894074 5737.775137589421
8765.495604932854 8835.25419365522
7152.23685859665 5836.035337060521
91.59445172501668 7245.028531986003
5061.0049812810375 5901.072565644448
3208.094249557043 6192.740143819804
9763.12565086991 3996.8116105558393
51.61088911303735 8233.594266584438
9088.67851080431 9998.763189545314
2289.911229846093 4264.791841766126
8827.989268313688 4851.410671626067
6633.857145661187 9230.197737202087
49.67097334192982 2520.95778769706
3284.2378545477436 2305.8014751995315
7726.924076030792 8460.879944830363
1001.3483361597963 6696.888758646924
4574.989785891029 5800.3018319281555
3505.864604593778 7351.672610584602
2254.6026591543823 1920.3002460005537
9702.78438195602 7132.462688348615
1910.7425800397805 3600.813014211772
4565.888581401277 3284.2743409296118
7392.935926203844 8500.907188893272
8428.395603885994 6402.113725037637
7442.814278535968 4377.741871449573
9896.175818944346 3521.996300548136
7636.589563377878 5154.640857533142
1633.0984327533704 5447.092346788639
8934.553706719433 4716.262127598012
8863.788901955526 5969.212143966501
7316.671996979718 5138.934405467011
7597.273188455962 7257.180166664482
8172.786765628212 5956.8099266454965
3295.6929030663564 1357.4688091535124
9867.900925632748 5019.553472495011
995.476214138411 2488.795074415444
3217.468611481047 9514.878203191369
4734.051645868218 8611.21057785148
7484.566995091759 7809.300730882947
7543.39898702487 3611.5389738945346
8950.28374721325 8903.083650501525
3242.4281262668087 3370.8527944933207
5110.600559721015 6500.396632057911
7793.387460885064 9965.998972986663
6117.510419576346 8963.315289506449
1083.1999815242743 8306.015970118362
5209.060028938565 4748.350442274216
9648.832548154214 8615.617539462253
1562.4588980306642 5316.7794909132745
7086.504509914607 6351.733419138058
2256.3510954592493 3965.13152066447
1667.746412270491 8375.442405047244
4842.799656412318 9539.752167531176
31.022565764413645 500.4457630674453
8406.488116572647 8579.456492784784
1725.8333175821006 6900.567782312354
8928.088723923769 8072.852616452684
1856.917248414961 6282.593437416799
4270.714619386419 3722.0013044934717
8109.374252241844 3217.0811784464204
5172.808238086136 5371.648759614759
4031.2385725227805 5568.620610365119
1257.7906994984444 2093.3544798244907
2608.228781529025 578.3278920573442
5260.231030824391 4306.409528980894
2886.1054933805476 2825.203214031846
4420.263464464303 9272.520791212388
7679.275805708142 7029.304124304185
5312.423033492677 9318.81451739712
2249.9787843555064 7458.510995195521
7252.029260099005 9223.789803084865
2250.5976484397306 3561.9947393116413
9861.69628081858 343.4334376135462
4192.3384498071655 8377.322172234502
2382.504948566594 4259.780508836481
3236.727287207617 2244.4635504324183
5878.823989893611 8001.790204390056
1202.075221773783 9408.79442115654
4612.71630574428 6218.47659670541
2335.264269365063 9206.5117947797
9553.331164741016 3076.8211274397618
5619.912282480991 6699.713236183889
5238.618497134745 8112.061999944847
175.17770965374214 9864.717217449384
1021.1736181984188 5775.542104634662
4645.165941398196 1736.0253365685485
9106.960052574537 8005.370894281958
2387.105265559287 6269.665032011732
4735.115508885208 2787.7345267444766
1737.1610363670886 6113.469149901709
8349.004032413497 9381.765746863677
4665.96164347997 8958.18325319792
5673.120892695367 2648.467241824739
7731.611501161425 6692.1192078061695
9237.418028930555 4754.2531838396935
6396.1699279148 8193.396574087577
4080.069908126256 2412.26108677546
7492.279261299206 2267.6514923868253
1111.644684004096 1779.6525473806369
4909.825933886354 1975.4080799731066
3938.1135302621838 1146.713259680623
418.223912123189 5392.147090868568
8817.067272528615 3633.6277288456586
4948.111631519403 705.4264729797976
2860.9772892058318 8253.39109518787
5626.956713499868 5477.242761418694
2603.2807659972045 7904.396478345189
396.2671724384392 886.1448958678442
3607.5281112937605 7123.809461800605
5133.808449426448 1812.4437559263463
1926.7830002474118 762.9294910465755
7862.433469085813 2741.1894016243077
9909.916988569097 7138.303951045085
847.8272945991439 7631.41025945094
2103.396287284144 5667.450266718741
4170.682977756438 9136.446659044037
1811.608431097934 9515.61072462344
3704.516906784575 8859.028545281151
5255.733275613339 8360.048713415825
2338.5438564224514 5686.083352972116
8210.610823212875 5020.968542276464
5755.727981321172 3672.0830481937815
9501.019112633621 2413.223887638478
3109.3358186959995 4426.071563272633
6803.218712776065 4040.553165914885
8537.014902202676 1506.3374001160778
2824.5831919789775 2084.1632539373577
1609.627548869359 5938.0304205279845
4123.581080039306 2030.0563099816716
3532.7721416809486 2642.840854298202
584.3315707842422 1734.5755699310062
1202.128113421864 7306.198844074129
874.4075837691079 5845.224027469848
3059.460329206649 2006.2689617633023
8091.513861307039 3573.8867913594163
9104.326927798624 5790.350032905038
244.12288240655 8962.165285948084
2387.2352260346684 3308.1155966941487
2213.0962034186086 7983.614091488736
843.1912120776352 597.4600563601784
9405.786615865234 6095.2427172921
6420.294965236733 2167.54213978573
8441.053153821718 3180.7279110290365
3116.2373569754186 7634.945610970799
6893.086538034016 220.3592012005595
6756.252013419712 9342.705461076928
2373.891216095144 3477.815717270265
7129.285655348421 4628.280086629226
1048.7199268961822 7511.453830815435
7444.849013688134 7705.366860506202
7055.717219951965 7897.861784440902
6981.2132560183845 6485.802635927888
7240.475158174322 8198.016077648144
266.3263817597872 9091.602788140506
118.16092104989018 3401.451384082189
166.0154656311985 3293.532593581947
4040.3264087442035 3851.4347588694577
2849.7567169535632 9661.426431362333
7170.468233490519 9484.21526206438
9762.489286801921 5822.800139986144
1061.852407151378 4107.99189076318
5451.655613591959 4900.131379715168
383.0763289908845 3402.32733589204
381.85296904001297 5933.507716488113
3651.294358142245 8336.313784570697
4715.185946194152 7894.173532743746
3709.9808308823112 7783.8636658152345
2443.610617830079 1755.8337569810235
2127.5634370026396 257.0947584385941
5230.263798391763 7014.399406791428
8695.210881774097 4883.840029236175
1849.9779480421064 33.19078470620296
5766.509925877625 6022.901276842245
2214.8799051935575 1639.437676643305
7308.72313260089 4240.739504689414
4629.179046610422 509.2517485485959
4224.769677777785 8765.87375384278
1137.9509625130968 7052.0630765527985
757.0263340719663 2992.3397207871917
8617.928218998546 9741.855381117002
1598.4961806495867 5121.1345021025545
2604.010277743033 2141.3464418023796
5713.85033495611 608.6557212621258
6753.409392092394 4226.604229374537
812.2942797441534 1733.717797417823
3320.0526368307037 6043.40381513224
1916.17198778414 2299.809666120821
9045.063348242904 5212.967853744778
8533.665693307143 2256.832552350525
6464.844724283881 2353.5568345656066
7570.909158699575 7856.639073209644
2796.499360919854 95.7034308487581
3308.280666190554 7849.269172875297
7281.0130658348735 2042.7163583890929
1517.5972046846687 5181.857278897804
3147.8396440528177 7764.404989199547
2111.385821903351 6679.766381535882
2210.224928011191 8710.802065357382
3592.3575502703397 269.57789668481837
8508.811620899074 7793.997312805667
3010.6642713352403 446.14756937026436
2391.7697484983955 2310.011550502581
7138.475036637234 7891.016430896877
7952.899777275713 5858.982836283703
4135.856027013767 8417.039703383887
4844.858990234964 9970.749344937549
108.89330268740727 9744.18074977334
142.86860322284988 254.25629983261143
1650.4557497045103 2003.9890456960563
7154.9520676305765 5063.030348609014
3705.93987910487 9325.36364961371
5857.972336742916 6905.300181535858
1920.7972918248772 5371.782911342781
3984.4248222373535 8126.169520000119
3.5985251289494258 5280.249437803725
8693.159064875235 2750.571279501386
5577.837668638711 94.79477559920736
6227.890803968664 5799.569555023334
2497.6353481580713 7492.446946827068
1000.5863113611413 9878.8928769158
3666.955509637667 4367.159052078454
6132.487141329239 6387.420410760207
6028.8951183208765 2667.262620714844
4643.758273862067 5304.6641291214955
8581.072672268863 9774.59471511516
4203.441291721513 3190.121735736591
5025.077968916718 8668.524819440627
8634.596848096871 3763.7001372176646
4972.415486025049 1135.6835661499076
6215.22576142614 9235.242434918844
1506.3119262870018 9366.272908207464
8223.760401656931 3412.5124846487033
8338.224830597466 7420.422094105419
1148.6186509435393 9540.827164520988
6799.830044409107 4253.121606582308
2514.522658382666 6813.846457995818
1475.7292064276462 4253.854443104218
3373.9779348582833 9543.866294488249
3409.0664701872397 9587.116772127549
170.522154287156 2091.284653929543
1501.693652142817 1012.6011906877297
4901.045469268022 826.7372711018495
5982.486398713864 318.8912308399239
5287.697829660199 1635.7314799054056
2631.855165438276 8022.0970378219445
6015.591541665201 7774.433396029831
2827.4568684012793 4560.936009482609
8000.720696797791 8246.588772101124
2415.559940583004 1862.3474199838374
5123.212156517157 1295.391605053262
1914.4755159253511 4856.797146742739
6894.235136333617 1090.436963671738
1620.9112164667306 9290.01989732851
1120.592479136071 8238.729078810715
7817.06833870029 3008.0127677478495
2789.222965367226 6360.03388946624
465.74446397503186 2784.6798116905948
4114.549152624987 7640.706750795488
8532.66889096072 7716.601716460616
5974.801520685454 16.442456532418383
6389.73893012809 3226.984056763119
2809.1626008113767 7433.226937245256
3629.790780733784 6800.915822782164
1455.7683787311503 2497.1024703031485
1062.97951105489 7716.646398015097
9381.31329855322 7747.179056339272
7666.807160376251 8242.670153621353
9286.206712330588 7772.655685122495
6826.281771034557 3037.9840908717083
5164.932600788367 9443.448186429254
5327.649301476763 6822.960866068757
9559.462341211669 1635.3384004293337
5258.592068019874 7780.861692409945
2964.2841233689655 9004.39707795774
7219.736233164667 5605.086278531388
4124.804166644367 6601.755216111059
3066.7744852875967 8624.84159157615
4316.5844044065425 3418.631525912721
7779.44805616621 4021.9815975307815
9601.084188136065 3312.8437234909225
2993.100031403454 8794.35633361447
2524.27593344309 1191.8693287212989
9230.456625283068 6826.080308317299
8757.704247659118 813.8445650253989
9935.746157361995 9192.71233821845
4777.268951271793 8116.715364356329
8040.224349988859 659.4151256948188
9833.207114953602 597.0898429248161
4977.622127594957 5222.740608635443
9185.458476705975 8934.163680111113
2819.985029336005 7501.769948586789
5861.800176969646 1790.4197649194798
2518.833881643768 4801.904552776689
5041.8346767534495 8519.634118705086
5113.518141420862 6754.6975773829245
8578.128823451689 7374.042668052874
8208.096994149902 5579.678650917601
7136.494154081962 8726.358193193648
7020.029684035618 219.21292396401836
3970.6065251303457 3808.6494263112913
7868.412338534171 1865.010400721101
7441.869001634191 9518.925831164423
2096.451955330346 6724.975653880264
9053.61832399521 8957.596563407576
112.3186499541473 4271.676517453684
9989.4838059812 5529.805689036349
8484.475445619524 5668.774300260544
1928.9097240032481 5685.966617836773
7842.031302998539 7589.349470911608
7258.552755407048 1671.6522215657792
5707.62351552287 1220.1264594803451
9706.471219691028 1019.3241793406748
6329.781723225148 4888.182282188791
8896.729493005018 3938.2104937424865
9083.684596196725 1451.8028613348067
1355.232462702174 3244.9736852074398
8073.66980273929 8364.72654421675
6093.325521562708 4026.632590731991
8197.81251234005 9153.093276505842
5053.879954482782 1838.537023014294
7124.3406841812375 9936.998220224887
7425.304063569349 8914.017432610974
8381.608546144142 3583.622724622071
2112.108018325273 7598.6597849542695
8077.8004439879505 7096.498360941822
4496.3663007096875 9020.987775046386
6643.49740749208 4925.532443927648
2032.6165664843577 2872.6595264892317
7429.680772698959 2025.006647447376
8189.439652892634 1095.113743973426
5995.7106540712175 5691.836842573535
5784.169811388165 4255.930611417217
7486.266959654242 4483.95661412939
8852.883754580305 4446.9994421378115
4623.187119001486 5848.771712111162
6856.025934895304 2647.9140042073013
5527.601291510708 1484.206807870543
6240.723117913404 1671.8424970981516
8839.705603276398 909.9418684639837
2164.051790115139 8047.450242474555
3417.973862245168 9244.02068672705
7527.220873799859 7489.279735792595
1276.5628923923666 4760.0840224975345
7378.834363375553 8970.320597687012
5359.112978576201 5443.065267393441
4216.107125316857 1834.3305688990886
8249.106021469754 1466.2571432827888
3746.1022512916197 8871.796817645572
3981.3894681527727 2280.244975499841
1264.7710146809366 5832.254026808239
2746.4349029792756 2834.2706772496063
5969.7685079904595 4457.006619497165
7468.34536080848 3343.178547367539
4243.733092874329 1790.1264855839495
1989.585955010731 968.1651960050674
3227.9090860211268 3261.928993828571
2909.8602816538255 9797.136852879588
2851.707018676425 837.9572913295285
1003.5097894596468 7590.558145693444
7891.987406440983 387.8319275250686
3579.2686340085656 3901.2483705051573
1606.5659095898354 4352.152674095714
6148.15516269071 4381.664725818458
9019.638462043513 6771.965935389027
329.7386012665759 359.7890665472625
1032.5233399853962 7794.140763905748
5053.971428489735 1094.8088800845412
191.32693802675126 3877.3236985226745
9805.227461305594 8516.3684015416
5163.842595322076 8096.9699626791025
1907.144750601054 706.2364388345488
3761.1862720621934 2184.2798700223775
4661.322975935558 898.8221809058406
3685.3887226202696 8232.693410123185
9529.87413068022 3357.0418938677126
6092.358129952311 3366.9249967731553
3491.2866155966217 6122.6258354122465
9530.331398109007 5093.353212984939
2201.0079478827192 3345.021813790782
847.1400384004257 8536.900837862453
652.609201364438 6660.642052332625
5255.314418824263 9318.373971981995
5662.347289435994 5924.267945308092
9902.25521215726 7437.556765348912
8689.390328631218 4487.012543032386
4013.405128991099 8201.181883508523
3255.9308824568366 3170.312785086038
3959.5565638988105 5971.233261306502
8545.857444432382 103.00838940334067
3445.1317648572312 5307.8575348251115
9637.614835401382 668.6365697784058
7422.47871058247 1942.4903342345756
5266.3331860725175 2952.65121360363
3307.926722676501 2940.640234449752
6012.257603567198 9284.355695911203
4608.54899606056 1400.0872412832477
9376.96767258429 3735.9161117215235
164.2842550505008 6079.09162393023
3335.824951656666 8770.89503520832
6868.269928087898 460.53379807626914
6644.543537110177 1627.3320976043526
4948.946502507493 8931.732761930489
2429.7261473849853 2475.466913771487
2680.6882963334856 9996.01884301691
1407.670615258091 1907.7885387777426
1735.4313574158853 7730.968461781589
2452.6934024271595 4899.160785317793
5295.957930609105 3069.531145970038
1175.6799401658923 2017.3638522370275
8522.212267315292 5904.109869680132
1675.518551402181 6369.4613749992095
4995.216357813925 7499.986598350374
2690.5301595297724 6536.98516555345
3358.8654864191913 253.3072020396454
7003.958612659669 1583.0056570009099
5538.079262069861 8440.171982621088
2147.0399741392175 4106.735881629266
1632.4930197270926 9277.207577985515
1195.122209910454 1276.3920466002799
6868.072485006119 8350.318189657248
4766.757850528382 1788.618883968881
2834.74056829629 7267.148598900244
9212.650510123138 8782.853138458868
8646.30971749863 4250.116534739585
1420.7814896994919 4881.592693329192
7629.713281187301 310.69925824837253
7666.004433210659 5732.604999300157
1683.7307769454424 4631.989774034344
2496.841061242938 2696.6885361336413
8543.113465510458 2835.3641235000514
3779.170671341855 3654.687401483444
6842.209887982418 918.4306527608221
1705.9559280948476 3300.0234748448133
92.90089941936918 5825.259318644564
2834.099241977487 738.1033117609381
3474.8517664467813 846.2190653617507
5023.98177698322 2731.522254545844
6681.798334856791 343.57572757214075
5534.185335983156 5510.0755235012375
1975.7812737083714 3660.334607685821
2463.3546760537806 6707.159514152593
9071.947677776017 2493.640107483749
9233.106769308277 1689.226735009538
7509.745558763205 9500.369715538833
2870.350390336944 5312.533749908153
2762.03309964983 8451.388415020096
9474.331066182196 971.5020798148299
4491.83631785438 7862.264267432099
4443.16778622701 3695.5887774009734
4087.182304937159 702.061214705666
786.6044508921477 3006.641529141509
3887.6477362536534 2518.1678144600696
6166.149961769222 4266.291472054944
2361.9582595118004 9113.936589986131
8180.733125309609 4323.016329558286
7904.18079670675 2777.2448762119716
7855.455286687076 8411.080714768892
8886.754914403304 2981.911097007193
3292.9723129794143 458.6439740733794
9141.807805542221 3470.233861491969
9011.492957521003 8229.89967541507
6137.907963255691 2673.741573709997
1620.3348625485103 8056.1907287682725
3777.6081934759263 8540.576319351349
9173.430706956615 1303.6230081128308
2961.835136429587 2011.760952094388
9793.129303413252 6179.776436756421
850.3896656283816 5624.9225343530725
4971.093072509766 3999.692357585769
4093.5153565198966 5022.880960730939
4330.042946158232 8611.393974320481
2217.706577350906 1505.8324812521917
1569.5573421059783 1323.7724210707759
4819.6229718481445 3189.691661623383
5821.08223034553 1384.7547282531536
255.18595959332367 819.4791215879294
8701.76550721567 3825.2396984886095
4106.6275102886775 1835.4736142288064
4983.680622315158 2314.3746299236145
2868.4785093329856 2901.171641760617
3984.457031402753 4564.317292931469
2014.1706251337232 6775.932834254641
9537.28827721231 1777.7098054146168
7888.142361094662 4151.506136629944
8712.743372651237 1648.6667765901263
9714.035518233863 4870.472924429524
3341.7569716519156 6508.1589849554475
1417.7737513314137 5805.960667655443
3828.6307809609652 4347.2521978096265
2935.0182024389283 4605.81461937284
1744.8290823122136 656.7403153855378
7205.697979631432 9490.74331720275
6258.805082513916 3289.2850837277397
2154.0155160468735 5344.776749231005
9584.047767652351 880.25964436806
6610.532468840981 5447.710093530776
8316.993540069907 7756.066184737418
5353.64126294236 6373.031620920125
788.3970535399454 4713.7785906406025
1230.9342104813436 811.159892473009
5366.21295603895 5573.535869965504
1666.6827834294263 9376.64591591664
1024.9874153616502 3985.198053411921
2769.8437700789204 7819.323891868708
9436.219182394909 3613.342736027043
6727.7114901083405 483.21987991820527
7336.095631908494 7529.7686789415175
7203.539703408322 4343.359043448838
8991.467427395124 9410.247479148045
3052.15840720229 499.43836200795675
1211.8757702077255 9962.339094533661
2825.814440680514 1616.6593874479818
7544.900236904201 6903.671369398642
1263.1689182363016 4477.845510068995
4044.0501510987424 5765.157376790332
4237.585266158426 6547.295972234184
6312.870975664689 1811.2030243682143
486.5478349798158 4245.654370402239
6405.895292079687 449.037085895293
6852.251673749512 8496.401413907952
8606.518568725762 4641.874534657981
8734.107874968218 28.406998090533264
5103.832943820986 3045.697595826783
8987.112800563476 2905.3066744127
6154.905277180359 1857.0225011677567
6595.7331820554255 9801.294016382257
4445.941887424675 6689.0966832877275
1111.15718756014 6654.248104764626
55.22902159092568 8186.543471930453
60.47343600440236 7500.948859108225
672.6994912386918 6543.56294458256
4319.535812560808 2535.4512143572306
1545.422399783265 5608.357028791047
786.9762367599831 3730.527795073534
995.2683217759551 6836.543395526413
2605.034444544262 2723.409734489093
294.45535131247925 6998.889662468086
4643.5736819399235 5090.888509746539
1186.63822315772 1253.7774744002018
5996.853209762664 3625.167554657203
405.64609019409835 4962.393356846699
1838.3358150775541 770.6799078085336
8170.939085125212 3454.709897310949
4137.009046069468 6993.419343049661
6828.300163930799 8846.906433105745
4459.4005301584375 7528.155688368912
6556.232255347461 6965.955746639259
2364.674225906872 4685.2397394600075
7372.986656270383 5454.675119382218
9745.89611175729 6697.523387833892
556.0990198189808 6210.630465450679
4878.759397281686 6949.256261504763
8025.76431367385 1454.8446631742506
9909.765772800174 9352.643304878758
5245.333436522928 2931.355381838071
2049.0582719849103 6624.076780941892
1756.6696676672543 8006.232715238794
1828.8088046362484 8260.887437889733
3595.054146357345 4764.752851682007
1446.262931924518 4130.783060187301
3517.7819447129687 597.9999861671703
2431.249266066047 7759.97262580805
8232.549077516813 5225.244102487937
4661.164722158352 642.3060487044663
6626.174526094046 9616.027104598505
8092.146602493158 5190.579289341043
9371.163271484545 6855.959172921359
4483.351713153423 9312.49256671914
8227.066333837 9642.813199794864
8861.95845129399 17.569292920540658
2855.5423312170124 1804.5767245655009
9509.716434259793 6947.676766254268
4032.4874500208384 7998.706702160032
847.5700990783108 9272.615292948889
4767.5458174953565 6581.900214796345
5753.083743338241 1003.570094756373
5030.768247678366 5532.282617827052
2566.101517487537 451.0524850096576
1538.1424234735075 260.98708971236675
7321.276036302797 9290.278606454387
1362.167011189832 5167.676398367429
3591.8060706743827 5495.767723286589
7010.5979006359785 7874.642626914482
736.923351837333 2268.2664876227986
1055.9476340549156 6216.689779334226
6316.372193639879 2000.9367013503997
400.27032291002905 3269.0897971613176
9968.333861413765 318.0702450475348
3824.220211274777 4963.478038139679
4142.940271926271 268.42230491185614
1596.3237366510364 8171.628786352057
1741.7368447252325 866.5842865116058
2607.856784782395 4529.635460589872
1934.1486295449595 7349.6462413110585
2750.674410716698 6730.097472356208
3205.209244819247 2752.7227151279544
8069.793792554232 9527.48526282748
7034.520036074147 1705.748173928422
7599.478871703772 7281.947913752809
6514.600063712538 7715.276352703006
3731.036683591096 3509.3923226269876
1687.5018202415026 4618.841411549267
2462.480844289402 5610.747835318466
7411.763618266805 1385.773315731228
1944.6756416980427 9720.908915601154
167.47152246712415 6987.181690547475
5365.525313175263 6447.921943809322
7365.4162896361195 8669.156869292
3403.2264646408626 8165.5648812231675
6447.020503129877 2637.058025414326
2231.5548149198085 2477.545262625982
1344.9262214432622 895.0935763148505
5374.610533497996 4489.11681006578
719.8291526659295 1784.2208988992636
1585.3996779297408 2602.0005621916907
5797.350674501546 4622.72434989727
6362.083373931261 8691.066261551608
5599.444555640597 777.6583319106422
1717.6748602043833 3726.312894196665
3898.0331009426127 4481.668520414769
7383.427010792953 4171.263913295829
5314.275521501073 6758.533688832878
6753.094283540212 2818.9723379633756
7645.072782921631 4932.098218973097
2564.717033402989 119.40525549291814
3719.113822494372 8367.096130937094
568.5195606201687 8507.059829730835
8867.97738512681 8326.689389146246
4243.97741224528 2755.237935178324
9443.497520033528 6130.378691128768
6.049468840841898 3963.4862145372317
3720.814768037547 9157.267697125613
280.0358470621933 3427.286736345758
8997.22797671121 8663.493020064312
1326.467588842789 5344.158422923451
7730.172846536223 6868.958110915516
3761.8909734627105 4077.9136930477634
1153.3511453315703 3317.337639525271
6348.359453486081 2532.885370828453
968.2413821263436 2124.6518738463174
7813.905623633464 3082.523121256363
8428.919277013661 2405.5277845065757
7218.208802126709 1451.8348771958256
5421.329783274258 3902.6046349293188
692.1375427740861 6970.723478676011
3983.841330057233 8643.361509239146
1256.7906189294554 9695.354868214734
9124.13070430784 7309.974171412472
8867.120192224103 6037.261426221071
4758.138147118448 5931.637216654874
9827.168538416105 9744.972770417802
4130.04359189518 4495.116904984897
8288.406158489901 4350.53769067008
4167.913141077933 4118.127377242074
7669.611987304595 6523.381369670136
7887.870428228231 3541.447698181539
6526.185873644822 7166.51928264515
180.35060834097118 8869.531270897463
1648.7447436573366 8545.229285102978
95.19551025450879 2725.6831010114333
985.2945388399237 1255.858638004246
7088.0557627135395 286.7095060659763
358.23782370269066 4422.523962497165
9598.763674750155 23.27409898283839
886.9174977068728 6152.03520537015
1803.0483850765688 6396.0194989899765
8528.357408772357 8982.462281431823
8412.165902851004 243.84592484549162
3213.3110492098394 6828.327440180685
7990.719786159567 149.56204343399614
2681.683777456707 5755.499735441549
2421.1491725266 4679.454337984515
5310.846339024646 811.4322926058903
3864.071906675959 1067.1498835620853
6982.310092775664 5091.471863887168
846.8600141544235 648.4709418972401
9346.690860310442 5239.541863350268
1958.5444523251783 5152.81460431578
723.8351468220228 9661.58031039363
9037.333943813494 817.912680634516
6314.442131992114 1872.691557971007
1707.7459821974128 9218.660591301428
1401.4640535754131 1604.0536847872834
1657.546860471345 4687.025178911353
9784.021901436816 563.1893392244391
8140.401330091168 8248.880064854866
9813.526298478027 8071.3011913215005
5848.336483864226 7114.93275708848
2091.146855253121 4193.941674670388
2518.82658341378 6936.7441242741115
6137.725806022578 4436.364208233923
6424.509546715469 1275.1700756418927
8161.6861967529685 592.4886847730704
3239.2464578666404 9027.375387731983
8427.43504164679 6916.484600988146
7682.445276783487 5919.905036572297
4666.220211159733 9428.557010676644
7814.2620888355905 599.1245399340728
7473.34564851655 8871.598903050835
8887.508870727588 9336.66633174962
4700.111145678075 4602.948345817913
9257.788175507592 5916.353318295968
4475.787560986209 7535.572303679715
3011.5876559514245 4880.389512475432
684.3988118753886 5135.57162901363
2692.765188954157 6986.4455791529035
473.029765870383 437.9832902069336
791.0596936045611 5463.5911704623295
682.834994205268 60.434086470083635
501.96520767356145 453.84949631636084
8970.875919914473 3274.2741508919758
4675.512212767761 6887.487712216351
5830.36720947772 5335.403516194974
6842.19880546594 7963.973353054651
5718.86493986022 3482.0763231834662
9737.518064380534 2396.8671994343736
9068.384932531046 3274.5509672889716
4842.238798418414 8629.738799375893
2078.390444045736 6281.5267620395025
1113.783785140432 3341.529619815485
7882.0418876481235 7510.89254059047
2304.772969740122 4733.609788859474
928.0546008601798 2437.385281721349
47.983643914579766 3327.1063705782453
6234.965509315332 8997.336408412899
4232.696289312118 4297.9066548498395
6551.560800755172 9500.765543937261
3105.5896101083767 5738.0721584144785
3396.6667993377555 1053.6511721448694
3000.0566093371194 6656.219591450988
2453.4685302427106 788.2947866518487
1631.0116910376903 7015.763003897935
9857.962503472783 3967.26783943444
9487.967854726983 9658.731818699402
3548.1122568785117 8856.50967652556
1017.3598443481901 574.2099032939607
3029.7227600899732 2155.7259517923153
1005.7988036541853 9644.26930505697
1667.0052449689165 2729.3074771190186
1859.1401988945688 8736.60295337563
7920.256963583117 9398.579795119762
4317.955425712928 7811.882036689428
5830.0345068428405 636.258500216439
7558.199248814943 2575.1986959421038
486.6482383275794 146.57306332767405
4596.564500587111 9124.77899658409
1225.7650527121 2519.5968717345495
5453.226891567995 2037.4812408137489
3855.3530657049573 7415.8973860119495
3620.374473014015 2379.4205763736954
3346.1609105602884 9067.700869483415
1043.1319001623451 1241.3916376333211
107.3732562384444 275.34629410123966
3040.182831562881 2572.5866351124405
6221.038173357082 6532.873233228876
7374.601370898 6322.436427776759
2823.318075959682 6434.1778737738705
1031.1072336159289 9199.228919759991
6197.562685938797 9091.23799423524
4164.1585564131965 5715.488431092591
8083.664985649171 7938.496415961325
3152.0064603213336 6613.924496997649
5210.103233009503 3002.561915057913
3725.028315676514 5254.093604499939
4119.534492391036 483.96877042662265
732.3701375392433 5088.73764453375
9985.753958190602 9327.816863247235
3269.126155339511 2970.094568472511
2309.2876465900235 9352.684743159567
2606.984871172292 3700.3081181211805
6130.839036241564 4462.293668424773
5654.481807723283 976.3833718398729
4716.2653346760235 7481.976128490079
8518.692380140412 8678.972869915042
8543.709826606835 242.0783474695176
3148.4095200580964 4315.597145671438
5862.972610731775 3673.0069184112267
5009.549734082993 3352.7386128527214
2099.1496910799924 7881.7083253267865
1276.736521790136 9157.569887226717
8937.031315088358 1446.94548071712
7120.707204542411 8318.913871306338
9049.697076269189 2500.8154383579695
2329.406538440305 5228.349032848252
9124.202509490606 1556.5320680110872
1721.3124211016284 2976.216050044641
2089.2004790330298 7497.5708890523265
592.765422986552 9853.594605634975
9263.800859289959 3660.8559509622073
786.7567137589226 2050.1634283530334
4523.917013158023 526.7460170704974
3878.8452517140295 3499.168479185297
5521.807037121041 5171.151589057913
5446.574046646023 3244.5667917849787
1496.4676739061033 5340.198318493936
8421.95611617292 9191.730425660568
3276.9927534330745 7775.427312666847
4122.306859750737 4651.931129934057
8707.961391232386 6247.5973978137545
6712.903075775348 702.1497560569667
5915.372609465305 4649.741964629992
575.6485531981059 3055.5824852289616
7583.60029774942 4455.201998166724
341.1344479331491 6874.548699395764
1728.291045043987 3863.937387258781
187.1783463615029 6756.328518495579
8327.080015871621 8040.502570834529
2415.1392727969346 1983.7865522374566
6609.462227574627 5989.641234382763
5285.998171851897 9056.471080038084
4809.094633501335 9820.539560938527
6631.403929294358 4504.199627642644
2746.271527136075 6418.354774353863
2850.5866661044265 1033.9765952683765
7735.26203533535 9871.710752759007
2562.2398535693346 9172.408493676716
6000.650687103067 5397.4342776911135
401.18043815117187 4739.622032095132
5038.780376740425 1958.881353384101
9232.796881374272 9727.004475843172
7174.843605348307 1291.7817728600355
8403.996858735392 449.92680395599336
943.1281635269739 5631.608146460575
1557.5737929880506 2207.929223222679
4857.369396526834 5079.054881457597
7.609370919982039 4108.68234073386
7640.120587214623 8245.288787048446
6706.737080438934 1198.3596852316468
44.50076808084846 6586.211441791119
1431.7897878628416 3589.893779260139
6028.636441763942 3665.05330629871
9972.563464412842 3891.9079029349236
5232.565647066473 5475.197365523397
8829.127461324799 4914.945431140115
4459.32372651389 6910.204352101936
2206.3157650158782 9367.954592843113
3176.387035702548 2485.595597040735
9939.740755158287 2056.8011268420305
6930.601018014111 6497.023755967713
3395.8665361844396 2957.921829309765
3009.173577597106 8942.041863501358
1359.390930859834 6464.053850499853
4681.26651528771 8737.75530504393
9454.380781545342 8085.301940813837
3919.173055836823 5034.226947866057
4741.312016789369 4937.637925039698
7625.022229964682 753.575870612021
1790.370745908977 462.25366318967673
9078.398995215086 9877.292141443995
7752.068630784619 6993.012276121194
4572.232899919642 1459.3696148446145
1729.436111854692 2025.578567270656
5018.747581672981 8860.433063401373
8101.755551290972 5340.631238253462
3684.2285134643394 2278.1160115513367
4358.000434923046 4494.889176537696
4150.813506606918 6291.525283794229
1468.8504851944572 5617.514635326594
7105.461752584136 1842.7037949960202
8859.35692335669 4935.781866744631
620.7184473443173 3845.581349637609
6640.030772740175 4002.7274149364343
6218.834681192775 1442.9855213188125
4912.337003607768 8210.82842180326
2200.2650382720044 7824.8546622291615
3685.271661705699 3849.5836234816215
6469.509041632665 475.8832920244616
7222.913510954852 3701.195836127128
3405.7283302852125 738.3997307335787
3488.5324953692707 4967.387907137063
3202.5074073434357 3656.3580143903296
2759.0505308370293 6181.709504315608
7540.597965570868 5208.904771786575
9454.347626878409 1685.5220986196828
2459.4229076872575 4247.056846074722
7759.111953765536 3232.1714000340853
7857.582096817566 714.6065526538625
4710.632949412935 8332.697450925374
3179.546784510441 64.44844206425438
4084.144271193456 4067.7447341873108
535.187395453024 6174.099498896089
628.0209059403163 3264.1767251917277
9750.72903773822 1519.2611727815042
6984.342471454234 7171.2188549101065
4664.186401518825 3881.85529706873
4976.035687521195 5069.784384185494
6355.279854960304 3449.034900067135
8850.012551492731 6609.968040140863
6939.28514417291 2802.2607665769174
536.4226015500873 7095.515431562857
7056.23132913504 5000.599766224216
6017.344942423432 9420.412059343342
1251.3029559819256 1729.990305720036
7493.9424993252715 8911.55362331507
8069.265147713012 4320.293402402766
8199.30930990147 8942.797594066047
5875.178378569326 5324.52284671445
5424.944722792192 5859.516371575865
1165.6232986163195 7309.732619215478
2611.9837607423956 1489.1065312595385
3449.112114205868 8526.616420979493
3204.0313224995475 311.73177729098444
9651.311723205317 2204.9449508923603
7366.63137546794 6226.908505407436
1440.1606973909963 7364.556006422178
7649.12459100209 775.3689117223328
867.9119500122667 4236.681405777474
1197.8362786498365 661.9680992339805
3291.591617494318 6657.979785884521
4225.2492481389745 7474.22492064196
1660.309372775004 7129.714825900025
9098.01209222313 6602.418640120123
2947.31587618566 7627.105225435977
5627.344228148137 5540.988804589661
5756.655069195223 698.9430477546155
5928.594015065597 3987.316503763876
7948.705954008082 915.1612192619796
6562.4151815280975 9452.789844891964
4505.870941541563 6300.104172749353
2578.2289386365965 2462.3879367226664
8799.11479729332 3031.8397377098504
5551.339139834801 4842.844493846001
4918.010679679534 4392.919488672122
1738.2750654894053 3085.779403647041
4791.4084936397985 6725.58343253848
7070.6370011790705 6321.0158827479445
1452.7896804097584 974.4752994414307
2865.923130770376 5046.628313720831
8993.822808228848 8292.515706893091
9854.521782839374 2436.095519338547
501.5978393068809 2140.657341847011
8405.25166209444 4779.259842204892
7589.457515797977 7329.830076580521
9677.540459423866 1412.6215518628749
9008.305145190927 8533.448226982679
5836.531730671581 7355.828713256306
1264.7219042964896 6941.45091810178
7438.116811455779 3795.0454809968014
1174.1728758364234 3931.902255628912
2624.0874450918673 2540.2154597162485
8842.042181292632 4903.775649988974
5863.31094214773 632.0610262850556
9692.185614963262 4744.609758921211
3633.032185497882 385.9895440333094
5852.143935640158 8799.313199618173
655.1083261628665 8333.90516569825
456.1136853649461 9661.463301904885
3085.187798127591 3761.252059765117
3241.223589223141 626.0309627136884
4398.54697007684 3835.4458745175702
2189.6199516195315 1222.5364857020527
5624.499818916513 7683.1722604701745
3908.3174464327476 8890.220264837957
4052.000838250759 6197.869338869338
4940.721555814366 3561.892081734058
3562.264663321576 7845.027431683166
7268.186672037387 8690.698418041151
5339.927006242041 3281.7770722988403
3886.9237434795846 3084.1277750334652
9872.476859166489 3218.560427291386
4535.0252404779985 2802.1519430408916
9868.39164072523 4624.506977304309
7396.33120226087 1331.4737913972485
9007.61144010715 114.46848382490438
9922.305685477004 9265.44135978616
3283.6881540083973 4154.490940888814
790.0569762528553 1799.2546342230764
105.15471741756821 7583.832195054294
5454.076771044281 3492.675022502226
5294.356150112076 8875.461143405837
9751.235645122395 4957.528982262855
9655.191767666414 6543.301762181386
9583.020983728722 5394.865473030729
4876.918459304052 2153.316701180773
9825.955392019227 8236.717068409018
3199.3692929085605 7506.847688383373
2310.590810076102 4539.982121555223
6485.645250585981 2738.464535817695
961.4233235012659 235.0308573464277
8131.540030293364 4306.895193664065
2004.5290914386237 8849.21216390443
5586.659762310374 3156.446910237477
8526.672481490197 905.5180558189124
2170.4071441965734 3687.6469110694597
1609.0926436142993 4839.240489785441
4336.696354057413 3599.666022583723
4761.127369176147 1980.53281465169
4574.475150306696 3153.413512750397
4443.285849071825 9918.365035993267
726.8253454443441 9953.020854757448
7096.335909346485 4391.446316947101
9669.62573026689 1954.7601796907688
2282.421993628799 9744.255284210967
7011.455568514358 7086.268529362082
2296.1865197027087 1941.4086959845856
4759.625954878689 2595.2841677415227
918.3201729260426 6151.169686894476
5742.927981790581 1045.9196348726862
7860.915019890764 2988.9748066900447
6989.885560835078 2741.8329484007863
893.454124955545 3654.444116698915
4232.012837264021 6279.482976560617
4640.220874372641 4400.4071568507015
6234.770575471827 9920.97884753267
3604.3626766299517 5040.063174132794
754.6220347675614 6524.873310806857
7100.801732695545 4528.468745458017
3578.7938833123158 3884.560778052141
5469.634807889849 9047.125480321416
8325.050272591932 497.78969722560686
193.61779916523437 4475.516357639932
7461.9859310754055 4027.1048919491827
5357.784758283808 5651.01978145489
4356.057150336389 6009.882720097151
4266.203263624271 9398.708926210156
2059.7638552416443 1737.9385474757637
2970.32459158201 6955.118297936276
7026.101970204895 8650.517841002555
1965.3311844412035 4115.142477871272
4967.611989107909 70.80949137462488
8375.35135699196 4198.806007450429
1674.0451063740559 3664.95171854888
3575.348682882368 9764.724858489015
3760.8816771187503 5613.821001188904
5386.958721228679 3889.6541576142217
3041.6270180913507 2161.732109838772
9737.493533838098 788.6007868990586
3500.0276002355045 9942.498240292898
3985.7861121885817 8567.550662458407
1684.0385526125058 5282.132303614407
2995.505063267345 3980.94303936686
9751.590253764947 538.7963471655444
9476.018452229071 208.6033524998332
5368.894284188798 2464.436287665107
2112.840511838272 3871.9187495399765
4195.23857765891 3558.863946925014
8574.14855322758 6776.624485823329
8783.922311695724 2435.882843713818
5606.810594692705 1199.645657437921
2387.183945328554 3332.372830163399
5124.814282846631 4930.011819379713
7373.680845503474 8065.085889958797
3444.947279457159 3728.9509431034594
5750.278989444097 5976.229349745045
639.0238407773119 4391.8360635295685
3625.6179119071408 8707.738593933493
8348.914904725096 1174.7424865714352
2361.11463143204 7005.476417962361
7350.081775928422 1990.9512856379085
6625.7817490022435 6178.416713215805
651.2778846505629 8487.80869155188
3604.424397298145 5324.202027241689
3982.5258795839936 5881.936223104278
8204.499488922176 2981.2942745851324
3150.4369414417356 4260.856043931268
6265.1125902378735 8479.262804264037
6929.391087269337 2951.6819540462857
1492.3326688986972 3932.5816102346034
4909.047632935145 3512.599573913163
2128.216669261219 6559.640830373222
2033.1110458889689 4920.438132852044
206.6238133007514 4807.499681200726
5441.231850440421 6607.717553570529
9657.117051532412 4624.239928456285
4665.368039952724 1145.1279489073318
9488.945981874034 4144.60405937912
3233.8965755769686 8570.481351799974
4820.304762157194 6040.9371904770815
8301.207372377234 8632.74841155548
1613.7700478772222 6840.267953434444
5047.471390856277 5549.877217374061
637.0229058329824 1619.7046630272328
4282.726819173285 2271.6642569506316
2388.6573545063407 666.141598780855
4941.377170086133 7694.027410309061
7512.092756623663 1922.606012721868
7967.652857663693 788.6108132637193
6566.295866064461 9342.395087261131
4469.538113902678 191.72633465719957
8930.23574640852 2633.4910609255635
8958.117640303455 6439.217174639809
3088.6870897391773 8299.56247824147
7991.252611244639 6738.904829887829
9580.205650039956 5370.19099797916
5604.948786275847 8939.862263651363
3483.801958950843 1761.793745209428
9542.72980216345 2187.8308978917794
5479.042918311762 8822.03232353547
6482.784249302711 6648.676846279609
9235.011836546944 2284.3345602603617
214.60978147517574 3636.8656107087913
8166.763743139024 7595.481785411922
4031.3244083483914 503.50266355821515
6443.612605288165 6378.038011868293
7480.777522397627 1718.5792722625936
7541.795135499201 8650.732242435299
8058.035800323926 8724.62301051022
8604.75090962795 2353.7278857975084
423.78257371990526 6344.049186906764
407.47165527349694 7712.0440333665965
9297.614841674886 2790.0752559601215
817.0665674234178 9019.221702370098
7302.177515374182 3661.1416493743254
4299.901124730344 534.6536400263191
5723.529906767137 7691.360900450779
1246.3631213058534 6361.827999045208
4405.089237613738 3484.599136405201
8667.51876458623 6411.061619005023
6806.949588413302 1977.3609091322219
8163.620324831201 1849.1288082399903
7639.332675905784 8955.741200603132
7972.634476682455 3799.5149428406894
3418.3700695303755 5594.273481473956
3377.6576274123836 8480.86263891187
794.3815882837157 2689.590435547219
3785.293233753735 457.49132920520077
3567.257105369249 6029.384304347813
5382.766103938344 3224.716006105739
6930.508912993806 6167.239835819332
5439.754119891064 2963.0028596498605
6675.0126395801835 5766.482352513624
8041.616477471314 6968.841275677238
1835.4070463499838 1631.270462280935
1323.9071626108944 3006.529670201882
1576.5780517821215 6560.732996688324
3123.7597123517558 9623.908495866732
994.6034843581741 8242.03402262703
5371.935362778221 336.3945333566931
5945.989349812073 8540.823345875862
7520.029837759207 6507.506822266782
4020.9822425296584 6752.612332288828
5830.535773383372 4740.393658612122
7341.193398596048 4646.188678412149
8453.162573332063 4643.707454688613
2988.7246347997566 9460.265359986422
5869.015303564579 1946.4943075718966
8563.440573323574 3407.135260931402
2504.9435147138665 110.59929662787238
3616.980794546786 4692.181238613358
8103.567573789708 825.4125391077705
2526.5641954659814 5575.671017411354
6780.195650833012 68.61126749192259
748.5857421450027 7583.341361364691
7606.049851350506 1777.8823511599605
4331.461468768217 2614.857633870157
3027.920343312458 5602.432999829605
2069.131754575525 1404.3111870756497
467.56795670466755 8689.432142368412
741.0845601208649 7554.493847238859
8039.9054886241065 4009.347181173466
6511.709872953462 6196.770694246324
7487.183177930069 9335.475066248793
9751.26034223821 1220.945813662334
6147.1110445767 1666.7850492179602
6292.632228989424 3974.5971193762343
5056.054969785156 1619.533000901866
5452.645282380661 9348.93437925832
2134.14422614158 1111.918225437818
4023.4486967959247 2248.3104173113757
7807.329525832102 5527.399291359798
5879.131088320954 8583.09403100034
5392.140885198682 8466.098023341077
8844.570668643915 130.6972829772257
102.08837264577886 3180.0597640406427
4038.0131837278577 1877.114170318055
8630.359791271641 9836.959365268654
8025.812555353521 3781.4239486828737
5921.668639187051 1868.177989978439
4817.235016463635 6298.2747303659835
6966.807296409886 7830.993365883404
2979.165225534577 448.44964756206696
9236.669373880864 7450.963327724663
2965.0191543818737 8745.192963536048
5718.201261954952 1809.4098140798842
1129.1136979945215 2864.0552041672686
9422.952507739616 8002.228989187189
9837.198693662587 7586.5870871713705
7709.58986770374 8020.097411253846
7585.81099184928 8253.299164323153
8794.955145752232 86.45620061089487
9107.561796916336 728.8756257135065
3423.934553734991 8238.494280483399
3066.4214172301795 8712.711380401488
1826.624243571049 2547.6756507737873
4136.521470483972 3120.4205959321985
9811.972789917505 8050.182639531142
7009.943944523821 2217.0396678734637
8130.283869711812 5193.978796829907
2193.4221315650516 9200.230020708534
6082.670891941856 8408.019630678555
7330.831244717933 6011.860566888518
3763.751549222709 2260.470741413508
3227.797682304725 8298.930078688933
7294.58041822575 6596.617231726502
756.7136231798255 6649.8663229628555
7936.013516508741 3033.4798591390145
3384.8909278386072 3499.819618566097
9068.409931156704 5236.981825562779
195.54396098108717 3428.6412811950463
4681.7708284131595 4518.832533349952
5960.749427954477 6967.822635216513
9241.125582516397 464.130003415083
8077.471321473259 4487.741223702242
1575.172647247417 3537.00914982685
4992.208289922559 7254.145997526832
4781.892381056167 2910.4872303826223
7116.760453815196 7322.88444885184
53.04380199395497 8127.992763045348
9177.073278519692 6584.458844702581
4790.168782504153 7627.8876619982475
2439.0677568832575 7975.072219801452
4417.9239059487545 648.621440793894
6319.816911467528 8638.405932780512
2896.2669815141685 1580.9844971291752
1519.385347329638 5652.4473064162075
9091.227448707978 7445.258608468714
998.0990536648937 9828.264270086507
4884.6917693542555 9844.88297198629
875.9665519347782 2042.703405198858
6186.839384050774 2484.5938144657207
645.426243056395 9584.560464260934
9860.569666292748 4139.810968485523
965.5464796759072 7073.8609413300655
7975.456600198084 4825.38518324903
7745.260441953545 7656.455362878548
5779.482161055228 9835.637032051309
3225.1676408964267 5381.217939635
1309.9898685053024 2313.9563500447657
8331.890478074994 8934.715421941613
2661.01454279287 59.05010155340173
5705.9250885620295 238.2902019749311
3582.338072678958 6386.262347489486
9493.37932781375 8805.076415697855
9306.332146278703 8036.213205158601
6243.943954714696 4209.554469768941
2281.8450677443293 5359.333587397409
1071.8980473063666 4539.816463370305
1840.0985505103783 1303.7017740041913
4613.898716209861 8282.8044133019
2725.7574528592654 6094.913078528027
9256.76166448038 735.3500212209563
4897.047178906976 3920.543521340455
7610.391458690439 3738.9346911457324
1031.9871251960233 6418.099227267962
2265.4747829168987 9303.65407858821
8773.517488517078 5314.165547160018
3502.4970572726875 3516.962697832724
1904.4999537244255 3173.8042212080186
808.1060105007398 7025.33977094198
8364.270698198603 6893.068819711056
4806.790382229214 2332.1043606949775
3301.6363027633056 3303.844142325386
8530.297548084724 6172.183256299618
2204.895423623744 59.035768417943224
824.1691850911925 7304.711294328772
2557.6809443374414 7827.4701391997205
130.22540035600215 6206.925119238831
2440.11764752882 1751.6891279495972
3885.779801333836 3357.886940196647
1027.9902498753058 1108.1555383743357
7344.823175147765 7068.15475655396
9038.325616579878 6158.209630604258
5753.365360037464 141.59160752917677
6827.992486651308 289.4490438551023
5500.579941495225 7048.088785274354
4072.623273709922 3721.0288241057874
3119.3438602056544 9741.0484551038
7736.373356338804 2282.709426398931
5824.227273347571 771.0586604925318
4388.725126978614 1076.307517706684
3651.929769162532 6927.26412985878
8832.758056223356 8189.531181032178
1208.6242356012622 5280.517661307945
3480.0029600606854 8056.012631920015
6530.612537680937 6207.47647444868
1940.2019259367376 7541.67558587538
5629.157451023127 4742.381463758557
5890.000638175144 386.40600951347915
3917.3050167113142 2433.341008042689
6442.804611045668 7241.319993475918
9905.964930222803 6772.514470702804
9962.725104881549 9215.755206373016
2308.4715195785498 4224.670157094097
3548.7582417338017 2584.434646824413
9007.297897516586 5896.1736588325775
7261.028705968343 1104.0830236188149
5213.551420243016 1966.5346307022503
8569.142844277461 250.10543919188999
8589.332796615081 2147.2232303668648
9473.39607676012 4607.76274484309
1104.988255010504 4637.544270056587
8282.780601140721 5638.6078121441915
967.7465913896289 5314.932202135715
6129.445439156599 2091.7763613931306
3085.177610584079 2227.115754927308
2957.4631459657894 9441.050881422936
3216.366130039613 7846.167251028711
8944.458811328896 7902.446549365083
9215.647714650237 2999.5441241632448
5097.862987743677 823.3992947294788
2588.2058055026914 1910.7940661046841
1113.2522429845437 6533.453348238477
4953.782361107921 7362.686312725363
9490.441685819156 7107.690048456015
6954.206292086816 8638.098408749764
2373.7016967139534 6917.9508496711105
1642.401799766341 2599.0741837570886
1615.6689247530587 2333.2509478364395
454.98404631193256 32.04199382566664
3160.231143475608 1479.5943248436683
7497.511297125903 5217.263991621202
3997.861012876579 9580.739800206238
7060.907704701492 6573.160742410797
3667.582739563604 1075.2909382053087
39.53188048113398 181.23923286385235
2562.957498414786 4441.810057268539
7235.811290029071 6014.924467883801
6145.174684539377 9462.487381736035
1413.3246855934667 8775.678216877966
7574.541372275998 9517.222368584644
5399.658049080254 1382.3644283650526
1242.364317791227 3423.804969873876
542.3221535740241 9364.896682209901
6218.421476878376 2326.2082837268003
8385.466249045403 8680.785795608947
1724.9264490460314 7181.8372428562125
8562.077869753333 7803.280888100924
6406.085495836852 1509.9023615618855
7585.81187319053 7322.374230077301
9383.059935642608 2236.918904989771
6478.54732160261 6755.022475782854
3867.338195074025 8711.654661050818
9984.216637195477 8778.511004583526
3451.235705640758 6260.684498359853
6496.414125198371 5680.967325369789
7102.436344916175 6017.034284096916
5766.737831428569 1465.6093680107774
1360.1963338490398 7178.221987708855
962.7712405802091 5750.390373417507
7264.033131092898 1336.3397446241288
2709.070869238489 2372.281897627919
5141.424169641376 1071.640029523664
5371.471054941203 6435.511522718907
2539.245793881468 6612.4245247383815
34.47620365519599 8435.655927349113
9304.384770884306 5037.85715580003
4373.458994901436 3046.5612566457876
9102.15580154159 6236.653815670356
6937.843951272229 3174.645235838918
8506.864207466902 8633.428739797084
2238.3976177641316 6965.212505215664
3207.057606961594 5555.80415711424
3471.2103443937813 6587.99232509388
5838.706914249353 39.22138986037438
1712.901281928716 2834.187151676505
1492.767305318512 1852.7159376904713
3986.034507341543 8824.89506133798
5039.2710923003 5577.7487759815
7720.685440633873 9460.854099317088
9068.301504726049 2683.5156110476255
5827.551391638197 636.0267189506619
2468.91198902343 3715.981142875878
4849.951180745563 3692.6269147668677
7450.242868573456 8954.21617472116
8476.514208839986 6112.766104991253
7154.806256247327 7186.441098636409
73.31121143143493 9021.976998917557
6922.100778884211 2619.5106055957785
833.6331805326902 5722.4467305327
9731.428238419683 9359.398007250418
4645.57352859403 3178.873803503177
385.98350489168706 1386.5707478968748
6842.031171326618 147.43969471166628
3595.994593729561 3498.9729034853613
1624.693206735196 1468.46290357021
8276.891145724578 5306.661802703618
2143.021161719807 7935.882302445954
4099.184449514314 6035.968419099035
7961.206532467296 5111.797243670677
6609.943123696064 2637.3890127284926
6960.523965996657 2471.8637289650346
4091.453059396761 7490.233031176591
2601.458154861075 6347.431697457525
2730.8537439204197 4858.385573768759
2909.434206769247 6272.8816147497955
6645.246089003442 7175.375090125565
4549.936137398037 4551.695289939696
5839.966243989784 3223.254119743705
3923.2501946137154 3122.3826176608295
8273.431976168884 318.6389928692623
7336.023277037174 135.4512965820298
1860.1593709754227 1730.5789338560085
3996.278183100581 1045.197155066877
8464.261951168335 8728.751731706532
8830.483225948406 5475.160686094492
4718.938921142985 3896.8138567162846
6935.725083049443 1633.6824803398454
3853.169574948405 8644.55896440662
7856.987620754232 4636.058897578455
8615.02567194286 3213.8671417884734
5818.991074882407 3732.3870832428165
7851.725713891598 1897.2583144664857
1544.0022332912617 6145.258960182901
8339.752663205776 9674.186664373214
2351.474936307989 1989.0466097697733
9054.057903357774 9019.043310152207
9862.339316308622 5572.5954907924815
7223.586162831196 7246.165765911375
8820.20359871565 3279.7270476782783
4241.048155893319 5430.97200424539
6293.69363657429 7177.018927115786
4778.079325090923 9682.677982702291
7838.601506227533 6515.924255686708
4302.622115158802 4342.870777389745
6075.472125521139 6376.354010155097
8603.573696399333 4545.553266720852
7577.708385061086 3841.4356570831355
3898.441897832385 2498.08759047618
5967.228157898628 7298.236269268577
7632.960631410706 7828.810727656322
2679.1600285737372 3726.812952200015
8177.312320790069 7395.905859513825
1984.0174666135124 2170.0370220332466
6281.813974498957 4063.457300107417
3545.2449524742015 8969.212341054
2375.6197848600145 7124.4321008382485
4041.982904429392 1805.5893755210107
1575.2080811369983 9286.667439562289
9201.348321821895 5105.451334122519
2615.1070304469117 6436.769637691367
8961.486029283933 8946.530137038662
7821.532757748464 6758.1539216502
1426.0956317700902 7246.08663089963
8720.305196991983 5203.29114349528
5773.091755318128 8716.067066206042
5903.617033880651 7806.544922799378
344.51000236581433 5838.325645975666
2375.9297543259004 7872.822387360333
9771.724716928675 2942.985854882663
6757.476250997829 2688.5776803052054
4179.493855728618 4365.581766440672
6444.554361805362 5075.548690550952
4264.305897617821 7613.70947056664
1108.9923700870186 8843.921600263277
8356.949059438632 4491.489273117389
3764.877940469945 1000.4590671527558
1456.1836260975858 5210.2205989917275
38.84250391604671 6428.44550721403
1659.8460809386083 6656.188530964401
6250.891936058425 2680.138142054154
6421.669801102713 6191.661684191444
3445.9862466882128 3508.737359099311
9626.557354367476 6632.693283335946
7612.265367801103 9815.71806277115
603.997161002775 6377.424121319991
5980.025987369513 5800.69313303434
7888.764734077826 1051.154306223434
5516.258440623488 6274.8066822104465
3790.006298999419 9489.538939830538
2512.750406903734 8334.985217152198
644.2546716329479 7398.830884636151
1511.4749396030802 6895.199684045383
6004.8769734005 6612.181798899291
7719.1757181203875 8932.222767193383
1959.9144923087242 6503.582057566243
9533.770815331301 5727.192108235956
3272.2169586112113 6826.105005224944
6838.397605265613 5870.617268823967
100.240651181156 8008.692893491538
6314.625677249484 4347.300897175171
3684.8179944449835 5775.808555528077
7184.563281060423 4628.965391825849
7576.671972295803 1846.8436450419679
9512.295125151566 1376.2116103129906
2731.3940910510214 1427.2631373975164
2478.279523942847 1087.7612595556097
2113.060762656702 1221.0381623702326
1886.0517535095 6833.760108176254
9324.61495081091 8773.99671827916
4568.766783950574 1071.2526785070165
6222.59517706004 5100.30395870668
2333.8316412269755 7463.763918257755
6475.743878542477 7749.358922853039
9617.073804290381 8613.250247624013
5591.4825217605 737.9730805757956
7113.594384994817 1661.5146052335117
3061.1952510433202 1102.7743070534234
8310.663666614788 7829.504711763151
8964.709182675553 9220.359826938811
7068.713116324664 5136.74295225497
5626.324270073495 1497.7965683094073
2179.685036499971 5779.465129736769
4729.186791609802 9553.646630408204
9177.704870114294 944.8716285364455
1671.7599719903965 9589.778004010424
585.2392936279616 6200.227186365587
1889.6005397220572 9296.789301921175
3248.6139450250485 19.36498931617736
8367.594292641154 7340.966034256709
5449.958887789097 6495.489210861019
5632.268432153399 2248.256602802399
7078.361678262794 837.9912049519256
3140.740768428798 3330.837301103041
3301.2058915742014 2862.323368320756
172.32687149826288 6194.414079004426
5897.374157455803 9355.80733380498
5080.775001605244 9319.485258175144
6697.207208459548 938.5765319198281
4079.553077670325 6227.367792008267
4419.800323645466 2837.6811200631937
8609.567266957698 9821.87109231481
9606.434587590236 1853.7165727252013
5778.138316234934 1640.0754224809732
2319.633999740023 3723.1603546743295
3360.0243798305296 8950.752028487941
3810.546723528874 6065.929708525184
9415.723411335328 6906.544031957205
6453.0526709762335 2156.504996150629
6709.247700876344 1286.097828187105
5901.200623699751 9868.287703339753
3797.0104407785734 9754.920692042919
5647.281857873393 8314.691473805598
7911.424620995724 6028.81065014987
6941.050192347624 1946.7940607759504
9577.259779728505 1841.2919136468963
6376.303198136869 8166.203401608445
5275.76226450449 6196.557220979342
9359.239884293547 9873.12241495902
2410.990786414118 32.004269720123936
143.71410942004226 8793.421776001636
334.78008343572174 7119.529453063675
8151.709067626909 8914.860956069204
2251.191943539451 8802.31685409655
5893.054243675434 1911.4253840941376
5448.268516393472 993.9440220028961
5956.618599400604 8046.072741453597
1494.3580782511567 6759.20013058358
3265.908914683865 6716.015464151284
3788.231055417638 6751.092347074035
4075.2101125678464 540.9866979184741
7166.664721180717 2796.0921874248656
5028.105082021462 5693.77527028804
3150.1195019801567 6999.756329820294
4008.4157022094855 9033.630879804994
4846.59238454014 9887.426280731514
9484.30999854757 9526.980892966581
7535.675955775884 6299.800623742982
6579.523517401333 7426.220478773748
4519.314470572563 7030.740458486838
6201.344155865631 9726.169591362397
2952.6939251315166 7524.753884455535
8213.217617322596 4529.114310569412
1058.1597276914645 2344.183074214972
860.5257128916966 123.18563998433896
6377.009793015931 5571.190741853814
6441.303185890373 6815.148325883225
4528.4608049415365 2827.2269935752347
7559.3523050355525 857.5082319792871
9322.039784190152 172.73074345809601
9205.425107214305 171.1656075316681
8009.107496212925 8792.4029502113
9382.838685727816 988.6821120591161
9961.172400881587 2076.4607205687435
5027.101054440115 3029.5468562148785
3127.1069116161552 3475.8670147854255
564.8193015476721 8367.656599067705
248.32990789882325 9339.599583105784
3615.3725494219625 5762.562093671842
6000.474010326825 834.6128570442124
6059.528664749127 7899.848083190225
6982.011144251622 3004.2119202685767
8982.392836112398 3722.3503422107706
8784.755849894485 7038.143392317136
6843.773616329464 1832.7414180830604
8258.129167686586 3907.788146287091
9637.260911068477 3809.340931380114
4518.509037517068 3662.410033602701
1770.0078847461875 8200.836724758878
9256.954444581215 4887.501070173863
2928.4155620738284 6951.931758926303
5463.037538071381 3093.838983520858
9290.62295892032 6060.759039161968
3809.4765700661806 5135.949848719811
3104.901664001681 1380.2336119495073
7631.707716697839 9151.24883847882
4873.767990312321 8649.341716110946
688.4990306146532 5966.2078326596975
5166.819677192206 4076.694012758357
6704.149037328614 8433.479758892783
2431.009091924028 8097.495135585244
6069.776641207221 9743.984296674966
9075.274248253656 286.41528327036815
3020.6566244051714 400.54108551590303
577.1423136347786 7832.674231735679
6108.5093497473845 6244.71172028231
1392.130995915536 3469.97500254678
5852.106120831103 6696.0919187679465
7042.473567451564 1302.7579552175007
6076.506287667099 3193.3733041415167
3919.895668209722 581.5661590117683
9640.692802575271 2719.069066203402
7057.876131296887 8154.151134488108
5005.329214543198 244.88261234835497
1412.0279573574446 55.26509743892349
7406.809480790548 6952.270094985123
4032.9375893038455 1496.9237093130093
7280.732141390581 8162.826523473147
2924.002594016113 2382.2438917027243
9017.374481310873 6055.70999231959
3347.5136172704665 2389.7971315699783
5133.705758912368 7454.385243555963
3875.429187700019 5661.736360964964
4510.921326665492 6232.558351157031
2576.9930951680244 177.79432220525138
8473.441592727768 3219.241830417775
8393.545893720539 1008.5711565442035
5174.765210269205 3875.474019490541
3971.595159105017 9815.359626670495
1007.5268215378208 5470.293566888195
4008.394871686929 5200.085681992399
7569.555280224276 1001.145397156148
7510.005729379576 9807.768361444021
4094.6850527788147 6683.976663733654
3269.997968674659 445.23226196998445
8196.529536026375 3480.8542870434444
5347.6671979820485 6903.63366056368
2275.3704899506465 838.0196846246923
9357.839325503644 3658.6887578216533
9002.779343953438 2574.8697709851954
980.0338040695 6171.323434746565
6925.533095849911 694.4332251185103
5252.972072634612 122.78646105441938
6419.842386086574 2778.489495694897
8941.106008244864 7592.102826121
6978.865538656254 2585.554590756701
8543.057825782775 8920.068133172465
9130.93037818966 1487.5387878284107
3357.5548295405642 2802.8114693730267
8162.84229803861 460.9546337252968
6430.654732146664 19.289097576163925
2262.1094028212706 8491.138948568372
6178.7511695728535 8120.889824745782
4693.867306165303 3453.0213953577204
8015.064192961664 5397.67179328817
8192.741651597174 5799.560287708109
8403.00848006351 2484.567097443666
9876.838042092999 3719.0347919793476
3418.0502996425344 9082.229452928808
6680.501878122887 814.9699810350553
120.3556608402645 1441.0215071067767
4554.444019040466 3817.5406583807435
1823.7427797767236 3492.9674520584895
9496.283092461585 8352.886660205915
7692.150109134537 815.3280296107313
4851.506167411805 5376.840696098278
3003.0383097966283 1970.7789608848736
7264.301445895565 9522.158300918687
8887.844007491747 6193.0043003515575
3159.675574615719 3313.4086524459594
9392.81017102873 9872.844861062811
8702.713421236273 7971.270326684779
9299.216974862436 6848.967491590783
8807.798755097749 2358.0460737275
8300.242074523252 9118.351205823516
4960.05967328364 6508.800717523775
5852.386156532702 5255.714715665533
7363.265899975312 5147.588927147955
6302.592927612598 3567.335452759712
4242.844983905222 9605.833287714997
5737.907846037652 5803.540139167824
9.652483442108561 3639.979403429423
412.71246542154637 5115.4766101483465
4429.569346888175 9788.14018498137
1579.2823852686522 8865.599944287556
6945.967173558828 8110.514418167568
3080.614296760059 2887.639855585359
3866.52150967969 8425.94842602425
6160.174424261302 8840.639738033655
1252.8190322999644 487.08236721861533
601.4212957326604 412.9880110992801
3040.6475284773314 3929.102638371761
2530.661404461999 7306.193086836322
2170.816579944628 1282.2034539497017
6999.996221488755 8164.4725941865345
2324.80782445326 2855.4332355239108
7812.824507628398 4915.069428029332
9236.508802954735 1879.682535939028
7962.568697651746 1345.519138615172
3490.732689870597 1940.1482303272876
1525.9902402958714 8167.938173070137
1221.18552330584 6433.6889893948055
1885.672104403572 5306.714810574165
5184.992488590726 1554.055901905823
1751.9400997148937 9694.825093328402
6317.844898734019 138.07723274524287
7612.7029303728295 3475.3157707298055
5063.291978189129 3598.4336153540376
4960.39701273214 3178.331305073583
2521.6421191027903 3123.7575647911676
928.4135295998963 5180.3826802953445
3778.402390475364 9344.35485239662
7815.104279886665 6551.390422951539
9649.132805300549 1741.9314804141695
4381.652693372379 3256.3593429838456
8517.043901384444 5224.286250447858
1780.8060887229615 9602.371143842734
6941.623909273803 1491.0041739699086
7506.666993861044 3807.906531734869
6281.030860436489 7083.76886894318
3851.44495606329 4620.344630188129
2697.940331694437 8344.986381702709
7013.271423390909 3018.8026393236955
9607.991442156466 5900.993021684701
9219.886578851329 1213.3226880766356
4881.926686883063 7741.197155724001
9016.206980143397 8387.724021307558
9926.9766973541 482.08260770658205
4209.487080780546 8932.283501476993
4149.990419829899 2985.08173254748
7873.9942456649005 4273.718831085984
6244.267760929291 5139.899844024022
287.8117187090301 3833.7951647389114
3244.0023521739568 7329.956163229362
8707.597252216381 4134.184160791673
9354.697460701887 2864.1816389059027
2482.8202595915673 7614.051465066318
9194.866896952295 6489.490409415007
3169.208100949651 4338.162150434127
4273.795605471749 6990.824096970378
8021.831593703618 447.13023159340116
7282.071685986579 840.7437330086576
531.4680445553033 6937.76465549508
6086.073377244089 6878.121700877625
3513.577206952515 1160.288181225627
8194.532947538048 9075.564903331424
8667.433632722761 1280.541315834065
6904.757819459587 5597.7802686222685
1493.6594308118013 879.1042915099312
2338.047346673613 7558.1679947462335
1991.6041555980623 6845.602031713466
4138.286854275229 148.51015669390287
9653.725210261131 8775.284960144063
7734.66118705034 2146.69771422519
5932.319952155342 2186.306231109814
2758.8821537289064 7200.0170944746615
8574.6682535296 1049.9418638021584
459.27252943843257 1736.597937564467
5.845807010851356 7362.333584905157
6768.509180246626 9875.19957883387
6284.170825565579 6785.156446438775
9058.776753160937 5283.592252821595
4062.451312275461 9743.94564839884
7557.535984378296 3578.3679046087545
458.90140179216223 6796.6430673355635
6899.068508067081 6564.092797383479
4774.8013003874075 5571.25271320447
9351.40611019124 1377.2945794950842
1591.6754952636147 4120.322876407661
8885.213041909068 3430.848198896734
1938.9675539689765 2151.298700733706
4440.636227631907 1946.9127636586659
2943.8959482877326 7265.622011655902
1500.0978390824625 821.6420635913269
6658.374377108222 8075.775475605195
3389.451234581746 5582.470172911576
5603.584844506868 9868.305366718054
7606.880014291593 9278.857814118088
5980.994971056501 1342.1785906164284
7918.370055620899 6289.954564223404
9469.316999509047 2875.659299887792
9960.537938408528 3237.718265693037
1060.1014384823227 7761.220535482619
6656.053315603753 461.6032343004095
3480.3705387231876 7896.834756071992
9873.843955697332 5841.0158171749135
8408.89258633548 4533.308211068151
6455.727828693579 5144.305422939652
913.4057872685597 2851.1652906421705
9983.067638247665 9538.143508513973
6319.302425967752 6376.902414948249
4471.496920291881 1408.7162358729245
8065.9841807163775 3547.2704980751914
2558.721891935245 4226.241256576533
1015.3079526287279 4091.56881674121
8689.851448003892 826.8876260462788
7147.240731113657 7325.757769717093
7306.667394723543 7191.267595289148
9611.044839930073 7938.534558264389
7111.694338871971 5566.234377497696
6696.0231728375375 7398.335342256795
5104.885222932609 1606.8117536475156
9444.047321716802 721.5610745413403
8280.190007245405 5107.645622667719
5346.808565915399 9016.150082784176
6621.230240562984 2848.45796215592
5853.919481328603 7950.948090277204
8349.750650954556 5095.5533553004525
7263.710555884749 1100.159172223144
7257.479652154761 4381.511233306891
2976.7577224626084 4973.479015300668
2391.473844895875 6327.77197154265
62.890824543049284 9466.353230833562
2364.9868355781255 7479.904031753257
4625.628288859416 3451.121277979313
130.34186507379087 4392.921120962164
8543.686068016312 278.63773789264303
9177.254929741292 1534.0885349281375
4827.421171645682 2071.295023856333
8809.496789676994 2963.24373942507
48.761875828250425 4862.190363755473
4404.741709222433 4205.732335143095
86.38568716539451 8871.520663777352
8376.903523868634 6250.632216105031
9773.610286322655 9510.10307806207
8937.207911131567 3187.029063948357
7944.663178174484 5061.259518319247
6689.712038153136 8633.674045023567
6845.697847266619 6416.12329952933
3598.9228558889617 3822.4342646989294
8910.131881491448 2723.757968283853
4931.633872725605 1963.5331171444225
4493.581180504689 4366.306154844959
2402.0382606273315 9350.641197860146
1321.8703997761404 1280.7113697252482
5938.641738974906 3556.473160543343
126.30038126446364 322.39084550301556
2243.4435653637474 3024.608171595191
1223.5587693371153 102.55553557026454
628.3091331915347 380.84194336803876
3643.3628551411603 5529.712221522701
490.4159803285113 3867.4506665578333
1815.1242321919215 7147.201669771896
228.09797408752996 7446.324609754791
4795.631425134527 2282.4615294654936
4400.376264916929 322.0105179851551
9552.948245589152 6010.026653874605
4497.9106576388685 903.2799205390951
2917.427151097288 9979.10899831418
8820.06307412222 8551.91236927545
6468.944593931444 6267.929431030547
8642.216105479538 8859.97261180418
4850.161513532341 1600.7978347863516
1109.4402356767418 4651.9242050002695
778.8229756399 4500.268442083781
4107.064337712569 5425.51407848288
9377.808180580465 4245.526985511669
4735.645844952074 2525.4307619254823
349.8480044048935 5869.490635244071
957.3010090123879 5986.321988353492
8994.529531676442 9850.931418081618
5482.300297559953 1686.8343163102916
6098.410158032104 8644.26573736863
2029.2939801921495 4223.914833441179
2324.7677841862724 4738.472435523654
6719.480582082655 1746.6947007971567
4887.716155637187 6547.938469041803
1554.4862698368588 3881.8506085552585
3016.1155239743775 9111.854003271645
2679.6786234271176 2837.4202924467663
3995.916712008196 6315.109187721359
3449.085595530799 789.6242083636251
3425.2755607193 142.47261129552768
1185.051222748774 3737.324879969002
1724.9786283485403 339.1580998330146
6965.204923785859 3151.334893403002
3917.426026513836 4774.7180660723625
9771.279011910383 1950.8590969660168
1220.6184976673296 6793.524345645705
9898.764908751566 606.9372988391897
1099.2996699926705 883.9335546255977
1653.3411488579475 2502.8330428719237
7073.607740744718 2109.5514470247313
2049.472862330781 5073.887261870217
806.2922959479623 7919.850810692806
478.52443847772764 4704.440045003889
6772.76096102689 3193.71437070304
4128.187571159992 8876.996314115555
4163.91161235592 668.3108859170372
5311.974871915121 8648.893787566592
1579.9245614414415 9267.036642429683
9806.985869676844 8174.306040378528
7543.879572129689 2264.0822583027775
9800.105277030423 5694.494050937075
3897.271576517549 5709.514627280891
1107.2414023209044 2186.7963736424954
9735.201185155121 5087.59251777868
1957.1740020122063 9692.9293382642
697.2201843423176 4792.358231056663
9821.02783330586 1239.7383571356556
2150.5104292331366 678.3821573584081
3520.341991829804 8220.633644366537
5085.286992638285 680.8602951709264
161.16133285164702 9123.505219807665
388.0076510955688 2298.0942510501645
318.5263832953211 5571.005867480272
566.1865285232259 8590.71146504456
335.19169258831806 7781.65490375611
7969.300352716926 6275.813687906863
7600.358946992101 1765.3066601494238
5083.490931963647 480.5658753693742
3238.6571225375437 4834.093941138322
5573.459593420562 768.5671356643008
6766.564745125274 4340.044125536331
4403.1616550121435 2163.6779340252565
8962.913647005462 6943.13797977493
1587.6048715771597 3069.796434783799
2452.071345208083 2168.6617398343988
6911.265006171648 9221.416814617238
4312.852736182515 4530.28041960257
2294.3294928766354 9098.618608003462
1403.1616489596022 3075.3401305785246
4396.186396714771 1601.4740965373119
7029.818761336175 5851.481106420912
2516.2799595235983 1202.6834725809454
7094.984774146884 9498.726315052558
5885.652073563241 9283.576005395173
4915.0393888515955 938.7870666320008
38.19997172715195 2907.4446480351367
6534.733652904616 8963.40076199054
4108.874611165934 3895.512786996228
2548.8804265002905 8416.101774271285
9626.754736503568 1744.6508487502754
8195.806540980115 8616.898041439461
6654.132064567597 3662.2992754143147
801.2399508253753 696.9083030115963
4968.443418447794 3792.8761599763493
2528.2599838496676 5590.089861358311
6392.094597415172 1571.2761335993796
6828.390770331911 5571.766803247146
9345.917439149061 6062.898049234473
8990.870508659844 7438.747075385075
8235.21049875057 9135.96649761983
4751.586872934741 4693.392625514288
8373.012981447224 5360.735925702394
6050.113407503661 9424.088193747739
1803.4645827729346 641.5014517875428
9712.74477499751 1967.129942420678
608.8122014554409 4761.16384246621
3091.373869328474 7890.132546372848
2066.81976783218 5254.423030794925
502.5119186423699 7354.63575850726
4371.046198411578 1324.5094836612104
5687.702327758321 1495.665257638701
2534.6586286329075 6879.68108183848
8456.036387425333 4098.581337105071
1569.1497004298028 1189.5514667659902
8171.425780354755 4558.630468193147
8062.531471079578 4147.634694515001
2811.748522434854 9876.188392302909
1877.2828258947393 675.327921636607
9953.927766162724 9270.763763079198
6846.527947259456 5413.8716257384385
5228.467293298299 4889.410874883945
3067.6301020870455 4524.6686000623695
4538.910172675873 6040.274653652962
3675.5831558367345 6154.655607899688
8656.146551008023 2399.5733673538334
5824.292026277004 4922.263253912584
2674.4497825852322 3720.3965545422257
9012.031147535068 8640.818618301828
8255.568131093045 9714.282504853823
3858.077935264651 7420.07875917329
3589.1592296727727 3981.6096642063835
970.7167064760658 6272.9068805059915
4562.300733844185 134.41833926213232
2642.5158411320836 2402.936755367806
757.7692230215393 6585.356500025994
9766.980487719384 7460.392832742981
1590.231773636016 8869.023180864146
2591.390308866454 3227.06569327046
1141.4405913167336 4817.0567630813675
6703.828456277773 6427.7699551586775
5069.98896338516 8425.898485679194
4998.1212769044405 4664.438538866668
9348.120845741078 2836.23778177561
2268.597951237875 830.3375501477461
8517.559794763745 1485.7212878542248
1557.2964608786733 7785.709653939689
658.2570169885105 9201.591754315663
409.4336299401291 8562.490951933369
7328.426201748186 1767.4939489617302
788.668378971732 9914.561579696623
9361.177900277604 3328.770749294552
8561.885243319548 8641.33059264101
3592.521599546654 5893.140288234199
7183.931395872999 786.2768084358606
1347.4572403713325 4138.736272323842
5495.941018901364 3548.3978759375445
6825.328853084067 1759.0582147879675
1396.5881101104883 8543.345642197603
2402.5709159787934 2654.4690680472636
1553.8061438617146 2912.3576184772746
8310.425100489292 1422.443937525476
2295.2204072470904 1700.921125580327
6147.161220167415 2803.8605103386894
8348.742583338944 915.4309124068194
9248.792060269176 9010.198991355914
4200.4748762424 5714.93684553059
8069.218539446456 7186.58894033544
7495.280545969588 2306.398541699436
5410.2000572941015 6658.232547720046
5126.077389928922 5285.697616713588
4593.496433876728 7062.799697406891
441.11358500366293 4402.983350424934
3481.9797024138857 3988.97255773918
4344.189303618653 6029.756535591837
8633.469452291909 8321.400472853808
3970.992191827467 4966.4249156973865
6810.495048764188 9134.89529024765
95.41478287659055 1652.8904334761874
5571.14737530637 7685.781120189417
8452.92600760341 8331.058425179672
730.6273167048438 1815.8904638132622
763.7759613081174 5256.985796066232
6110.059318014209 5914.773798628611
8397.008094244737 4671.712229474167
178.58606518833642 1478.2705664295804
5336.965811925856 5913.65053250555
4946.717585258324 7256.665787385891
7397.174594184319 9791.7347026799
4783.35623094757 6003.237613176819
1472.1914841351925 4137.3591166147135
6705.877915123867 6914.074514414985
2026.2104634405698 5314.4628697887265
9132.096944725687 8992.622417540319
1987.9210446421514 2390.9484949842554
3084.903246820093 777.501384021686
1754.3154270035143 1660.9470849853326
8404.80166352417 6139.704187759523
3101.8465978402032 9256.273700200825
7652.549958284924 4185.373574453785
4461.541660607945 8696.742058855263
2073.534410504887 3692.927982588059
235.3751593577691 8402.838254208766
7247.481250984661 8968.387931208075
9614.416230329587 1430.5785930715786
861.5526300978138 4520.328955424907
9704.960034805601 5987.209268655806
1421.8284898882928 535.9694799195547
3677.0607626467 647.7268421049654
4657.63226951391 9782.477270412779
7120.587132143837 2616.0332958005715
3875.1067407107753 9262.656225881221
4827.120407827555 860.8652370105141
1580.9035825581796 6721.756270248183
5811.724712876967 8505.46097418546
2323.8000224925026 2932.222987576996
6546.814345768796 461.2664123766119
891.5124473785052 5575.785767642519
1101.05361819971 2969.796895181648
5751.926913451893 9497.35809194454
2159.4223558367153 1453.113004890465
4942.420536922647 1122.8041577658098
8746.286996842711 1872.1848952780952
487.90240070733404 1912.7030710472882
4881.517092133263 8653.75637823924
7867.65429086165 6866.819808002051
8370.39366501459 9170.142443506526
9053.003706079002 9299.070156447971
461.25621320976194 742.7285350981316
1202.3177413855647 2370.3465399348966
5200.538223008592 1188.7560425077913
8226.75620208419 1196.647785468713
1973.0475094230471 8042.324070720442
9129.679067123918 6742.534032421705
5936.047215993 4754.349002951583
5274.551397167606 4165.009139147411
8838.896781114461 4412.560119201
8550.64764123039 3790.506396052723
7065.718710384469 2821.4383526923225
3782.8072183216254 2487.734745639378
4646.754814556038 3143.328390213187
1670.9467540183455 6841.721461486967
6454.783902771215 3725.786801449331
3046.9860719108087 7239.460518089413
836.172538292096 9226.553878307615
1301.303768075679 3745.1623183280412
1521.8341839774907 2696.368385039274
7457.781879431169 473.1671036007057
5821.578397140581 2891.168903648922
1565.9628117398172 5059.175807699845
9826.027565148495 6759.056764687022
4830.787024164328 3785.5188575876755
1623.4914223249032 1783.719524970272
9214.835286856222 933.7674935286223
384.8846846975185 6664.849962565536
5124.955397346038 3018.0692887146365
2577.9799371813106 1677.4112699885413
3234.6015668456876 4695.167592173904
6542.990165639599 1975.4426697592796
3495.170766175686 3352.141214201587
3194.6803454880123 8092.412043623625
2954.0744671380216 3640.4807381760575
3711.906487415435 7938.962217481777
4124.233150513365 1555.1972041003025
4733.688251541073 3710.22161795642
7339.138683561245 50.23026596688962
7801.620090537595 5288.674802887635
3779.5790616078693 4636.512354118147
2571.634496378152 8964.92161546123
672.5770042613266 7926.6108538865
2663.825462552398 6597.480519001244
6540.042701766742 6669.959824692155
8927.25634761833 5694.1165070342395
2314.097565247408 3465.26147695153
7367.363123853432 5321.0063878057
3637.9767350265524 8041.724091617249
8016.781568219736 6232.380951964101
735.8736256897669 9768.372291200583
6626.124041868433 6162.1091659858075
4862.0396532287405 3880.7537615414435
3209.4309077574244 2830.0231818024026
4528.908270420335 8806.935384405204
199.73303939420094 7889.603604373822
465.9648457863041 929.7652468474216
8253.357859110296 4779.980276820752
5575.536335326884 6139.9547296057335
9587.320223828418 2244.025918935052
5028.625773621472 4614.610717855254
7142.334576920789 3135.653174367049
2083.3781237590774 6398.426989893948
2834.69918705491 5063.24644070841
7210.704085415178 569.8245325920582
9693.496318711046 5402.498822429612
1676.0541548994333 41.90396604766167
775.2586930512783 8260.741575068081
1853.2799195258442 7378.156123139581
2406.460383070789 5086.188435308846
7235.97618276967 4395.451241165612
524.8835482373504 3789.3428375175185
3363.651751258958 9781.907189589947
6674.127062923257 3480.14620996706
694.5249934241859 4474.815527541349
4551.215767475943 3223.2687005393423
1833.7006330023976 4123.88155314961
8915.47925883671 3575.2799186477037
2464.9291014140294 1607.6116191399647
6137.569868099266 9091.25649717174
5836.111178797957 275.76246468370533
9700.69132512586 8474.717363805621
6713.15626868345 358.34182744539754
4561.8140754246815 6593.605703770392
8343.761682172466 6811.729222013707
1438.8593978681918 9196.358695329265
5162.129657302391 6765.063497907946
5810.528217395104 6835.94411067944
4717.594154177022 8685.12468851094
6698.666981329205 9246.060140718413
4624.581358760873 3395.5105557197485
7148.753742592248 5212.5314070202
4208.2806192654225 9165.988919060122
1732.2979674157245 5844.2590736924985
5959.857718931854 9230.48937201365
6365.648352891593 1071.9090806179188
8916.993997268755 297.26683515100325
2272.9073628784336 188.85470529440008
4649.985848667236 4882.355420753867
9016.352712885955 7297.714065001705
6660.598791510114 8627.507464852226
1175.9668907717669 1637.155142528709
5690.315068581346 6156.386025524843
9480.389103421367 937.4642149340884
6686.573264077675 5477.864850093875
9974.79194109622 3189.705918163117
7990.048116910414 1462.8612544221664
4156.900151924448 8512.130583713699
9682.974667515626 3501.2107609380737
8920.568750764764 8158.809023098454
5977.970132055297 1087.664909490702
7617.038044627524 2139.308681526899
6028.762864735646 3791.1775894084885
2577.188958370641 404.5483644998793
8608.691803317903 8829.219233535689
5033.824497817107 5102.80003730734
8729.789659577511 298.93791177367234
541.2070611370012 3021.1319476934273
8464.717458153402 9009.564610199715
6709.7839210907605 8001.418106024414
9985.773714675679 815.53693118671
5357.232613391403 2856.3636502824106
6149.650530640931 4367.396613532654
3022.6714653582476 9109.829173307347
2833.5656223456076 6277.588834430242
2199.0685961263143 747.0579412258949
7667.849191151665 2840.8757807667453
609.6017413332577 5084.244310982653
1812.0214405247382 2654.1503689429424
7386.910553703481 9853.20929574666
4985.845252469206 3748.0173236233372
3109.895505409074 645.7699806936434
9093.795592475395 2172.5828973938933
5310.917107699395 6973.729286281843
2470.837865742458 6372.4790575899015
2286.9519613096245 8374.232072581011
5029.363023128472 3141.2175025796705
5831.465028339448 4226.562429791438
4401.574748996922 6462.556031092505
7849.464495949904 2245.289842384117
4548.587396733828 126.63194121897759
6726.401485174748 975.9960813177914
1246.9335791716462 8651.195440136607
6792.288466472698 1043.6434325768696
3365.1453032020527 8743.357819215731
8255.606135908547 8389.973591466145
4907.517109971659 5304.845004207147
5577.2753551227215 285.15568772880084
429.11856393775815 1813.8235832157923
9413.174706450789 1510.226390228412
5615.571740776667 4808.947867460114
974.3837715702452 3780.69768665227
5573.068404345173 6156.351924545679
7937.537838694787 6218.0344383376205
5688.545557587448 4797.892507130818
7883.383780013691 8474.528047196147
3796.904403370046 1759.0192020151796
8649.826486565544 978.4300380229838
7831.5953477333 8337.237046184551
4956.462124946846 8690.023845402988
136.8587835089774 7597.194064061906
7190.796519246621 5745.656903044602
8184.35585260717 3566.0136954200416
1342.0453544608201 8415.569703117168
1563.879324179226 852.5628022139265
8726.627015884711 2912.6949350236164
6807.287093145318 9806.929518301724
370.14893650701987 2763.423407301632
4856.756155745875 8791.458541842669
3693.9012598943577 7687.666554754536
802.9053582201129 5652.275427713121
8499.569888531929 2234.3655837261867
1895.2890860826876 5060.3030687809505
5154.085587714207 7779.934961009728
7767.217490458952 7033.3564041577365
347.2298983228617 5920.948286512154
6318.813771701569 4655.977280191256
4827.817856852058 4778.706514738315
9766.666369337867 5781.252087884887
3119.9871270277504 2282.156061166546
7995.396291053392 4328.928387706837
7379.318527401745 2106.9518680004176
535.9020851621832 1686.7272164720148
6269.224044717139 8622.288903666777
4247.00899311129 7676.831127829473
5021.2345572471595 6933.455278824154
1091.6909506137695 3567.09472734741
4688.527030759859 2906.8826848858275
9275.999488519137 6686.612523216772
7010.232606909351 5925.80799792504
1458.2736397275564 7347.854349546139
6274.769485223135 4048.4766864362796
5738.168264119536 3982.6527559770852
1103.649891606856 7227.155690015833
8699.487655714915 1666.911366828261
7172.910234760832 9295.044934810252
4907.7626903247165 2538.9757944242274
6547.518952967787 3539.5128699200504
3952.9642999094995 4009.191000377339
524.820543822554 9853.897776143973
4379.704019731732 2113.242408915904
666.2744644463859 3696.458265024916
3661.7125865383073 2879.4624064340724
7042.452334211164 8383.87209211758
4754.358499206643 4160.356014478359
3624.4605035509726 2608.0214765837304
2698.4042244012776 4021.181106066328
8225.658465129834 4488.619654056915
9250.163605903621 9483.49628552113
8430.743797232788 1960.5752239324947
9577.670843563485 1189.166152110379
5544.980582472619 6843.8052357195465
2689.424627262993 5380.392544966383
5754.551597060047 6554.545108752671
6451.7276626490575 4483.921670048499
1409.7136758661443 3091.0304638369466
8802.591775890294 1542.6471792308837
5625.643639334453 3662.7484267300956
9084.63231614928 1755.4172152125657
241.5626286989736 1131.2924191918173
7296.331196715188 6465.924583158013
586.9299177345166 5292.1758263871025
4500.496241083658 1084.1382967123582
474.2013152565605 7950.790955645727
4630.703708116838 8628.817301948151
7370.849758613213 5732.02831101331
6500.95801297866 4847.219200798232
799.0482635996466 4611.897400680565
4950.76083461846 9198.199584272641
6669.621467842733 9270.820775768956
1747.2311876255399 8377.472667806485
6477.569512809819 8542.097785305095
117.87338844796768 5518.884707485436
3069.677666804822 5465.366587542978
1602.041179482546 8723.126990775207
4040.423502803957 6753.719765117242
286.1029771313117 7145.39546955374
9720.597300053003 1844.4528350177902
7426.760529433292 1516.082780198902
5193.758550835469 6127.261223250775
8968.931619909597 8673.661451906979
4808.846675530365 6430.021874110068
9529.0589554117 6456.504209840652
3252.976486285358 9391.127556328654
9041.65858354789 6130.45565157502
9406.643425595634 4958.669913826556
2456.3770170647035 4421.554827401731
7924.2742644597065 7930.593771506555
8624.779247797791 6178.383416262743
8766.254930177342 186.27536197779793
1830.538074329544 1706.0916273803139
6754.276907479203 5058.802791571374
8293.658314831286 9894.235014133192
1630.042929640453 3158.569240410716
418.810127811674 9403.129481576005
4068.0733694598994 5882.611551324094
3559.809565204809 5378.514697440581
4626.568625400068 8830.461357778411
3636.7311032530392 8431.888805007917
715.9681525301564 2396.099485961448
9069.093208072294 5953.960050476991
1323.0700703723742 916.9332829094434
7178.008646436074 3221.238329185645
449.2612394584539 4934.549132040607
3462.1468280022195 3210.862320305662
8004.622645524587 3358.310540196211
1966.8076182841753 9556.346978087926
1245.3698399892853 3621.714112293609
6342.358070391074 6657.000999204073
750.2985224333792 8282.72872084922
4127.73807013752 4596.354558119969
2402.6017599469774 5943.185342462821
1296.6951423339824 4230.005368946473
876.6338964567755 2848.602876698818
168.85606940112652 9570.876822026179
724.8956038382015 9078.668272732562
1414.7061766713664 429.95560529679125
8318.719964934819 9849.916306001454
72.98859092209841 8163.155884627949
1616.8400787046155 8125.983566550103
6250.999438253085 1330.0350352545277
5019.227105576243 9467.136533310171
3492.6984950774477 6087.666856497457
3409.281723997718 3849.604550951823
1676.5180278420944 8223.0469649884
2895.6766648245225 2046.5758594650563
6744.196561098485 9869.998453465523
5735.838625139595 6086.5425745890225
6563.920839181682 4161.608341552587
3456.2730151102096 4291.006593443351
795.5184592583453 5336.813754208658
5280.628317954544 1442.3936820749761
2752.3823070612143 149.83210169846163
8634.60604395196 3744.341562096605
2944.277281233093 8823.706256110134
4717.523939862364 6410.360199539349
7237.123223445096 244.31292956820116
4913.539937562848 8953.197683612581
7380.300944095323 6608.767310912451
3161.2533170234415 9546.055946145754
8028.987469179876 7322.224774810317
5308.597900383699 5188.149698956441
2328.4730593719373 579.6694360257393
8950.647667251604 8830.91187020824
7629.371946455165 3774.346864560266
6281.156661543308 8107.489239425675
3967.084421956606 642.0865748984761
8084.359748785492 2856.992985330871
565.828806364287 3880.829168529344
9151.763613416906 246.30146547393372
9817.010208535752 6877.257813971831
4129.35835825185 6966.0376682591095
3933.64643717644 7127.508015674788
8083.8879745911545 7713.672145258257
6797.025926277226 6956.508849595662
7922.514016022473 7975.534142674904
2388.7259979862806 4220.587515560059
9208.418747901225 6980.835396408062
1640.571017458603 6820.545833560334
7885.588032210431 3624.645136118357
1537.063912160469 57.497408372383376
7959.22362256306 4143.07875926651
3869.278599708119 5131.330302686942
4273.937481827344 5372.793820634367
6166.1533054509555 411.7393459220886
4190.077791270293 1538.2130683878058
4018.5770437855217 4504.350193659109
3179.2486548763354 5683.723141914187
2263.6166658397015 1589.5357293636569
7143.279438982071 9104.424908128112
2310.6819430816463 5029.1001933931475
8606.610690338583 3427.8420200593387
4268.383231525259 4816.093031457232
4840.260799765523 360.3187465846125
5470.28589039754 8085.5800931362255
3446.243375438406 3535.6689621158866
1499.7213724591363 9609.290823384088
4964.5096757739375 5389.965714156553
1878.2636476064663 964.6280473738034
2660.1899995809463 9535.187687093612
209.44148349914204 2898.6111906495757
6807.113071439191 5715.769324732432
7758.699304195739 5299.899268381167
4504.288722806741 105.92642120518137
202.57987810504474 3147.1190875348566
6345.234037163432 8441.96115696947
9594.554574913664 4819.301320553234
8105.735657837202 3282.5733033714523
7471.875698870871 1234.306899020584
9023.83762241946 9551.53865631466
467.28445998946876 423.70168624809355
8216.549772794082 4440.939037187408
6791.355431638495 2357.6174104283386
7310.975020888073 8739.45770270452
515.7169594599532 3100.717053644887
463.254825323669 6699.083178202548
714.3354748649189 5710.4533128024
2596.9397958850495 664.8930731683189
4209.508056959701 7681.398582741209
2913.0886587262007 4866.412435995419
3921.157574505332 1194.4904990156579
3507.6096645485854 5.37892273123286
9632.483523607976 2947.6259527519023
2277.054400269011 6573.564474169683
4361.965862450787 4924.105588302259
5202.283929243762 195.6402521738698
7471.182110110443 6098.019604157007
5570.123817778084 6715.892665802964
5139.842916485797 7780.728452195681
6726.332195323224 8233.931583863932
9903.91026209849 2080.1888215381614
548.9077472155568 3843.3589544823667
3579.612313206013 3774.935767510249
5988.963644136791 438.6903124435448
2085.622703306893 797.1236548408856
747.1034748088045 9629.653929242419
6427.625464390269 7474.096443850615
4436.430935807236 6538.322218186771
1423.94118228095 7695.545121452383
3429.0340609444847 5053.349400894142
2627.8395377149545 2253.379512363368
5990.983151565596 1976.9284724559611
2341.6216293945413 5744.02608257485
1281.5906069802375 9423.90176849717
7619.503134717867 3627.940017081078
7325.875517169721 818.7872272288932
6720.786117689526 9308.694777592344
1164.8895464609877 885.3166043642369
5601.7612207653065 4424.095060194869
9046.752775891011 4134.40276890989
2724.229203765689 2934.3346765098768
5741.960506746734 9530.285668298342
8710.491733098619 1047.2989115890753
9849.71805041241 1250.9349558677918
7189.110795400734 538.6910695408753
6307.771532626511 6757.611026282902
4552.684244126844 2604.7359649908376
8226.39579197813 3749.820653315288
9288.35115709979 3027.800065578431
7637.911613767991 7005.72681377293
6043.677054849431 7140.33650226045
8786.307138143258 4594.400406513144
5655.037890573953 4840.148108946498
8177.235146909031 495.1341383714025
9992.562723046603 1740.0354637856353
2766.867097027652 7270.361544373154
9665.157297597669 2427.4792507883903
1388.7879021115846 8112.5567563124305
3381.074750336862 5765.079857057821
4801.313460266147 2321.8128170885257
