1820
3433.945235915793 2184.760665436649
8434.03170451449 7494.072611066765
2031.847885858852 4992.062395808859
8768.676521129248 8927.9274869733
7178.267570098486 1044.0953652894648
1678.8058504513547 6555.475942411899
5383.523352122493 5506.23513843343
8695.634936645303 1534.246339494445
9052.426952242853 316.48593295643514
5073.2292080839425 6552.69404520654
4867.353361699441 4443.438948222848
1622.8303758922625 3687.405525123465
7608.142434793389 3297.568078859555
191.56542452481884 4534.5169331774605
4761.917801420426 3276.3933272184086
897.4116373700991 768.7343537887315
684.1183265859174 285.3694129197248
4671.75149368076 9425.910763537793
9042.732597788952 3000.184825669181
1662.7990070805897 7410.220166690053
8810.937602826934 2622.487561159491
4617.636202239211 3994.5421219392983
2169.0407063999173 929.8769922871808
6487.546616605554 8412.753709561423
2334.8281683603323 7532.334640527033
3190.793873058013 2035.1973449283278
5562.131087349582 5421.092441742178
5718.935757489571 1073.6772070105117
4330.612919494908 1132.2617054539442
587.2273407772688 6279.910726248687
8095.499014722489 2146.3830557209217
4006.6135524073175 681.4439365097402
3874.158014185983 9506.375028772922
3094.268171260582 5041.611616285571
1417.1594663661424 8060.1963245014285
6941.586354453733 3435.207823621448
6744.62917825745 220.85820303696102
1422.9930515735389 8099.106570673768
3424.4258244519665 1685.2557080123077
4255.883392624256 3547.1504414217115
3126.871873067887 9164.612148383552
1011.4617544034721 4831.205886812063
5711.467346666881 853.1620547522633
8528.200854387194 3785.3593908511384
4384.224183731574 98.0224681313424
9494.096274180607 107.80748055735478
3309.9577130398206 1532.0325419294356
840.8414018748311 1215.0723739971436
3472.0783278038703 6792.671826188206
9032.507805403351 5945.752880764286
7543.126692637217 3873.988273015071
7333.258344019865 2396.0975842747866
6062.50105915207 144.80626591751755
3703.0870626084998 9437.265686240671
5313.527160625979 4115.301855170539
3097.5193866579566 4794.221819784226
1950.2256631715798 5145.3684506758245
4636.67005141294 9958.783761011637
644.8313725831156 3462.020339573152
2361.0028337074996 3664.423425816995
8810.329319841398 5089.41143953448
8105.5915863179725 1168.0025905143443
6797.9665658821905 7593.872984454648
6401.636467581597 6163.6958848537015
2877.908009238065 2907.7044137764997
4253.438441185421 5796.936678773632
9781.906253727342 2919.277808267474
3140.993546565273 6951.301022670521
3620.0584891711906 2003.3437441637914
6662.815694675357 3748.8149935701686
6579.424375938603 8214.25944753078
4860.556817865191 2034.260256600272
1970.4858525531865 1476.18074006022
5456.4379330371785 6506.620990435919
3908.130385692813 2778.092063253843
2986.4661016519754 115.89786267646285
4197.042841405033 3117.8801409579028
9126.85894704967 3361.0929989710958
5837.094000945794 4738.47496761145
1388.0566940178917 3205.247891455747
5972.517860488837 60.42061698639301
2790.149871868279 7465.991553509699
1079.3725588394432 5639.060153692775
2135.507198908079 745.138783752971
3718.981220230224 9460.84917828378
3058.842163290014 2228.452804389078
3280.755736789699 9942.139772527327
161.90470750030772 4016.7667945436415
2796.0054343342567 4105.105453675127
2229.4448376535856 1042.2361564725468
125.03811986746439 579.3070032624381
5775.041539248914 78.57100966925934
4603.067090101162 313.72289565990474
6979.848420077473 5871.679385221794
9576.131174418762 4182.902905550041
6464.256007922044 6997.223075257126
7166.449767630041 2032.2241387525219
9271.930169154146 2694.176007984881
4077.3305464600417 2131.0629235346123
1947.6304582723792 4628.543157891374
6280.952173155592 3489.021218962123
9654.67339533216 4308.983466930781
6028.048233138177 6039.173618843255
8904.856577978902 7706.155031929387
6776.7217822698685 5303.6325915435245
5663.107916017939 3520.1786149297786
358.32293808782947 8830.553078452425
4341.0841362262745 495.694866738432
5981.521809058599 1428.0301134970452
508.39258576183875 2201.5700293861773
2521.421511737004 5019.167884512217
9027.062035972313 4772.380277253148
3948.744420829311 6803.928747512984
9754.345528949956 4251.381931689083
2724.8438188180103 6337.198378369186
4960.8864156598265 5379.760841645439
7521.4844964659 8118.830738228179
6175.737276419258 2944.5200568515916
9720.043263582364 1340.26532938606
3296.668189196167 127.45448883906052
7802.986177534621 2543.6376880426583
5493.660554550309 5690.232984405437
9971.175389482674 123.13011332832357
1685.430960160671 3285.6867128294843
3103.771518287154 1834.641761823167
8183.285148226861 1702.983670963969
523.1879014071538 7778.680542340559
2473.5540087433073 4434.444690639372
1935.7693696443955 1682.7104163170736
5049.316429093944 594.3373194457636
6389.562813596213 2733.0164629392893
5704.070616822468 6925.056778865103
3123.7510465918017 8692.474766016327
6764.462319719239 2393.687254411644
5780.027126064864 8589.44540140006
3366.136802214258 2712.0128184059545
2604.3894984596172 9874.335459754355
66.2306378506594 2005.6218837693984
8988.537740771391 614.2021494480931
3837.9794609024852 2812.8346047443056
8983.253672419427 2032.1002775948828
5807.358685648451 3611.7522556306058
9261.860820152082 496.7045812869775
7968.6408509268995 5153.8124749090985
2420.0474135956006 929.0612873252768
6555.197102590578 3024.8097725789435
6469.052714872834 5517.158775310912
743.8271501401383 4059.416697938669
3912.4110741281415 2615.3291228746834
3935.3546898070745 8502.825749024792
6892.157075481966 754.3237198781839
4981.177947005155 8143.199545469366
4548.593311940386 1799.2333415566309
8414.918550444123 3031.2081108525535
4958.430117692417 5466.250837159745
6000.265663242278 5857.998144876421
6799.307004717148 4645.603367718337
6720.562288783813 3580.5250603903637
5234.406942344154 7276.809424004479
8712.640053864117 463.2528740063513
2419.084433944706 5883.741885422818
4586.853706993909 5347.808696228613
5502.121401315609 300.8106361317864
1077.2281990178212 8667.250580363527
4027.4397785596216 2607.9021330079886
5030.076455867146 1489.1937008291845
4237.79099482463 5840.542679215009
366.40490965545894 9702.109544458546
9940.154892621618 9653.08371886369
4842.875364790801 1351.699242574449
8313.280408974886 6786.528864590851
1188.0420988068663 4089.313160501056
4320.999461295551 3928.957889730178
4505.040577858325 2711.970620808223
9240.657339656565 9355.32380086152
6708.854648178974 3853.6114148130464
7224.197560749995 7594.735008213846
9205.74178598576 6029.789769093217
8780.148474710237 8297.155281305413
7024.351545373351 8443.095719534938
1597.955218030369 2457.7871824805165
1172.524031160138 1224.171070731368
7231.814272351759 4206.230491124356
1120.7058726382725 3113.2652134250347
6819.358388810887 478.8378362465617
6002.380470502 9979.849739126435
231.25152535414693 4066.5131258677343
1373.855924219929 9032.894185143934
830.9566196355167 7766.532130603671
8190.211415600828 9091.98078165719
2369.6342278514358 8665.788331427966
2031.1524488393818 6869.513589923909
5449.34367519742 1944.1983121640105
3549.984364253247 2856.857513274085
8458.411941555918 3010.8260057554103
5620.858557412847 8112.319518764506
1916.0470445057342 5271.61591071832
8723.906053696377 5016.462348575549
5758.969547237003 8376.453933763305
3734.8219864076837 890.3204734672454
6261.040363204022 8404.598402202124
474.9204329022938 3264.6641284890056
2997.5695899098596 7121.356883506269
1129.6278215735679 9543.537573249405
6549.189399290545 2175.2094639122533
9957.84395555502 1822.8734437140258
4485.881625122745 3903.409633330085
4591.543400320021 9705.06738558139
6579.947055114992 7275.4182771004525
9664.450824677293 92.96760334954968
167.41791214601398 9427.3598345589
510.5725126822935 3151.8229225979812
3110.604829152164 4227.011737287615
3237.8217511969156 7895.299467577389
4910.182916189765 5357.671883167195
7608.926819350642 9181.76331529184
6173.419543188525 8520.573274256332
851.2666967515636 299.60082424846604
2865.851867633781 1529.3440542181659
3769.228551966979 1775.424652101495
4556.922852927907 8306.341597211127
5347.136727643774 7556.595794842703
5215.790683274117 9089.511935161034
8407.758002099381 4299.566740933151
1021.727653786526 4519.761972790517
6830.834481669513 8138.131447876141
2124.227654692612 5702.650784297947
4338.057256395215 6010.744034397599
4321.145530900311 5824.542531856389
5915.338896272683 5393.6452030455275
2218.8933065729775 1452.1881368794543
5570.20256673628 7116.6192770976695
7596.924522237315 3256.0276912042095
8311.553923266409 830.7746395620297
5419.4359243433355 6571.34189284242
9991.058377518664 1652.825507044303
5220.422908460149 1947.7009626021124
5959.796059009572 9527.926833272715
7433.929675509497 4635.991855888103
8370.825324374884 9933.194150472802
2649.5294160182916 9823.631395970775
2397.7306387968433 5686.618125933665
6743.786325831716 7352.402267594241
3641.193959862329 4831.160132049582
6371.64204534232 5639.674215478588
2560.071649844923 8831.396608356006
7397.380396657652 9572.604721869177
6890.419426161991 8650.154363666177
3503.0214985553807 1256.2383307420978
9705.357917359623 3665.159934422241
3432.706140639086 5670.253713529658
9020.62503051541 9840.800866804337
3114.8265756965643 5525.434485655883
4665.114234084622 9087.681716269626
3249.3717863025386 909.7700922690067
9512.651210042513 1322.7252408844759
3856.148035412109 9675.416056489601
5110.714981682315 4385.15800005093
4750.250099253609 3941.5813230360154
6243.7608964063265 4668.791509063886
4944.351492858797 6574.72320703831
5033.259633911435 3098.586998063493
4573.092573130336 9056.274643655157
2803.513818159511 6909.578300727919
93.04294504900557 8759.44591423669
7131.773741144173 7578.793800174306
7232.423243347333 9330.472840272298
2253.12142179096 9215.90641025155
6447.968166934042 2606.0170935639026
3305.0469468558163 9735.91376187273
2492.0226404956734 4297.245527706876
8773.59666294096 9217.229659850012
3101.1594939494194 8532.446196749099
942.421561123864 5991.146217372746
1788.3157157719165 8273.870498172088
1148.0104233089294 1213.7046078687918
6253.6429479522385 9610.810099039792
5208.8448063915375 6938.590650474393
7024.974925853473 7979.755864775707
4523.165451961011 1039.7476775703863
597.0152734666101 3473.8087428166355
19.493864690092177 4724.979579309558
7559.051639041452 577.3349555598651
9396.003684380812 4836.8948752391
8984.208237009843 4898.2034724039095
2899.291982475489 3655.1181270133625
3698.949061744989 5768.748037253638
9270.05552829061 3493.7761744341865
4959.748191793412 8947.946197411557
1422.6212605009048 2030.8446089521092
7534.547835471385 8081.122153944581
927.2473421153593 7011.014892335177
5219.825652868189 7059.8126255922525
1428.5503103748808 5731.32441822905
4419.7977269134935 7973.26368138367
3760.376812703876 5548.868679863887
1572.4872808505618 954.3547806009211
9706.886950080725 6542.489677453759
928.0879769090234 2896.5719764033383
7111.569999487965 6415.4205888818105
4468.261815549223 1754.9825438673206
6350.367936125074 743.4347778280237
7600.706527113487 1942.9913298663125
7062.032657420281 8753.1348264906
2671.5342202743896 4197.986828265885
4468.299108340905 5957.586606527528
7308.706725131788 212.81057120038915
6618.407147180098 181.59020458852427
6142.977268469314 8316.318965670842
7456.958466553511 6776.452356369057
2548.4846488986022 1535.1235841291443
5741.049854667774 2154.2007538100115
1703.3580371954372 3479.936457389189
6522.074437547684 2163.7679655734687
7491.388705790572 673.7641794730531
159.53796958546928 3286.740458808832
3549.0266764659304 2175.5297440653667
3648.690584945885 147.8517952476588
3107.6687450798204 8651.52672198586
420.72225875845805 2415.480168401745
3189.402609278995 3408.439175474718
7713.733416278198 7809.978322251328
6185.077473020863 7325.485733583251
5114.634609488779 5642.753563027387
5876.772162362365 8109.580189560846
3936.5893989532688 7076.5869603904175
5562.439977348164 1846.2253483880331
4723.565711996849 4127.759711496536
3098.7057044288567 1430.182379361088
9363.010149090964 9323.134752632723
1398.4991585873518 2133.7941516288606
5039.62351888798 1880.419173994351
3203.4103036111414 9307.160531681013
9577.652873501465 4297.408121793375
5796.353247486411 7003.195756276064
1596.0861370658308 5316.09468508361
4728.330972764594 9181.928308051169
4340.573017114755 1370.1038379960128
5603.79700576597 7072.226253609079
9057.860609593625 8828.986742652818
9502.309138231609 7255.464679705734
2342.978207801969 3620.4943158515025
709.8779466175743 5084.475522615746
2016.361019407762 3142.020128447188
5091.614008459441 7162.450865167882
7777.558141212603 7764.988070212312
3657.9804387478266 4780.300032645108
6134.117744913663 5691.031611620575
8660.159724895893 7447.283784362185
3918.7021052722403 5436.3969416715245
8895.7523831585 1948.583006626905
1084.4313738742817 4801.0715081851
6814.2177875730285 7724.7844483910985
1407.9160302499738 3821.7263595883833
2482.1833776528156 3792.092485005788
9231.381988034045 1912.6329985810264
8501.939649459986 5908.409906599095
1439.7533717433976 6166.295857966853
5572.150175845077 5239.25069901187
6495.507846429304 8615.61956656365
538.0027717911739 1388.7835192769583
6543.570147868415 5152.0072295561495
7498.738728192868 3335.1277521072675
4350.466787531231 7748.865281193621
7823.688403434188 1545.3541892865985
4156.417767449492 4657.568800098441
6773.659282381288 3344.470410526974
4395.988790236842 323.01776358682474
2832.7098154275864 1473.998054360197
682.3876212820823 7908.492686552017
826.0624149680929 2699.5795232944197
9452.43785673144 2524.600422855389
1433.096348026407 9313.376030068823
6233.715485327413 2524.672254616437
7800.0735892063085 1425.850672426141
7622.2906886626815 9559.06089716951
4615.453566007498 2052.8577994879506
2748.964103753915 5473.356862905369
6231.352248308055 177.7849426891709
8263.848307992814 5590.62429602842
8197.90480506675 9204.825863072409
683.5908830983817 3435.3349088897235
922.996838862229 9518.28865845654
1322.4909996957078 1536.7578071411724
5078.031052299002 4224.171958401722
1968.218245897293 6592.135632940101
5841.09752683885 6574.070839669624
3964.7892258923657 4975.0647424649105
7102.120478563044 6057.7993888026
9429.914841660075 6342.065538468482
7350.259267491433 7699.951338494072
960.7845393759907 8920.415555376783
6122.039722845039 5706.940217748225
5371.802406819912 9952.889362957598
3609.401089409504 8284.893549578663
7759.750687428741 8730.132189893635
6310.040258079589 5185.1052638836745
4506.300569353232 7658.969893255956
8448.14613289977 3332.572196812209
7704.7503494915545 8895.036199642067
2301.810820954687 8754.475034013269
8937.32193101185 210.67767751403954
544.1159770460946 4949.290313005296
7331.296582002044 3974.173048685272
238.0905017584356 8823.544984044984
5386.729797364716 7383.883511529371
1221.4398468190502 5372.0582250719535
6195.433594398037 431.0265336821273
1275.1534022880073 1388.839727232868
7360.3702180410155 457.34735957913665
6690.792756125854 6669.643669249034
176.55077247912044 8629.035068932706
9634.47744622196 8403.50488584682
7448.993464086343 4165.814873874549
3051.2739977353285 749.4109898290291
9700.237644083805 6744.220570036009
9761.911602737631 6955.594707383542
7459.373997120532 6136.63301204726
4874.439216404808 5802.757279345378
6826.497354059161 852.7462225682558
9666.650456990252 7638.860788686754
6570.9442807262685 4317.70195177228
690.798742742349 7821.95916685508
7648.629398218611 7951.212604908839
10.334039020003516 6998.860550631134
213.25275535575395 5404.568468944216
1199.0934124744135 8321.245786355645
8948.091956201524 1167.5048008377953
1016.5784919423471 1437.195500603844
4859.561103667148 9774.481182260952
8518.661368216224 1894.9041068948313
550.6591177844655 8920.005707978924
1771.2567575866078 2456.69025134009
6431.889413944514 935.2127561257506
7305.208782048512 9745.236850275958
7329.1855032261365 2282.983036811821
8983.837617152927 5630.328815351696
2512.8268272045852 9996.468347134827
1050.2964313759367 7813.1779113185385
7298.2885803068375 7315.969751181137
4780.096677117115 8176.755790743861
1059.4145620105544 8171.687099694922
9384.852905702506 644.3843889899425
4746.262147219984 1614.9422412766335
5596.5126298425475 2525.159628211354
814.4182320439419 2818.052772288242
4707.031070665077 4623.613198105875
9849.535828830654 6843.115011436887
6746.659622413784 5752.3464145731705
1110.3013423437346 5022.525589841539
8954.716108268656 6710.196080003155
8714.988020488438 1499.1616126740603
9729.910329749779 7274.820394061418
1261.2084601077934 9241.704325665121
3843.0003440542437 7307.426718829635
295.43047967080514 680.6753123603581
1852.7595969358624 9678.680035252499
2238.2762789592225 8003.337488446911
386.9354898229693 8398.671323163162
9123.572819208162 2100.6793054793793
233.084960465918 70.14504529249454
5823.581445101731 7177.290308087355
6029.8768420949955 583.0145169592594
5309.781153559075 115.0053988068378
4757.651007607498 1829.5261940428397
8938.038372377665 9823.782298040987
197.72954338625803 5143.254805265864
5748.944292787433 2018.3447884419693
7063.17693831934 9151.44820889761
3338.5601614837033 9126.709166001998
1599.4119680222118 9779.059894082884
2981.756892832674 3366.7909796411645
5111.273171346937 9254.142445775879
3379.7941367243434 3419.8579646409366
3093.8464140774336 9138.098439484882
655.7355644280304 1584.684355333843
5427.564049245648 9640.617585383712
7035.746084133652 8813.832756002823
2443.790300515102 3777.953811518885
7031.278913879843 9613.56957608118
7575.307475846005 294.52334661573263
7876.603437746711 7431.499457756317
9776.82319201582 3691.639800756883
478.08356925519433 3861.0807567815364
7933.823847044903 3193.5191169752698
8196.071721368626 1759.7633451081497
5073.795623506618 5029.527056764677
3407.2282827780023 3207.566124423875
2352.0469710824964 4022.9604802263307
5984.537398349008 8125.493166484702
1505.0601877802162 1150.4905751176886
3584.24166475368 8328.262855362025
9747.510456775593 3472.7142745576634
943.3656997626916 4803.402143045248
2934.790187663142 1635.097229520779
4268.46169101482 3088.8387883001046
1221.079062117677 7999.916875105687
7235.651277370391 2763.700778704238
6413.704751500841 5393.638077727252
7124.003209760247 2272.1086567239367
1757.742579535696 2440.488494784949
3168.7298792310403 9567.33078215167
2980.5062349590116 6501.825257377966
4347.643452425034 2393.7399723468066
4083.7791425105597 9352.212460325816
503.76628663628907 9416.59718821729
2592.3494784615873 3896.9596160660412
8958.939315762254 4864.761940251477
6750.604412264351 2472.195908252557
8587.729466953739 4869.0056703876835
1504.649413816821 8567.386433056467
4697.88843143081 3258.6869493613544
1015.6182230869981 4171.522869358268
1003.0674243345538 8222.121461269733
2920.5432365906313 4368.049176762229
9475.447119717854 8941.05973255626
3590.359110035135 9289.91193957888
4930.395757610101 3077.262907779825
4230.31684152834 1094.9535145056354
8822.216871161123 1819.246347768918
4826.28314045326 233.1907724214044
5919.510693699679 9089.837658696173
6661.112557147807 951.3565105554633
8280.61252720551 5470.273231500218
4408.474567323509 716.4017515169852
3264.040233324994 5414.138907196189
5657.2240770089875 2038.4910683002277
6185.823431130139 8404.53242489707
9127.607333597349 8035.348619762364
3675.0452949405253 850.4113996498409
2811.297933462923 5003.638838914661
780.8834770951268 5723.16151019739
9800.461741765857 6249.399243184201
3448.8833760883263 1202.000535471558
2666.7482309490297 1478.3648561293728
8111.156932701713 7926.915028238285
6909.3168824438235 5158.355254565264
1824.6474376502997 6850.397175028095
211.70152595212156 5439.725107803991
9643.557974571715 6134.336287360997
7030.525594915922 2456.200700228959
726.4930517471169 6055.989766771356
7384.7811783912275 1127.2611234776464
1055.8138670780493 5467.042683624181
4622.586965484751 8944.544532840522
8586.165401169736 1992.3379752155047
9413.0463479181 3648.5922670564373
6141.082794692281 859.9406697222734
6244.02842648122 9188.567807022613
8441.038351528818 4021.7787503751347
4302.395928472974 906.4201863407873
2273.2439521790016 2054.176265457328
6771.410897155143 2498.2863228243345
3002.9794936879894 6220.178051708342
1300.7505829186794 7979.754990965229
6378.165166155914 7030.640301899121
9687.7662725917 1617.9459068349322
1893.3533031604366 8658.640284768546
6654.326374850347 7592.181112226403
2856.2679619294095 5641.836452750295
6011.7839056212815 9006.359064324404
8739.472514238681 9449.988738114716
7477.311594779886 2799.9669774479976
7401.696913746445 7699.926104150706
8938.056058420643 3090.9944552552347
8327.814996437632 8067.828259120005
7055.258266135691 532.8405501777056
3163.4084985067357 2278.7629593151537
3758.6956160116 9378.637389784848
6509.313474305929 2946.0045738154927
7402.504175107718 7120.235092382374
8193.492177034737 7487.729566593492
5136.637901000355 3805.4275061907583
8052.033813563784 8866.27111688006
7393.933109982276 9435.822655082244
5628.033335019974 2475.1868047021608
6300.9395092346385 8209.08966616964
136.5542065112979 2141.975169209852
7291.391016641821 7793.145986583971
545.8356506025997 5919.35201548902
7234.387570343688 306.17011640097
1689.35524271841 4105.579310078967
2985.0652343334527 9225.161521875929
9950.310062021128 7764.414508300523
1423.7304901931202 3057.0892574606987
1249.5375937830245 5907.826330540369
5770.145039922056 2280.5055579558043
4819.845443607629 3459.7044988421644
3242.842759655821 801.8247826091174
8564.174988488463 136.36339156118837
5979.0699941795265 6969.297545252684
5671.974943575685 2459.724877153483
539.1380904805776 2049.0379431487117
7607.619132641003 7261.6358832214455
1289.6845418434311 5991.290588256886
5586.64646086965 5242.861197036291
9493.540854956378 1301.4518599987646
1220.0662615754031 7417.865352860022
3029.606029548809 5879.18479915327
7133.9135242005 5606.579207051618
1324.3309097179601 4800.3018652457
60.70011696401867 526.921436956268
6297.12198566326 9189.912628995799
2151.3576582400397 7496.925687953074
2905.171109838274 7571.661056368851
1070.7206633883882 272.9028351833462
2218.9288180180024 1376.7112986784502
5816.553359198111 8130.142438212739
5867.634009163771 1657.4609723948297
3141.574751919212 9935.23927307844
3165.0227816760666 8474.794359966674
8959.891309608773 1664.2080549202142
1258.5366805091392 7914.016758662118
183.6990147390627 588.1252449349917
4241.057384387076 4233.432665967123
5063.069389928129 178.1181712748159
9322.397841987415 6260.8687573277775
4291.08754726928 4674.099196995658
6878.479050445219 7827.260134061097
888.5651051130527 1216.7170843179765
6479.330767946262 1762.7551802101304
4196.998014596635 459.5824443239882
2842.753198943161 5779.616145301383
2185.4026345679554 3658.8952339219672
4068.681029885736 6427.526236477405
6716.10598194641 5380.186936579381
9479.994419783592 4230.735716466961
8416.525664937235 6166.961964909125
5928.725749577966 9102.814148258758
1368.4257998632665 8783.60668761396
9522.3117858541 183.6002573507478
2953.0901827060798 4975.007809800252
4382.744676362787 8354.268756135409
880.3027029458932 7077.904144784275
1272.1823141748378 2860.2638492709775
7680.986523442054 274.0690768276854
6701.773735869479 5708.175308256706
2757.7943782910475 6793.005642344266
7486.166371139405 8801.4636105504
3464.9085054246843 2951.906373008455
6614.359483271484 9141.263315474951
9627.75284647486 3563.2165442600826
3778.275277943697 6842.330500564253
415.2761877806233 5945.209772407226
7933.619222365574 9200.519564470951
8541.919174279934 7538.569550260976
9863.305134840515 1597.0090535953707
4403.329261307739 6962.0432279599645
9871.92574512301 2635.820504257624
1939.3423835368062 8232.818186077177
9460.448833948189 6585.003809707678
8769.701262890223 1832.3411605053818
6113.525699835096 928.1928512026672
5462.436490898545 4315.889473219584
7177.499459687213 632.0583261732615
2671.787076833897 244.26885481964922
2215.4051035768184 3596.5175534518503
321.98890556225047 6358.60519154902
3195.9559289860063 3678.38610128616
15.21905492438913 8124.2596708072515
8406.714061849038 8665.487524515831
406.42927687883576 3037.4886357162522
9077.345634951736 627.0601136619414
5414.759524671638 3418.541519207314
7357.065030686773 5177.6343614078705
6830.675967672557 3807.4644160754247
511.0748716415203 4365.37785016462
6129.926582165283 4533.965833485707
8984.013331332788 5132.233786543102
5119.867978612985 3550.2673855882317
5324.119344938341 1592.0108352399564
1420.6619075798687 3195.9493266038817
6870.036562444012 4733.9030171299655
2723.29882890861 7206.372639164011
7572.869793997923 7582.754268197997
3268.3577232718862 5981.343626979895
3359.323333563514 7333.7047931534435
7053.862379333184 4898.257675064113
1037.4413774864222 8527.68674979936
4907.550514920445 1284.044497942879
2904.683270959818 2945.5670208498054
6748.323601081067 552.8099314143886
7938.76326468549 2572.5547361126833
6113.596922020075 971.1507431074363
5734.892072327524 1720.8334333247199
1343.7273312007526 9530.693246145804
1198.7573092019777 3197.19073242221
6691.643068961953 8487.490536939478
6412.783933980065 1263.7562368712086
7065.257645573818 3270.4841437269883
1063.92157480659 1063.7839629723
2112.2017744365694 7666.321334132264
4354.402966360193 170.74308990127406
8920.85917655491 1455.390826456483
9412.628559714229 2967.8084315085084
7738.647196760588 9004.021767616458
5879.526890074489 2676.1724377856967
1797.9341238271106 4710.3688284165655
7566.452324208418 9024.42688488457
591.9412783551093 2656.582657398381
9863.875894876199 1787.5888799635932
5757.426509105727 3337.443602153186
5925.8365285909185 1723.1799905375121
97.90489973937389 9915.715018509663
1563.3170480762626 793.0883457852877
3220.6076467622524 97.05362365486248
6250.41512766732 2983.7745462344687
1762.3441574593824 7422.382562791521
1680.380636579718 5523.712876582939
8243.872518356397 7543.227489444722
9904.299293371661 7845.782491584981
219.3474330302869 875.5747201516617
243.39592330089755 2253.6575633693014
576.8631838163074 2920.4058346437455
7886.643578339554 5925.064018181718
598.0615066436812 7494.130579743529
7368.563372706877 8621.111598327418
9699.229140772288 6129.720726255502
967.8004961903042 4269.7257282996
9653.263798328928 8989.428510107165
5475.272986910948 7452.539193241303
6531.337113999672 8772.546862303316
751.3815232165333 7748.429299684531
605.0399588951516 9306.750890145908
24.98364639721529 5873.215692013673
3014.245476388335 4779.134474355351
4982.530791515328 5603.859147670204
8132.880838604983 3893.138337449221
8353.971681187766 4586.8330495768405
2254.2513875520067 5630.1387856091915
2922.7298507884616 5304.165957764478
2469.510216575046 9749.548006736419
8670.2670683064 4706.982032221625
4427.327416116743 5678.856741635245
9111.441780502493 7325.193611368281
4039.7570953368645 8025.121776763955
3785.0848107981074 2023.3294094696919
6138.758637528173 5581.984897375103
6334.907739724045 6996.307942390524
2589.7843160822254 3411.3858275109687
6649.066988431853 1085.298461089671
3433.2900443769367 4346.709251999969
1122.4123574539158 2042.6332827999915
7251.986926497616 7094.185861363824
7263.6456430490725 3986.0683126676354
1151.1021901218576 3001.942330835613
7590.32412173538 6956.5160544416
6490.869449008568 2521.177011422757
3037.8416161563914 1229.7012428961584
3824.922146495481 5401.515698255755
7954.228436959044 7831.021141640572
9375.22032421595 5742.675149342948
7160.809129195955 4564.214593579627
5813.586428872762 4167.146553511579
529.4637544705305 3788.2800784044643
2121.8905166766212 4583.687220222836
2060.4414476092948 4163.405009909705
867.3648325327543 2278.9835386612867
8540.373603025968 3635.4976043105025
6356.492248130517 3404.9303716900135
7518.347046599088 5040.243057618943
3820.360865518571 3321.550336061537
5558.58589277707 8881.43331320816
8036.328496111097 2710.650724669206
5511.5110981641 74.64482697933983
9605.299732682199 5892.897325485307
5890.634032964284 6746.169940713425
8480.866317314765 5361.060717196785
6350.954603038095 9538.43760167838
7286.015607811784 184.77220423003038
735.232056563675 9296.978681631203
1455.0682844506846 3647.198194668311
3187.701889288663 9500.330747393498
9302.95309723565 7241.625577227571
3430.513747211851 7343.096436043554
2750.8899550460064 3986.0284875635452
4456.370812863541 3993.701820045945
8626.991577062612 3906.2602598515373
9611.551463427484 222.2276848801996
1212.261758747244 8493.597343901194
6326.698095473884 8330.015679571732
9016.90976614448 8959.93948086963
598.4648789711599 5111.580305773561
2648.862551040568 5194.046048195641
9733.310186294362 3440.682511371305
6075.799589449305 8464.76637902101
835.4342167749995 1996.2524258573033
584.0012082749923 1122.306801463334
9054.055286619201 3630.1744039207606
9301.741255007473 816.1442437193178
2700.9282697895987 2927.778653735169
281.91626862603346 5078.284553150491
2007.2068494481987 2623.206161188848
7828.055975193933 4513.134736238738
4509.4605195810345 6705.650328587496
4999.807088157403 9290.341496884625
2837.851138403862 5288.79724162775
5048.444604724204 4154.522424296641
25.187743844821142 2614.622673496345
5909.909273333126 1745.896902926669
3363.7728087381224 4924.026835375391
9822.327657552005 2668.4010037450303
307.6601768385956 9350.619542148926
9636.926294515708 3446.950974139824
8951.148934161418 8480.292787455366
4455.696539668003 283.09140292950394
1210.0375393946294 7768.050210622186
9856.130414331792 7348.3517313453885
8990.366559839713 4614.887943234164
2152.791385481768 3247.2058768292377
2350.085143414565 8581.34912692563
1897.4444629118914 8236.609815085598
3942.2732367167514 1950.70693360178
9133.916601385112 7806.670894239909
5874.259246606844 8653.551952418191
1800.8182644378824 5307.080582192776
3525.175841024524 7426.895113490221
9114.704661301535 7446.5191253169805
5835.195787863418 2004.720372398131
3768.2104274410067 1697.3209918880161
3112.898400737949 7123.252149655357
342.1455908134352 3905.265344398008
1502.9154788323528 4173.028190417891
2457.491016917568 7734.436860012603
7914.212072168395 4441.202641888899
7882.689182898935 4969.677822020091
430.05737042609127 1061.32081109389
9063.573063990269 7154.231775911486
7003.9495530739405 3024.148881289148
6357.73581724807 4557.757413347938
9591.452603223333 5901.960551457365
2632.090293827537 8049.968864729478
1776.117149986829 4300.012094786998
821.8276200559427 3097.7367364925103
5418.351578091391 472.7710032033383
550.9299961242386 2808.5618305400885
5889.315817560518 2028.7821224332624
5978.85248350134 8710.91395761572
6047.617373574015 9196.89340742444
4664.935662141316 3792.0029612947824
6274.784015107765 8737.882696207645
6431.571862244542 2206.1302235398693
1606.1976777961272 7259.363868344147
1959.0901752529 4021.8441584835664
7277.376156823746 1428.167125954819
3159.7892619953727 1393.705780297939
851.1864968085148 6373.230551618019
1255.4936574578003 4624.541578221101
2499.7873401972524 6433.355808038863
3922.4647495497766 2726.6474691279286
4985.789769769052 4328.015893921431
9869.447727379384 3295.477785980877
1420.3377565749709 5815.729691769308
7779.096199142078 776.9379444815527
1971.5074194822223 6953.3427458749575
6669.9579625307615 539.4722352090776
354.62948003862624 180.8900016029025
6425.672679016996 8554.720870172441
7156.842764943854 3630.5320827290643
489.9690780841348 2945.5940465464623
9831.387324926449 5294.398573691784
7540.518234376998 4178.194151867686
8542.853091011528 9984.988150121304
5331.64245425283 5254.089313500211
2952.7971387110374 2383.110520392507
7835.333333254209 1902.0246424839993
7505.853568446295 3892.1817340656517
6311.9917911235725 5473.234303590859
1809.6538911172834 4504.010675580132
6006.7496237592295 8012.093323954296
8297.587499882264 3430.044516760761
2794.186597553344 9803.928941484626
1521.6307655240892 3863.369483189579
8283.712496319291 4594.38894678012
2143.1738183710213 7910.58781508
7649.836983288396 6629.841272584025
3972.984817283204 7469.027025113633
1765.9970410742687 6685.857864237037
4257.146080656155 5623.555906615213
4097.573856762292 1330.9160269883446
5814.007052237605 998.6200313159021
3249.1774819784346 815.0243918639155
4597.894701388668 4424.929251793822
4063.2331548531806 6178.061633081391
7798.5343527179475 3266.563772037807
3731.357689433259 5440.19546407349
5680.825552851495 3803.0892325515497
4506.96200685328 2066.8235107458554
5027.832817933006 6172.601961324353
1296.9784571565367 6293.059075637761
3270.545111781984 9555.454426168133
662.5535962856111 1347.8620912810202
171.16465612042165 7514.734709102612
7573.009964677065 2135.4925895656006
8272.388928645038 4708.405771695379
7634.326909187435 3512.0439155638073
4233.353336274317 6549.340705775718
5452.846824793668 8937.389579562245
643.6014402774093 2813.3080398817247
4296.8646145005505 7987.957924536391
1939.658615275396 4681.304198106932
8283.214658928406 2983.321363093866
8644.482485645518 2251.4438464355444
5942.9168460318215 809.6744577744975
1308.2713053627392 6166.957650444372
3209.4022469515558 5915.843010833981
9249.811302352125 2680.670227234615
4624.78867647827 4412.552592214491
9480.74632681288 6212.65668503124
3874.130802111361 7223.257827846512
8040.862991105203 7256.61319576007
8634.521213648464 2314.914156357256
9380.678769864717 6351.794842690867
165.3744921519551 2179.6522529506547
9398.32725720883 6761.208438717129
5068.177776381049 2943.3925107185487
4270.943075377809 9483.07527917205
5208.442788677004 5745.013607000412
316.44151056303804 4271.404687708037
1919.5514132856206 9359.772418187076
9779.801771896135 9452.84924812402
2297.637648255332 5433.243605099443
3658.6559563420874 1500.840977657505
8648.600825964279 4147.131106716742
5466.200376831971 2564.333941132291
6962.800056133851 8655.87969095506
9175.13553077487 447.3090399438917
6669.933418530638 1213.0921541485284
494.5579541800349 896.5231865692691
1866.0551362579158 2549.336735862984
3102.418027830487 6478.814648639633
3706.6424605788206 8768.008630581982
489.3692659242854 9815.602907138607
4724.070432970223 6793.482725148615
9665.536325970746 1491.0508814476664
8454.813732657958 235.8830302724124
5139.926295913983 4561.684316326528
1951.139622826469 2429.3577708067837
302.9201119648961 8269.093462952887
4504.015123409817 2355.8415460608985
8625.476647993333 3293.6659340752485
3218.4036541956216 2183.8540219734427
8934.387767643166 9686.133461455367
4959.077171350329 2231.9693987493138
7431.128161783245 6475.039115525272
4624.522988693366 309.1635022912853
4092.541208881214 8872.059220637899
1708.4834593764276 7589.326786084241
2624.8127030453516 4983.448694682301
673.1104834249779 2444.8107752505057
1237.8778444649718 8984.69706038755
5784.677141345474 6993.949705070401
6165.622718857786 1826.8193390362264
7752.241195789382 8510.079776246648
1077.9296874131028 3716.5279179360055
7761.601093198335 9294.656776899365
3313.832545957357 4848.863463818883
4311.350661477423 4134.649700780032
2210.7431158543477 2169.688942097734
9634.779830618549 4044.467445801281
5712.914709716363 306.7804823641562
5430.82995529486 8635.25115018381
8913.013413856317 4232.074455055959
2129.2598661348006 7159.447987239621
2213.869535102199 9703.961825646824
1979.6373555875846 46.154220555536526
7393.184087530091 5087.346710085766
3880.7182122810336 8572.797029750158
7012.172570140923 4760.512476039188
7056.232910242792 211.30383409858288
6329.823671196877 9991.672424286247
1435.0516059021024 1141.9817359319673
7167.66060192455 7904.402926821243
4908.1510311778575 5445.911986891548
15.595308853332268 2949.993056019429
1511.7613011199248 2566.739848664555
4077.661734258705 8166.063579082138
25.5240463073525 775.3204986584706
4927.12862197213 5424.646072726587
9476.44265328674 4575.757034425353
5973.685911147846 4859.233475891918
6603.866844010967 8258.947291319208
3041.106690182772 3709.144955302276
467.6945649578701 6139.834208241055
1011.9887312895015 3930.8765029683777
1071.439785923719 2407.127919247707
7716.882796769853 6099.934514144403
2123.760325890568 9969.356432815384
3028.3178597231486 4362.978818363194
2876.4950311821913 8198.664707465236
465.93685980733324 3498.932168787138
354.2123103981365 4053.876660756489
4527.158532589665 4509.036393561191
1229.726949721085 9706.897381364675
9428.48612636024 9579.667370392419
2101.9927346181644 2501.6246458478254
3975.7860455366854 748.049185231755
7997.232885340913 9842.105085501367
2877.560423101353 9149.832277698437
1541.1239055995386 2436.757347023771
6973.443882394158 3338.8323846481703
9439.300103263722 4218.056431761418
3570.857211326578 5843.0554931718525
8655.399941249658 6212.158692302258
3365.9524689289933 6857.456272124877
1990.3300257750645 4650.514717728123
2270.6865161991286 2772.713981618866
1643.371679412974 695.606292934332
4876.068027866977 5100.630860435505
9775.21313197751 295.515477098105
1252.318817537843 2280.5910291941777
7094.938915790645 7887.111857435868
319.899723740491 2837.842756742356
4057.465848771347 6935.226408694196
1121.0505168339457 3413.196929684905
4384.86131644342 3625.253566313591
7979.69883680316 9295.061693598858
7314.4431816167635 7419.203642177035
6758.295075922555 8258.562863711692
3228.500430953997 3640.3082747377102
7203.332550412506 752.8252761427879
7134.939231757054 8768.853716450178
717.0177947545153 776.3208579279612
5845.105418589644 8712.000090339807
3800.7558676043295 2141.516788338572
7634.486740753933 3952.9199227264166
4886.821802154238 4253.882748551158
7673.957074209745 3189.672522835999
6307.790590475392 16.648405182551063
8583.671161775736 8841.79724734953
3749.0006193058957 6021.529024650174
3088.6782214048703 3632.7032113456394
2687.5301680103435 1796.9607049218062
4944.7682378212485 7348.49598194947
5041.869712731047 559.2239772956553
5055.027071268786 6828.968947646205
9539.674801115325 8648.1528398572
2012.0197667560758 264.0626318677508
6156.687106587826 4627.96333613165
177.48437100484793 8949.173668241137
8388.116728081244 1895.0547813218898
3850.8609291868324 5795.270367321418
7084.4792708508585 558.4741722365383
3079.9466939372364 94.85614868379288
6117.084624093351 5345.054432783974
5231.407526056555 2312.3933851894294
3234.0819826730317 6330.072727291055
6565.839302831692 997.8840380639908
9126.158767865638 8405.592591286548
9751.521344864026 6314.876755337573
3941.708726703761 3572.4983832994462
6502.958777427837 1129.2519356758157
3274.471198928903 7378.536986551838
9344.761032814926 1122.7135116625386
4992.361621577126 7123.532636631205
2878.3621908490077 9974.991712395049
4184.404679319391 4814.24919752657
2868.5346841507085 4301.3436165093135
5973.393936571627 2275.2164477520455
968.6104180884691 5737.01181020943
4975.098201191722 9308.156644270737
3967.7641276663835 4327.884397974154
5780.54000521881 8341.479375265739
9070.681541674086 8216.67320088949
996.0778459920283 622.6414433101269
909.3743649482433 9506.507461276326
2096.721823379912 9679.9920029903
1738.8658865180328 5138.919556806999
3631.319172093078 7517.05929293031
3582.9220941504245 4640.773536356004
3163.947766038766 7801.054249126287
9972.953657164595 3674.7704324758733
7744.0589679518325 8168.70144313108
5362.672224987217 3470.737208143512
2668.6145729752543 696.3333759207046
2303.0309562736215 1419.9907629916531
9832.665602429253 5567.510458027486
26.43967252123458 7382.636046395303
1060.5239397482103 8020.261681181046
3216.192698861058 3587.750916868214
6467.880817443822 2767.3637939919495
6426.503174756029 3398.972579768996
9125.928663948198 3256.9091056532807
7870.488871686379 5673.087703721394
5081.74763352241 5376.737763968704
6107.91043326999 6956.807877863813
2134.91945963161 6505.140514100916
4541.413620883832 3346.9799037459625
1678.5343076935255 1171.5630055286497
1569.480353324645 7482.072727207124
5383.464037135269 4014.873703662798
8746.250562489262 3837.8492409762257
2537.9678966995066 9213.085438706174
5362.819969050682 7267.713153256701
4450.413957025521 3107.245885669998
5491.588045790378 5558.303869049603
9481.089823664262 3353.544352726653
2724.6650338944355 6663.481117276745
5989.787353608118 3611.5067061562613
8589.315603483834 5234.929554516407
769.0466286641073 7512.481086125563
2937.8601482946456 1085.1824462915527
7378.645048409652 9451.44502970168
8486.413008887037 4298.94838312994
2205.127332762822 2606.4885237575972
7116.286883231572 7851.198114887077
6040.867478504575 6514.165093152467
2553.8475700305685 8795.552632851808
5510.3608194758945 7515.217035865089
2609.056591182154 3354.0841570359125
1767.1494385579201 5434.024841791987
4279.889814280463 9569.727604036229
3542.9833966263745 8966.446561163484
6719.2776297219925 3575.070871570144
7851.522520149372 424.54646657041906
313.15998956655824 1986.377681544963
4432.094487411464 7723.040533618992
4932.709442476891 3449.2681640994792
9364.717404371406 7791.113519590158
6800.719186650638 6942.565321437369
9195.805919776496 954.5891942077678
1351.6180655421572 3089.3916540288556
9384.680734144515 257.2667871227163
8966.516241911919 7429.677311492955
9914.202688409618 3176.56044602336
1529.1443864852615 1375.8225734548214
6504.55805169002 5737.411732732274
375.50489563581976 7403.330456902569
8027.425352319604 639.767209632085
399.49637128882773 9920.811392729089
9438.453131760922 1688.748572194575
828.740502638432 2218.828432682365
4829.186652397915 6552.963700095999
499.27949207597356 2914.6421482763153
7045.28018796026 8675.239357408238
4334.772930881002 2389.9836677802377
8726.036162711885 7021.385468521824
8175.278433620109 861.5645017280405
4591.018165160386 9276.42320549298
1102.6433802849212 4929.114884841779
6332.682952226959 84.04421394514583
7974.0002136619005 8713.310580465659
9569.682179742305 973.8927836731159
1.802278942164559 9026.036172262176
6973.691635326801 2732.5888556470068
7908.292912622592 1408.0066833723993
2903.320650116192 4148.244601751157
434.2574045419956 5323.8442636834525
2661.863352451107 3294.547224473465
796.3520103815503 2322.2929530794745
3841.3569790383904 8819.315403206008
5064.266780505677 549.323403336276
8123.611471284493 9063.760533807497
9368.426663062042 2644.4644512676327
9379.580977424714 6262.5163871567065
7350.8873572951325 1755.7748449148169
7941.649584786579 1560.8222320489917
5336.540376184759 2176.4432365364028
1519.1083696346996 4134.080457952637
328.692314753789 6936.0873076458365
385.3001808863399 4306.333620769641
5122.5337132672785 4572.398383175148
8185.617965769228 6238.030732858297
5581.9713487067875 1263.8572998855902
9998.737909346324 489.79089513651485
7439.747743059935 2521.8224227611117
6129.179551043886 567.6870692154689
3857.723275905929 720.3751123651414
3517.4803654740017 416.91353207951363
423.65578999049137 884.8780921805599
6624.984834495335 1754.5199591379567
1262.7558420871842 7365.287254062783
6183.438304529062 1118.2272671862058
8506.75928528163 8287.83020299167
7295.295028623708 6557.166988499814
7490.204376906097 3008.747780062915
8028.837237928452 3001.7155346069267
1733.0571459588273 186.36943767373126
5872.916135629576 3523.420984754818
5020.781721827354 542.8717430716467
2199.3249328011975 932.3495562156181
2707.4042556951827 8904.648773639974
4226.514990307887 458.005869911976
744.0727883673437 4690.302547396248
9886.574754338015 9621.311922884764
8875.069741309508 8657.835242739253
3468.0886998793203 5828.9513548615705
3945.1843101208538 6427.70666057612
8940.699596005183 5707.724673683759
326.8074151145572 6065.999142734236
3462.900754338901 2745.37645640626
7102.064561581053 7842.006939931762
5732.786709596711 1415.6941081558582
5824.752429692982 9167.146761242568
2562.193839899092 6639.499604208469
8438.80442674773 6677.167954713613
2337.8679566768724 7169.486541232714
2244.4545036411423 437.2104584842096
5878.994938787192 285.68271130536283
7680.231833818164 2329.3459767275517
3608.637507020643 3049.645522308089
5128.362286398974 1824.8104394658972
2927.322822480092 2289.3255597923458
8953.113546658777 7548.214710438951
1210.2275567964227 1472.8648025355674
546.0694442234936 2308.6000502891347
7945.112106025851 7678.419290936686
7279.274168683575 2602.281745112052
4186.35774288307 5978.427795389286
956.637705976372 985.0042353469069
8721.164641087453 1730.575425827996
7605.949851610425 1166.0050863530014
8127.168453536585 3504.0275910350715
268.30454505672895 1194.168727042584
2246.4430859104323 668.3404724259068
7818.681423820538 9686.525271154007
7509.051104095274 33.77923812647676
5790.894982980524 3691.9278911626598
8010.016312262628 5355.608149269074
9682.068230588322 4487.823839417219
8276.787589595488 2001.2364909279756
7276.24243422288 9375.606340845206
2259.9717110652064 6627.944124583261
4153.688518494073 3370.120611317752
238.313398597082 8330.22630000172
5741.9374072724395 4571.466042071784
9049.605472373498 3389.634183465574
16.501621316370453 962.3237472341573
1342.413396341028 496.3131698543155
7273.71173822895 4391.610968886644
6389.203442735196 7110.267071098033
7275.044708756602 9585.342729925715
8409.6655811022 491.70614023937856
9501.775458259595 2168.1630429277398
8323.725647241241 8853.668065568236
9260.735257473169 9884.079214260373
1386.944876597802 9076.420141983297
946.4137477278789 5472.519850851447
6256.707004791103 7471.992218570286
9891.593421388092 7985.906256701722
695.7978684719168 9198.504111500939
5928.161301828002 1727.5100349038607
5340.684567172987 97.79160393018071
5031.694194144881 8443.450348318187
9745.002857396612 1966.1518616996555
237.86312516043128 8920.253944494181
4254.468504346457 8566.869461036598
9395.66540332553 4719.48713605186
7177.626807362349 5054.500866375153
5261.935280285541 9423.546263586892
9187.563217720255 7904.731326290297
2943.54150381132 1471.7632443533823
5922.892295099435 5929.940543733039
758.1394505683714 7433.572895634021
5352.057517446375 5509.448945379504
3211.284814052704 5395.558434681594
8623.165368650996 4774.7342275641095
8977.182681683042 3031.7705507197325
1842.2898729941385 2163.7468359771096
2522.2910916729634 3881.7990993640196
1506.3792836843627 4494.77305894594
5325.453256363414 8378.646159515927
8162.607002473058 8509.125729045114
1525.1862492934954 3248.535762694987
1274.2046530323303 7693.272319992357
3264.207717553045 4047.366719389465
3243.52456668307 3114.8335779059853
3003.231479534418 803.5980444590696
2076.278668371179 2993.2206194136947
3640.5221552093903 6004.93185438231
266.603837518381 774.4984377721975
2400.6464958048546 7496.237896111458
2140.8083253694854 5591.399678472626
1145.3152468289006 6248.741557050359
3118.357055511195 2163.2356185271583
4011.163165947528 415.57523535524666
2131.8551703139988 9426.781178290747
3093.762350929865 2606.372362457716
2793.493185473225 8488.039166617833
4274.126174392 6893.658055945917
9803.620299342696 846.1167034571571
8223.407323995772 5706.374198794779
4567.81700853866 7264.2737296367695
6123.446954910919 4470.948530759797
8022.036755762289 6149.534022922555
5705.2894974709125 3627.8997493065713
9261.094973200019 7851.076337913212
834.7273061161642 3482.048749578718
5723.984405795787 7898.948814090163
7063.392410805158 7236.979687586784
4410.197241867698 7878.483188115494
6315.866456875663 1519.479025237941
3884.440622219282 7372.107380766965
6197.734642866109 1717.2553974065374
3672.8331553407447 4199.090590655393
3286.4594256200976 1533.3187588051035
1061.8756722516775 3045.0717805665427
5206.406133965857 2302.9830606739656
5282.188136109335 4497.066432495346
3291.303048423473 7824.525256128837
5592.211280057137 7485.958218561246
6201.871607419268 4722.120203153001
2872.776943196532 8187.32198770144
4993.321021599642 6689.742349069961
4001.646268334952 7542.746306756872
1816.8453024449093 3357.3076129619817
4497.825844313938 7737.6569255702
7691.220831925885 975.4080297720225
7708.671847175964 5207.964160228908
9595.05661566875 2632.5598821488306
8158.494818242726 4046.6914464914294
3507.192951660153 298.98092340529536
2585.580827189261 9043.06819609221
7962.213321733358 9633.475176683436
4665.252725743695 2010.3959366835277
2189.968226201128 1195.0889217823724
8449.787439119591 8545.32819407863
3972.480405650801 8468.779943855598
1151.7208087387664 4910.032742515778
4978.54316100546 3944.418983715572
8055.268369952752 6340.027767715177
5525.780059814888 9381.017597797225
1061.290079992795 8754.320977094683
6471.8876200009945 5343.160588728433
7654.439984095843 5580.796839847484
3251.234082060599 8114.195327495239
8926.834296031588 208.63799125336868
5949.945163651019 9170.809258510324
3700.7819671006037 2440.884557867631
9752.052365041221 3546.203059902856
763.8226599147147 4244.068645138536
2091.2412094605847 8614.150902870882
2762.5185607206436 6078.188869862087
6407.1861056078005 4093.8119424873585
3397.150742849341 139.11623605141642
7532.409019562512 7405.2331810659125
4217.675598892011 956.8523146258967
425.05724757105565 5898.073008838781
8541.997571059772 6966.88778335913
2214.947580587061 8931.138451269535
7800.818329446001 8908.238384113725
7344.672132200138 8297.919591881497
9959.025802277012 2200.5632793019427
6964.523541121219 5073.372769208722
571.7896467539796 814.0988308377473
6679.439438006043 4599.792583691195
4504.233310792049 9569.966598401863
1248.1300053629152 9034.679771787905
376.7549867118214 294.7487374746127
898.997478437632 8651.098886487616
393.77198785009784 4802.04461955999
1554.4126346425712 8911.094875295283
5371.871497606984 4285.055623372118
444.368629358084 225.31328761458803
8504.04393897465 378.07188101903864
9342.479655213381 1267.0510827101511
1679.8903459790004 7881.061118851372
9971.7516918768 4726.540734094466
5027.388128283734 2940.390973062956
4.503020233096455 6471.3483279299335
3750.007163313227 3340.042599582176
3520.2619902833376 5221.347227911793
6303.672643276257 9481.500400694587
6787.428888960627 51.8011532091589
4491.271057300556 5616.83279038674
8798.937088709974 7305.676094095825
9148.099744192139 948.3061561336103
6119.104596584426 6826.373592891027
4749.866373939043 9319.203315139184
3288.3165106591405 9814.656129123206
2495.5413301157105 4394.343294451837
3284.1387130840426 7068.617326322478
4200.578751797267 4465.130574644935
7351.908055110121 6883.121436448507
8681.714146594475 7312.787551984224
9894.803972245025 6465.223835678573
8222.758686139887 924.7535799519857
2052.856320404437 9364.64997822454
5181.50916319303 283.06248126883094
7102.2976575717985 4123.502980802617
7831.094218741017 3929.8354919613844
1871.1228258746482 6116.934466038244
124.78615938779747 6563.859385439218
993.6697477593282 5386.60088745619
2231.504853498816 5533.54348667792
5016.490734712782 8161.300740856963
7409.94653161203 9765.38007067671
9119.733780997234 8714.269486579717
6072.472560507812 9403.359069497421
6532.709304990172 1224.1824221334552
9735.597818548365 3233.617091942812
9599.270666261364 8387.000973486774
5962.117274836613 8829.92936005227
1888.0859314243437 4668.367050770303
370.61975372871257 7279.480094988866
6744.838985256172 7291.338108982449
3321.3325291501174 334.6743767380189
1247.8426184382151 7321.8242195256025
6982.948993323254 2885.586282624534
9655.50581295901 6544.174450892813
3143.2951084289475 7758.960916948493
7123.547950856935 3211.9312880896
3347.388975417068 3023.5220436202435
2721.8061615058477 1213.85625755969
729.6562447924182 4217.657391590012
594.9346227592911 2712.9038236529223
7252.762729208402 5214.392505626496
9488.248726154026 3895.898289142643
973.7321894854579 1799.8795393498845
3799.4196257992676 7114.250611026973
5428.718443188401 1465.4683601651618
3818.6774536718735 401.1265148810406
7261.0035426809345 1399.7426458884877
8884.635741904387 7118.057020375906
8812.500320824054 4215.744709418874
4809.801470990152 4314.060175675565
9557.235739233993 7559.929224854607
6119.288535939995 8272.919035312329
3975.9987796351493 9423.222996507224
4398.207290307757 9679.345688601374
3754.536851068171 5710.88935051529
6357.651442053815 8852.3300157826
9033.390957565029 426.72994941197584
9106.164114853082 3574.0552152412965
6845.658920348038 1688.4801402082805
5553.0094885054505 8185.342572999701
4849.683570879203 8715.083631664524
9871.536086987637 2823.6599217597013
4996.861144786462 5912.862544983767
1515.3682035028714 5947.310387564363
4870.473483334178 236.422243591361
6407.11401648692 1619.4958935060079
4089.6450780489813 7111.464405335106
5608.73608618221 5418.526909108569
9393.23527413569 8380.505096678535
5034.677375947055 9295.528634249162
4801.673088551837 2968.8241305891606
4583.294428538063 6218.571654560815
2600.4498978300408 7266.801628368258
1439.100367750896 22.233740303018166
6797.185380516721 7586.1253744662135
237.76905642251322 4524.177243571128
3174.8869273973746 1471.176613249936
2287.816351315006 8675.40392647488
9097.225404968502 8133.238480990417
7107.312783531094 1278.4293038055473
1817.3523130222002 823.9887045575379
2160.948251069309 9637.694257150091
6199.987995963504 5576.077806662039
872.2139660577544 1399.111565084199
1487.2143713274365 1412.4109834761566
4737.422884675309 7790.721198368754
2021.6025184261987 6862.089426473755
2682.7439007447674 9494.009541671352
8686.021353157596 6419.7886385129395
9682.377651498546 3455.523246388155
6227.660967039331 8446.681831455151
7095.452121016139 90.98460015098509
6604.521144028997 2934.845507173297
9181.174913137975 5539.201356290176
25.8088905007825 3543.4101765199275
3816.2258356933476 2890.6306946091254
3453.398307977784 3363.5499083317754
565.3337726266438 9645.546255575005
989.7057278309229 7980.729144991614
5945.424874661928 6049.326833155201
1798.0373152901052 2576.457085473963
3975.6954036702155 407.4682585972289
8984.670270375407 2048.1253611112925
9920.40264904069 3000.4973339862695
7217.6290274903695 4424.3344423678545
6508.130071915768 9799.041658674627
7765.324765227087 8214.441213153461
4850.729482111111 821.8933075553603
7108.928311496462 3754.8884559629983
6787.102074123257 5684.975662941241
9315.54644467204 7101.205861330973
1441.4269559134818 656.7060074375041
2954.979781812033 2563.400416651308
6412.403791970114 7365.3238722692495
501.0418600285882 6593.780301226137
3199.528065145466 3196.327051076615
1879.1188721124852 1410.0871239730395
7224.369200402657 7373.247475080855
4104.8573493384065 1473.1362057366605
5119.275325042535 4732.564886408066
5804.567097739919 9736.997487697932
5832.884211246725 1283.6406556018599
8816.1333431806 3451.073404616739
7541.268570137861 1787.133772138869
9039.927741888187 1217.2576605921358
9355.500988241536 9790.433161860714
5242.421724026554 3991.694607014894
5380.8754101450295 4826.224275151242
7610.898964348173 2769.4761743415465
8809.972943656921 9810.38307883885
7515.872825819302 4801.947516001101
5421.218091517888 4067.969690166321
6158.515259460212 8370.125057703455
9106.519564314722 3871.1708032684055
2563.6079364339657 3374.0449683635343
6866.045931134803 2890.6210359183137
724.2285251967129 1296.705502630714
7085.137106622218 9541.607041965715
1612.5888815920198 3462.579432649405
2847.809976388088 6849.241531202958
8242.144065864462 934.5120457835154
1543.2637868977429 3161.7675438302117
999.2969021014286 2879.141381143102
3086.249132631642 8808.734918684115
6058.721076716106 2779.8086740504245
1699.115283078948 4630.867759926129
1854.5339676173423 3487.255410064528
392.8019535759963 3201.018912351408
7300.251666361617 2772.2280647789353
3036.000887727396 2510.6885771547713
733.6585152779784 780.4456353376011
6216.155943287015 4914.1570189256345
408.43221210017487 9589.206847796506
1972.934712809632 1202.3668414753297
5762.5673408000575 2926.2452067872846
2924.247298778726 821.2600836106554
3664.3356651394065 1035.2704096023801
3306.851317592944 4454.361741676223
5369.739430184538 1658.9576683190267
3018.023165373973 4456.971779063997
8021.101059514056 3158.977519107917
6871.742618827548 1959.411887242054
9174.64891476284 9903.988806735048
7972.278663271088 6849.348717432597
4065.65159838582 3230.3395619044304
2360.024784001168 8298.292586696201
3102.8648003794633 3516.5564932239713
1898.883067170266 9014.949925866573
1429.7524306358046 211.52518397692387
3751.4492101229034 5988.188383481574
3298.1469631211535 7017.593956428572
7727.704193648204 4124.944651723908
1470.7229932042442 8853.66446129045
7294.870535653327 6893.492069393081
5901.851070499559 5709.656449819703
6100.546793744967 9850.055547558914
6542.113914501831 6052.563619684901
9488.182882311241 8756.843518990814
2269.9573594213375 9055.647571845093
9673.416166120038 3892.1456805667476
1674.6638758879296 596.1428568830573
4001.7382429495274 6108.218596431993
1698.0316830217191 2703.173189924275
8022.418392398968 8210.26470294327
6987.845606976193 9936.411792820532
8990.55828673634 7309.884681900368
6224.435918363866 9037.339599287368
848.6122098636517 9948.964043442846
1652.3154431873343 118.79219437605948
8740.652976293384 1995.0304613678882
4582.095774551001 8644.804687292883
9677.122805520607 9576.69682912243
2723.580464186982 7501.601979170088
6094.757491545027 5657.887197419585
4869.142869736237 7571.898659716403
745.8296409738097 9242.112472060306
4667.191904681332 3398.5137952946297
4602.801674493765 653.150838510047
8008.739340094474 7759.6222800814885
4278.945223153212 6856.05857529981
7895.779526760724 5276.799126904296
1842.42237208876 5362.517788539839
6568.400284619399 538.3402961117489
7840.790299308757 3907.1052337069946
7138.241531222587 644.1704029675643
7854.832816897156 5786.14779193961
6009.127598722161 5564.976588765077
3965.0845519893965 7518.399988150022
2961.397171977432 2257.035262857924
5141.360540331944 6316.8675757140845
7934.66163430384 85.52894144645107
4755.060433085301 9753.670669357623
2264.42015274225 5782.974189485181
9165.967287593885 8954.923562733076
7411.172211399555 5905.713615644777
8649.716902972765 9680.183570300536
6066.36108771207 3550.253651989852
809.062950621855 2721.1006504829907
8927.693258397912 3952.550850561816
7051.521384392276 6196.475599063567
5407.075093757248 517.1888744273456
4717.924380505929 7526.017828257546
8067.618657125946 8809.706017832857
1010.8746854424744 2132.665392360601
8681.863317377949 1094.1669568545453
9999.035491500139 9253.412039065746
8461.569902796773 8109.399560563935
662.6532362907589 2631.1639043053738
6230.143942422678 7951.144390739697
2197.657059397603 5315.224561008684
6091.947716186246 4163.694114791739
2610.1352728504003 3315.5895250960866
498.4642385171878 6443.4287265327175
8009.940912771413 2436.301239897444
5519.48157079712 7717.976040410343
2951.631346995234 6255.70608355835
2598.164502344842 788.56253313617
6672.901613709796 926.519283241729
5102.08815478992 6209.441175281219
6145.123784905011 4236.193184047076
8578.009400532446 627.1145642366505
4477.555036636668 2198.1547040963032
776.3528049448176 1413.3977927397334
2406.2345045369916 6337.061643716337
1232.096895730409 9100.197090800657
1350.5402946073875 8786.29977213362
471.94351682342096 3860.200525022277
8834.82842152009 333.5271314423449
5763.358252984455 6076.518710537265
949.534496176645 8630.144932958747
3729.2750701676414 3905.624433031152
1965.5671606013748 9923.15469990272
122.9602765632576 2661.7849626149637
8217.774770571497 7872.939544923961
3590.729818966494 1837.4958906877937
1937.7270819695614 7288.085747475299
3345.9255840191804 5623.261497358756
842.9977148187618 8938.438369372716
335.75171665254146 1901.3911779249681
979.591198684704 4000.1612190467495
7703.278863896827 2862.310266569802
3566.1128612281645 3141.6537515058108
9130.126160829097 7628.212968563429
1402.728472998085 5776.751762830351
2991.03574343048 3567.7107274788345
6784.917562165609 9591.718267131095
6159.754404880292 8346.460300989438
801.4744636340465 9095.109322835484
3776.343479243828 9182.581517864633
3398.1690709541003 4644.677250948869
319.239367696037 9262.0042295354
4652.923757079723 173.05170365204182
2921.089128817556 3817.7125836920522
335.32680377215684 8664.01858933756
25.593302497546322 9988.179752591
9012.747782425395 9323.7919794891
7203.284192220803 5244.1201620628135
3717.274675428556 9346.755244484097
7227.3787170716005 8909.007183922593
8502.151199516245 6192.7258487529925
3356.5411583546525 97.63899667612708
9093.337313447111 3372.8715436080415
3179.5988923578975 3258.357959070793
7281.276660162121 3883.991115784091
5347.954297964905 9428.362623970426
699.903396101611 635.9465394555752
3054.644548820282 7297.872902403347
3204.374335915743 2484.60830321814
6214.693506655579 3227.7446915329565
6185.968652235892 7812.766295376202
8959.616509319061 3476.4496603268412
7852.04519260212 4994.017396155291
279.6298731538927 5066.17415860527
5750.907670689871 529.7390717105699
3430.3293432933046 3954.109039867841
7635.872095429597 1166.8223293058832
4066.2987213201386 473.8372657655676
7139.792943125172 5883.922063052593
7972.314425360009 2373.0540524005496
3670.7519716962424 7276.557547743895
6733.518726647389 5197.676366901117
441.5678293795644 9576.478505991665
3719.1313419467288 8258.734307458064
610.2399111723611 2308.285197699047
3349.975761470867 1967.2612672664925
9135.38970847549 4416.371348206555
3778.301981245228 8933.726501666248
7140.218803701851 3587.8392896752443
6829.083885650055 6902.3847253628055
6330.454251242835 9452.109094767111
9335.179443852447 6327.24610642888
3326.2060646554582 7355.527849017928
6844.439811041355 9195.192174498234
7644.613724919948 1489.357547601783
4085.0627566250287 8563.101073908947
2509.612016354107 2292.1050003754985
6546.178413647009 199.6620156307749
4667.101532291766 3252.226124947116
4063.8727308633524 8708.899908219879
7948.258719380557 6504.826310857339
398.5442061477795 561.2455687780538
5450.675970234845 4946.044935428825
2447.6989787758853 5569.327678086424
6896.476280589161 981.4001578974685
8958.993124733417 6519.481469973204
978.4953357223781 8479.442560189316
1391.5309706481605 3906.301945359957
7320.0852082145375 5019.645540899942
8919.13291192172 9016.396506778072
9051.03669360672 6103.539302100944
5477.488436579435 3968.8200249795113
4941.580276267023 1640.6727534594945
9227.817417855666 1743.5035815134315
9538.371700831198 7726.066228008896
3842.8576622178302 2715.313499571066
810.8254371912016 3493.39487654197
6616.707944646802 6760.212893036794
7443.1105347900475 3658.223496444305
558.254123257601 1611.3167104105962
2096.5759155276132 2258.1865839238167
6348.611368318972 8816.465163582357
2719.328438075338 2052.091649512725
5326.216145484217 8385.268649716298
1294.136201990077 7057.498443792632
6508.909280507588 2012.4014368717403
8292.785107765849 2786.404369509602
9070.54712940445 2625.2544544548473
1544.4694101464872 9881.245517488001
6660.391386241443 4927.8817757829265
227.75062193289287 2058.502413938145
1486.7179552870969 7599.503914970367
8260.068875783889 8534.775086523356
4181.804196212651 2854.66448005965
6485.751186256119 4440.271790557375
123.63988058838204 3183.4550612660782
9752.904853442467 117.23223436229779
4110.427579309374 8264.060462028618
3221.545785721055 1655.887599769329
3067.1237924185843 7276.2003147531395
2059.759201856034 538.1328079558634
808.9931195434208 3142.8711970571376
61.64635373917871 9839.170405769275
9795.334562402017 5589.122746756004
5660.260391243003 8079.957046590378
2277.2546824789943 9330.428090468213
8310.694704330654 9528.369187693132
7276.5568881275385 2189.538515978464
4282.9301595635 1514.5754147091006
428.5255078236638 5489.540262035367
8531.009659274378 5156.184959249138
879.5818900823904 5682.15622996942
8494.557056413048 5781.321341867632
3151.4940959330397 1844.1689623032764
6440.612474964877 3292.8438181557194
2167.0286875981346 8411.165801019595
9268.20619001171 734.5208418643823
6477.628958059258 6316.635100315831
8575.05033387419 1400.0367176222783
8141.913575462756 8565.77134132439
9225.179745406844 968.2925966189504
7674.489489983744 8197.177724468684
1658.3226525970063 1353.5346466890296
9017.777522954868 7571.976272001527
1746.2409421096725 7226.432276635834
2585.2502821495714 7978.671947724661
2128.2284067553082 4492.293009889748
4082.687224657241 7653.438096525117
647.4113054180308 2405.1913308650496
3034.7545613119364 4489.322594287169
4761.444514652955 7451.858437907684
7727.419307218516 6944.202428775097
5615.657570429938 7656.7633472448315
2622.40966475752 2956.140643359657
1843.6475939978147 539.8892119853316
208.1428469145463 2036.12828733984
1099.7781675062356 6601.292463568921
1722.2333130712964 132.02239787077352
6829.9926353547735 2911.603055298948
213.91077075367582 343.82057926443224
8851.801212344346 8155.212981155903
5010.367978344124 5119.236591148109
8941.260534118173 1302.9633995526724
8809.272986297412 7169.877091016571
6814.209537356834 983.7362255850302
7340.372635340312 7022.136304682126
7640.987354114772 1579.418252532201
6822.32561273694 4853.26807053101
9548.302824871702 5085.294626539846
6286.604796675949 3061.9072429566872
8438.887190119956 4858.002700367062
248.5049115659421 3883.656090633518
7899.008430040375 8515.755112216355
2176.0072604277857 3286.1643956103735
3965.8811298692876 2460.618797712395
740.4430461050448 8364.472564071724
8091.45788301025 9760.218123330527
8928.609863520274 506.2091544456693
6766.045747470026 6456.303805093491
754.1944917357434 707.5601650757645
2954.635219323939 8760.209946339352
1527.0586576537771 6594.762119299838
2750.7932562656847 5050.300899153023
5422.14806543075 2942.1953670077237
467.4159907472375 2104.0835533231393
8435.488091033772 8776.9789664288
6760.5948904131055 4577.743836584855
5722.934365014114 4521.304746865323
7322.303925051802 388.44049102065736
9788.044216821525 2047.5676681558996
4179.561058835435 2359.7691759537443
18.64515135997391 9007.684721344709
7702.182671344259 8258.386398761619
4667.375182118289 6346.815853047153
5048.190213339519 7179.865824551252
3529.6726013181424 4523.038439733578
9965.390717054814 134.42874898036638
3293.3999241299707 9628.340858417814
9619.600049066876 6638.2784202136345
7817.484294023118 5342.644341216896
6434.435348555166 7133.837660199741
2442.6666334585148 451.37759742539197
6804.551563456497 3142.2745387694426
4845.645658170854 4518.465109977435
3983.655753175549 3194.2729372451563
4918.61645602111 6230.413886827465
9450.579815406003 2790.0869471303745
2689.3997079495766 9913.512802272095
5621.150017003628 907.495431863018
6393.060342759005 5774.987538095606
2900.544071477824 3906.3473746982327
2464.12242622572 8530.280741511393
5760.276041729248 70.97534074089862
5439.186679305383 7252.456571597288
5775.909169180148 4486.821011444759
