1403
2830.149636988427 5615.4535790393065
747.72098191494 7758.233192847725
6607.705123309686 1465.1746536969013
6628.157736020047 2072.0313177789685
104.75049755094834 2697.316700744061
7572.185991484957 9706.79739642074
9440.975329497916 4705.4623600545365
7544.892419370225 8170.524687078815
2226.870171986716 2722.1986013405885
1282.7039592743838 2134.9569821547043
9477.74448363931 7053.927590989665
4438.135459518656 3563.45675353264
5762.656956954383 4353.39795097122
4252.690838129124 9370.282077584281
546.3244697015002 8183.438833133544
1279.466832146411 6529.7821131381625
3574.6586709662797 5846.0738718431285
8350.826297359938 5305.988737654109
1109.6540018767232 8734.405423165741
7722.8498734040895 3587.525941534618
7836.930699015933 310.3545947691644
1127.0904233539113 9189.713755724579
1349.3149263182092 9219.548325695181
321.4907821643831 2425.199114661476
2252.4141387376894 5025.350609278431
7656.150414048175 8246.39587675275
3143.22625072885 577.2323721203932
7155.95399622718 5827.472307815822
3980.3981179590896 8124.383196690646
6670.906652573894 3580.574460367325
9694.82701005695 5943.668782326821
756.3434424581694 9290.429080150407
8281.876665469194 8471.740017859289
2119.0133940843925 8303.42263927387
4071.5601568880834 5714.304278912653
6701.365211524461 7521.705024897058
1390.6136833228277 7051.2736368665055
3775.1859097670635 9329.821177831775
8410.472384583996 464.70509426039365
7777.081433690766 7520.826361340778
9617.728861195592 687.1521936832293
3042.104330163895 6790.7910448146795
8048.739017019501 8801.25255267464
6078.17023578739 8435.06272292718
5197.615920441199 1417.0756483858759
2572.7314707241076 7506.5932148758175
7336.928947474141 9711.959496478792
7934.501034272945 886.1044627905867
1883.0072949646826 7338.27060973915
846.8521249989292 1465.8114030499926
6392.821517244359 1487.7207365182687
9045.842652206244 962.8773684402769
5796.996115022428 3246.5769472189563
5334.648947733618 2755.728109458827
553.5868147600831 1784.3126819216193
9707.510907347065 6575.808012618621
9549.828632487059 1888.9361445468521
380.1281502138032 8889.307070847779
6784.144638532753 5895.450933724555
2509.7724886480187 6367.851663493157
128.2802633681357 9149.596009420387
8437.204244162614 4974.094209755089
3799.5090598644965 2807.2197306096114
7393.817505304239 3877.595906690485
3565.426672493156 8990.344901260412
5791.260409306922 1668.3512955282508
5158.939565592557 1104.1870232554306
1447.1085104206104 2149.7501887005456
1898.6225545991674 6465.08495075908
6398.993795414949 8369.732247319813
7089.702215025822 9297.51601081035
3320.9253125032424 6488.338084943624
423.502144442699 9629.059295694775
9979.3597262204 5581.816665807106
5298.260226725589 7645.386245432032
4652.912706282605 5547.900192348667
5751.811353463495 3663.0464575822066
2988.4274687966185 2903.8116413547978
7526.7021231532135 1036.0371500645804
3377.4464872673348 3458.0234811597734
7680.886087150406 3032.830103595532
3610.9590771043145 1588.7363508590956
1112.223198052311 5003.745937807784
6306.628532320639 8176.507464511052
382.5886523016742 4.263055279813965
4401.524643828641 3115.3986283473
7307.4698501984085 9448.051958486069
864.7248950479669 3766.4816048763896
919.514200624757 334.2316278203128
8707.965543734972 7719.479586193492
6619.561728819904 7126.541919463406
8358.85926290981 6792.783943405286
5596.281129524707 9457.838043797816
9510.020716292667 9329.036291587916
1925.6020538870844 6491.505994654987
3668.7720740638088 9532.916637850016
7153.71522585785 4992.1097619143375
1805.923920011716 5849.736861487285
8622.490982067238 940.7790452644848
8738.461440646142 5197.88727750815
8313.744081203009 3876.550260867725
2179.789166909926 6245.138055189407
3568.852158025212 9053.0789778545
9752.515803967328 2858.2526294612353
9682.810297828315 4970.8425775511105
1682.593834177415 8357.320845346416
7076.886502303561 2878.15460063385
379.949774466638 2270.6731629929677
2521.6180022490685 430.0197672267003
659.5733086948729 3913.193226996162
4711.9653871184355 3852.0549290634663
5968.360905009907 1300.293292834125
9389.025730408888 1677.4121692395515
6656.838673129085 9661.776863013132
8157.775090636964 8407.834462332981
6071.213113427846 1134.2605309950238
8167.896550595091 8295.687210542726
9040.031959814421 6087.784813901689
6904.825500636118 7852.003774106529
5191.063534304182 6981.692452862447
7480.718562626368 656.2906620240094
6457.827575417374 7646.808216931695
5020.136969765621 9577.04120568854
4121.54529593908 4455.40891415275
4002.8089491036712 9607.60575045784
5783.09777535411 967.4204291380295
9755.91419549553 9180.275973583552
6770.91607345719 4330.737753845845
4680.913450663669 9042.13807249715
3664.5490773245747 9965.512848399558
1255.0231876394425 5559.455424862757
9849.987372677404 876.7086629769616
9365.013323438623 9663.044278150694
4321.647120404093 9316.175024938382
5111.08310226037 3555.3101050725786
5307.24655638202 1454.947552230189
1861.1535133071611 4770.311650596703
9715.638125654707 228.4315638214318
2040.9829698799674 1211.4282545109102
7893.982320771456 7581.582894461052
9913.102987552724 1386.9045381216738
729.4831980984806 4968.146717171634
1427.6388965942588 1221.7519819959978
2742.2294335383335 147.4783867488927
7120.662076101256 2545.1893098892906
489.5151906369655 9074.411625362358
7990.80362866168 8636.008147563914
338.3418767251123 3992.102439530827
2302.4257512981585 9053.949693508977
3461.6316130441915 2714.7247333733294
3343.7389182660027 9393.38687377185
8775.00879018883 9526.347570819344
4310.818964994744 1566.3051346845425
6454.837553448358 5124.279373006239
6693.5654867463545 6754.7788543980205
5664.526605668035 1599.6140128514226
2807.2146855377887 6268.846048569173
164.9478485986433 8574.669856702098
1443.1019915724019 5203.884752744465
4596.135285270349 8306.465915305465
8004.946655613085 12.296293427268568
2391.2641839658145 817.3285090366234
6952.006228734983 3887.5100190018884
3520.238536380896 4928.178997288081
4888.032058390722 3204.017406781614
6559.038222618241 7447.0078873621915
7215.0296043012095 4165.356407226059
4942.31330910677 704.4843814425117
9913.411568068886 1282.6644131057342
1680.5321970910347 8130.618158980997
715.1999694495048 8339.621509728167
309.32569154301206 8630.827387874959
704.5260700831957 8095.310499954778
2387.4924590324786 3146.7344078585934
8209.741096018743 9134.72362439894
3471.463351852645 976.4522052324797
1744.0358134448174 6997.3470188334695
167.84526017708967 9181.08540288443
7706.54709063663 1997.4579828566707
601.9990347429926 5718.621456368118
1573.49971585251 7995.475437142248
9439.429290854 5823.334353857565
8389.01920489764 4787.9018784564105
6458.094739790236 1588.2888029901499
9507.823042733387 1754.1037324704057
4593.576112225157 6710.4696692093175
7747.078645789842 1931.3785218465584
9365.362802827944 1922.532936178819
2372.2912553633555 3785.456181479332
6641.353679014278 1762.1108027172038
8672.171113985401 2601.793512325602
9808.992092241206 19.066999348145153
4269.9956415188435 4643.713877522062
595.2805871481747 9453.049065867048
5774.0709372470565 5006.656062365273
14.256360946022228 1188.135143297424
4887.469641397827 4443.494556713205
7219.32870176298 568.3291636698939
2677.3000050246787 1344.096255849605
4399.213338424554 9197.10973838938
4346.344536999842 2522.986458892257
5280.02381165367 7386.189914980281
4554.974512394847 502.19278707616667
3282.4092939159177 7303.102359109887
5108.838872848814 5572.047410897547
2931.4568247187767 4734.172224802491
2657.8889824704897 8070.922386563167
4728.401156906021 6568.8978192153
3944.892287905152 45.583188041609105
9367.019546321248 1863.708820823613
96.65452424121534 5737.04411410998
1913.9084673245288 6657.527427460328
9468.758648091585 7182.51522361812
370.6762885186621 6588.508664537442
634.6984852914395 4632.230395707056
5897.407018075016 6800.792008711205
3252.86833971532 1450.6534359647228
3900.582744380524 5632.046749401938
4749.944020978817 9704.757910236947
6174.978026928335 7137.047656687469
5026.774687716812 5737.783274336413
4337.868814269691 7629.473462992935
9722.97562193302 4685.0701280566145
3905.2258179923606 3113.566476770567
4968.995625626412 9109.282231573166
6533.3921244398825 7729.255492195592
3009.5094939863966 9715.525277955005
5186.071814817813 8148.785359628473
8599.562824444378 5452.576489438403
3285.2798934018115 5239.860436739461
654.9760989952424 6214.64027797736
4266.245499451385 2249.7545225538606
2281.0920150287193 3828.7507839435875
2380.0681960898496 8266.797780670935
5009.029950867132 6046.144332104432
9074.2770847578 6780.099827840498
9836.185742630872 3851.6250622620187
1830.2521834624563 1785.328759597985
8497.799116153637 4563.156528074165
3947.808009467871 8073.808156403817
3288.98191563466 1914.608410843871
4441.061299457282 8094.158443853191
2711.6861607626197 9597.795252375383
6946.033316499931 5090.153049719973
3238.660951760458 6585.64419886458
5339.269551161282 1095.42041474163
4566.533513690074 966.5359183693845
1628.0827107859586 8805.068333667434
6872.721680040355 3990.5586302521833
8596.854501587743 8346.269067653122
3795.9650638314947 7561.628921388299
5680.161137178124 3534.286266793147
4127.842750633943 6505.124934792157
1582.3170525772912 7327.390440746073
8532.718078359849 1598.88902685393
1274.252172894177 2883.5493421976435
5006.137103087346 576.1563601308395
8172.476357767069 4873.744442314023
8236.775545096592 2092.168775818155
4541.204851560006 5521.210720939199
3554.616170599275 1991.9387795656774
4457.54932544192 1212.851238187307
5728.113250880207 2124.8294236485967
4041.01071508066 8468.534586819795
6515.673978599946 9422.318387123363
3072.3292747291853 2555.932809635766
2581.8752001316116 6988.522368789683
613.0868675207579 8103.009388796227
7156.40341936412 9548.753581180565
4786.2752166077335 8687.226391932643
4643.78535262739 2759.5912345615293
3489.3757760333365 1569.985633408123
7284.560001864662 9604.646284610893
8485.32654671022 4496.776110179829
6923.613382499514 7383.409125548677
53.07543234964851 3797.9523110533473
2958.9815587918188 5646.263367334743
3178.251566651158 6902.020491130055
9624.503555059633 8836.962935174684
9125.811588444452 7812.763096961868
1902.2801785200782 7374.561705622112
8160.346185481752 1103.4858183907193
9565.981815763344 7439.997214357814
166.06441329061084 8546.124250030203
3123.6158125232637 2828.228810623723
9967.292633614352 2619.898613902355
3758.4499643951385 1885.0307444425373
3261.664190043959 2833.660342256543
1759.3650693049467 8768.253082021225
7251.993423230382 4048.0287776983737
4386.982977364905 1056.5558656105002
7299.164898799398 797.8641540032016
4639.501127349914 5074.332266510494
7217.189418939186 7992.579127530701
6962.240660876651 6209.73690771529
6192.91142184624 6311.249773552915
4587.489560984493 3973.4378277933256
9736.678370288673 111.42743144406441
5896.305749052645 578.9169551808515
5556.611228220549 6735.0173968540275
3961.520854528859 7420.843286250896
7797.943142424248 8721.540623691304
4261.261194395517 5986.247728285915
4700.222921721203 4628.541936881134
444.8864102858818 8453.93296837557
5399.004580886613 9910.870053787272
6988.318541154157 8520.752632038146
1334.9766070067815 6625.001910627445
593.3138338606336 4839.098702593799
6532.310109490066 9601.538890925996
9265.312289644278 7858.137680454609
8869.333913085818 7168.455870278063
9147.071208081568 5832.04231716701
1388.4711346267275 6509.6373135870335
4390.370130432736 7291.6626571322295
8678.70478948591 7307.684262190737
4615.656362534889 5371.792892413525
8412.660727467357 2446.937128096323
7839.57105071005 4044.382526059037
2231.7312240941887 1242.1034586926605
4142.879732396028 7528.752674130696
3346.4865200493455 8909.836901113295
6806.407673765325 1933.075551369241
455.9507511237359 5815.070367860512
3160.1565900523497 2527.083059151918
8888.148424077375 1400.8506654198638
6970.861034091919 954.1668733942188
225.65205886679206 649.8850368445563
7835.818509799702 4161.7450814583135
1103.6954378751095 5427.954487732733
755.9031804625704 861.9622860789011
354.7363852532059 9123.807642247248
828.2594765778806 1930.504692192674
1222.1936090049712 627.100605153329
3829.238119182338 8309.504017853702
1977.3948502066407 2875.398847739068
3350.7264245218284 3701.2168894664333
3947.617704360852 1953.2142385407114
9108.095223259326 9622.361398386327
699.4175734853059 5040.500145939483
9055.567306613679 7234.701151975622
5920.278729756624 9384.983161950771
24.886737288679626 3775.6681387977974
402.94286435461515 9912.161749135417
7745.751175078206 1383.5181344972402
460.60052136752796 88.75431686319656
7311.541939167876 2644.71858622638
1087.4635983772207 9219.835763452204
9421.469872033918 286.96522018262226
7228.056582471849 9486.849711007926
6060.330109979429 8099.437884073422
5629.89958920849 7723.142732590098
1669.636033559788 6382.597534957968
7928.081803460259 175.61298478608543
2318.9862887693757 8013.035791111568
2846.5501649564153 3315.52652902646
5904.088720323391 554.592242466011
1699.7697170195936 138.5003007074892
977.9506969589269 5755.15544000487
6739.738811732085 9333.10947859279
464.3198133084947 239.2642894809427
6317.167765790094 4199.527758403538
9207.534840542196 239.83639967022907
4311.963572409067 9264.060535658366
1080.5331583401678 8808.048365492508
3836.984736175717 5162.388320085351
2202.826739429319 6098.594455838779
6830.363945630714 6553.787277242581
1712.8498214628362 2048.260089268783
1825.5211219730415 3580.5481393259706
494.1486646168669 6048.940379973087
1924.3181966012123 4701.267439014161
1272.4700232590415 61.94738629744512
3797.6361989693473 7603.639524867439
580.8776718765519 28.642857613576655
6398.982644263199 5341.829345889018
4232.607125821115 5403.1445483744055
5000.563393739221 6845.458718698029
3146.4455163937423 8166.052258374638
2147.5863148571416 4511.695395563038
5637.003867934471 773.84373903572
2175.3860141567816 6718.882367339145
5612.324139227459 7156.797049680529
45.292302947913534 9789.601151441188
3513.8436144815287 2098.9930833403723
8428.98887366055 2183.0169005575085
8288.816662784673 2117.1627564332084
9207.440198489205 3510.801595596038
4202.871360479141 5300.836627240494
6849.292735887471 2347.8904496111586
5880.459713651504 8484.46981355637
1494.9792073776691 9748.77702371129
8603.53285991597 7592.907018680154
8996.591209532438 9882.00204078554
8603.85470029418 1034.7613311948821
3649.907441654553 5259.953783427866
9851.948035413001 6613.985078072187
6903.795008393049 1668.039260950137
9675.73617365234 9588.10974343915
1943.528720440234 7086.747644182413
5434.53128570461 3222.3362907303344
9718.40298293854 9652.077119235157
8429.094376596895 3471.8628225909356
6720.337663893626 2014.2465645776851
9246.066576818874 6270.538463411962
8619.00699903101 3331.5726543199976
815.1592907111472 9312.132441904707
6720.349413170917 5575.8423590081875
1600.0555218899792 181.2143773447439
6139.146717376595 7827.462870532398
1549.0650000009555 9223.84560024559
5562.682448995554 803.1270610050823
7699.148049115009 8643.977346899066
8531.325745177253 3985.6849480925316
4656.9992213010355 8969.666232498588
5273.209128180464 9415.362069413415
7573.467529794413 253.90746508725525
2303.999476613784 9453.424895090646
1682.6577895586247 8158.102178269546
4239.087402603381 643.8368434411468
2994.645851927109 4411.867413626862
8564.35212860101 2175.4130649918857
9310.811853488089 7051.108887450553
9472.98290105245 5386.426201268529
9373.37666051506 8306.972713022664
1299.6693396380233 255.57307978588906
665.8025778886745 7051.502819579954
5569.797893181034 5887.662615728265
3148.3029206004976 8301.526258980124
8230.124061711855 4629.342508069018
7042.77401384541 4440.497084145165
5238.715049390159 3639.6305500882477
7674.05082398677 1538.7322441223482
5365.784720780685 3491.9729557639066
9329.459305634397 9435.671459194546
8793.374825557548 699.0021331737439
3116.219415637609 6093.501621003291
8900.660768091706 9928.125013037736
876.3296289537948 5139.689111889151
2482.9914807052246 2115.519205204056
8361.142803583198 486.658617453799
576.5958644585056 6688.070408989698
6072.921103807552 3450.073871994143
8047.22603498399 9667.24170413278
5448.234402833663 5882.864707084168
5149.82210611952 4555.810186652343
1388.1497472154215 7500.358668307124
8377.626465978992 9597.867796395723
9532.727022390285 6792.571259613362
1092.98918508691 3254.428476940433
8132.429634570532 2702.9187555057897
6668.447266732797 9551.445349326576
9886.620406523456 8598.311983936333
8165.47794379971 6333.986884295905
8699.40426031222 963.8023530688967
8939.661420204984 2399.7799256269727
9945.64996490185 2725.648251244744
7984.813781612521 3987.2766039709604
545.1044040902686 5139.871057154252
2314.977882140161 7157.858226598799
6910.088377247658 2779.08265794346
6231.991086567135 238.73991471461963
4662.346441895975 3308.5601883961267
3937.6753173834513 9682.595517286627
3907.192540503667 7463.248178731073
7623.52049919387 3451.872280846082
7808.181800632945 4920.577620487687
7907.067193272091 8350.220819337539
223.10821473922715 8609.68879112746
7283.013385539656 1600.4181230905556
242.21007999278177 3405.8459625986316
118.40815557831897 2407.612651557154
7612.045506333209 5129.545254810139
4645.114059570954 6248.675291956989
3233.5700418814026 2303.0062679645825
3389.055375021911 3192.8967942891486
3190.53821521322 6212.454401956014
8524.593312584695 1686.214672016635
3094.4188305927933 4482.793431610664
7753.697844565556 920.6202732073776
1924.5969809395058 9591.977931630283
4483.4162484668805 8162.335240774128
997.713698481747 6535.595712598746
3311.4648568198436 2226.8125171072493
4217.571117058003 3197.87167212229
8128.595821763701 665.5600419144924
337.10771791947036 2893.512343556871
5507.727759358153 6169.245575605495
6606.5319742373495 1015.5083985436663
473.64425784092725 7193.490043856516
5886.772338673306 6757.219502212014
5233.405397704336 8878.20993927041
6074.988176760187 6472.7662871756365
3996.436508811244 2958.3273783661925
1518.958644023476 7397.959129225296
8624.588461380583 9553.111813121433
989.7462434358196 9174.69572135179
526.2977009878922 9473.378150132305
5737.111282345184 5904.961984637903
3945.2918761796586 3000.21158976981
4169.729843230962 3306.276753880637
4593.125523794595 9965.85145295849
6782.3461079051185 3948.6181606281357
5436.151128601151 6406.809745668213
6094.569930086975 8523.580462334861
8371.362123593372 5061.262771817078
1571.1048370484436 2629.7063683820234
6511.872932214622 547.1975970610854
8760.77625050549 6653.645682647756
6851.626675877626 5184.758182901616
5221.798126054336 984.9964833766467
7190.2530671512595 8115.681299771994
3193.3062681669167 23.383537779848584
4372.822081705006 8624.6684994989
428.252090469714 6219.535698303108
3135.5742611785163 4381.995560844206
6120.340881576644 9737.824301634286
6147.527334346477 6703.608509218656
8437.766915484379 235.93165034120568
6199.196720041909 7864.415669688255
3819.081116358304 4728.015662222703
913.4883314738396 2.43141897721455
5891.60458881398 9530.946373785644
8840.153057941397 1215.8836462004363
3640.3777758920887 4888.88848888205
3344.021137553734 2082.3534297559
4285.713735101769 8029.710495928119
7308.56090637873 5018.458678127918
6220.005773225901 4127.399987108001
7350.136522962629 9650.559526105926
1309.5080617649223 4927.873836875063
974.6651757606372 9681.405335464431
3884.3990767650694 1641.2678871137987
3907.2037332985797 614.6023476825158
5820.506618813803 2112.0017566996385
7686.323620523277 3138.2327888902573
3258.6519576980786 2248.608157383378
9538.959558689423 3970.9084315296627
712.6543942266994 8228.53124993935
7537.745372482783 4537.995912337293
2584.6077615763074 9088.787728659248
4091.6810291022152 7972.703319869238
436.1282436587888 8971.6003776688
9932.29899890383 6626.171869221902
6756.839476394905 4514.807029313963
8931.33086019163 5522.667512435857
2426.4483897013433 5660.059896258394
1322.1989304271585 2010.4240310018495
5584.3407118895775 7497.521954900486
9196.488685779905 8235.636918779614
4200.699967929328 6673.984919879395
3507.884952702791 1006.5667530942058
3285.7362052738026 8362.01999832452
6239.88174636021 3116.6591190258155
378.6858235288859 8820.993017174595
4879.906661608009 1260.042633293087
9725.825178219044 4176.461132009563
8891.325760036043 8299.72035511253
6386.814514202185 8202.687249707216
9486.124670170326 1838.2243621138284
6401.2709071333975 613.6988390499731
4674.8904648524 6792.45091021061
8102.543456542463 2651.5315211828083
1307.0427767545145 6988.85495087081
2683.2473728496475 8605.990022077734
4613.099888379052 9672.127151108247
9197.183779279912 308.4744353767688
3622.0805729539798 7259.9380743865195
324.8580654117206 6613.109559367179
7750.983249112011 2678.2791578634224
434.88331881839315 1411.6320865002763
5849.603755483536 8176.3911965519665
6741.134755332454 1824.1799505369006
4032.785129943192 2647.2167765825006
7685.598269271323 2866.3432232224795
2743.519161822302 9168.772992118618
69.43555384260503 6113.52980971638
6664.149710677264 2733.7872664592464
7909.867314713507 7666.90877470362
3329.2512723631394 7949.399297563915
1518.048508882105 5070.892617112008
7592.592244699865 7865.677749461538
4873.198830363085 3740.327913258261
9461.910849601822 8031.160072985974
3010.8155144993143 926.259412334236
2239.0680219220117 4375.573175108486
8847.886247009052 9282.345249706479
6389.467018198529 9584.34661598058
635.5910505537388 2689.6964678914983
2113.452524645508 256.48353026584414
7060.0614948462735 4156.118728329013
203.73978943837744 6326.806799368289
6904.345240475751 9326.44259478813
6446.745477165799 4985.55257102437
4139.800652457974 9423.822295943557
9562.019193022948 3642.7352640447143
7332.724477380069 4287.595703021597
6472.8115271815805 361.6603909786908
4332.094026787606 9581.495519721428
1562.1288392834042 5625.416860362526
9346.883651140693 2216.703939468517
8492.46869520569 6302.132475500368
9726.49277818332 4567.454153755961
4153.743278496798 1239.229300742718
4025.4012150673148 1152.5721435418845
4352.7384476336965 8043.867928851759
1263.2455829556366 1114.57077426384
9968.774074669745 2296.2245835223803
3684.0888151108843 6048.596186394155
474.06920021692997 3694.198555158865
1773.7343927935144 5516.741346075857
8953.633885965268 8442.595076230733
811.5097749764133 1928.9386907634198
9058.346139020927 3576.792299653648
2813.0288184496767 2379.8481068970023
9686.194437712418 6850.341508620658
6363.017489518457 7501.858920754748
7610.499240121825 5317.913699779495
9542.362758116551 6427.532769347251
1760.249095784845 6809.453159490067
7921.1283923263445 2550.506389846203
5406.523492708771 1118.35179783223
419.3540645024185 6932.0910978151705
4120.292126491795 1915.91368782421
730.0377931598068 4921.494031149668
8040.721046176503 6156.330921445202
953.7730316974825 6840.802189583504
6729.428852540574 5050.8437118571255
7112.0963058801335 5431.5627878959685
3684.9814465445374 9566.714560073438
3286.6768450549375 1168.0055289155578
5453.226779557231 3846.0945551588434
2274.0549390200517 1512.6481782621815
7192.908714211675 1941.8166261982728
5850.72046904256 1723.2363868467814
2542.323616358001 6831.603741805883
7010.894110945874 2915.6640452719284
681.6109068415687 5799.129658855201
9869.456571435725 7745.7343490038875
7596.600549824736 2959.827181282281
315.04786550477723 5293.312779287808
1723.9624840100144 7961.287908990874
1953.4368214525055 4515.6359167248975
6393.737219117513 9702.55691153519
7398.836836477221 9982.238490425467
2784.152807729745 5293.569872362961
4550.928873835329 4512.164399180591
7464.9577186531305 7415.441352489027
1137.9202681518796 804.8323439026927
8029.334597256231 7744.262009284916
8511.058172730145 8189.129010346188
8800.781913914283 165.51641690154662
7443.582204965006 1211.0036299265469
6150.1812764477345 5133.18724835389
4517.190601001154 3938.0463140179313
9569.594752279416 5717.062419209099
7571.662530050678 7580.229133893226
323.1694907747196 6633.717852795451
2648.365779384297 9309.19675028729
4231.8447982 9871.099376075379
2875.947444103173 7004.194453009462
8947.398339955069 4393.580940429144
1826.59577451884 8060.9266299526025
8932.684749421032 2853.8313924599533
13.827307683085266 370.33691938371913
3288.7548232818654 5239.770498941466
3407.8392437776815 107.51183205378601
2555.8682183095507 7949.3545895660445
7112.041728280685 4066.605638341142
664.2432276020882 6912.878583312872
5674.46599945314 3935.892026387986
7321.712778272143 5071.939641012908
3900.3166115184763 6127.749270585992
4299.285943356224 7776.157823451824
8487.022392747866 3561.589793546647
6311.942292727536 4473.202554028387
1320.7104501032186 5143.445055308791
3490.8117250035943 1444.6283014115368
9853.111829575393 4594.12696610477
7804.224412573928 8279.474836512778
8620.482094995794 2748.5803734141014
208.94208499305677 279.54010667858853
8671.201191149003 6482.25129690413
8799.208883542344 54.68765534511366
8436.290204357612 3016.000571483647
770.0890808890837 4193.505299461261
407.1673968575939 509.2834683812253
2622.887392253077 5084.079562161029
2877.538328375465 4572.036357307437
3714.2761533883286 3711.611410030675
4961.394956913065 5608.899858561724
7987.079623791007 6574.043211537197
6116.678731249975 3755.1188996621277
7519.495945388933 8733.828788432273
8484.237783692399 6571.662195259276
9390.864694994947 5463.4222124334365
1494.2865987695386 9637.802127151217
4285.9162383070725 6944.0243051497155
3397.658865973796 1712.6075024436905
1245.76539299162 4041.569290996516
3646.7161681329953 4232.497304048246
8022.74622216943 8310.893791544595
3380.8575732171553 9570.208203717633
607.5008813965344 6068.4814504309425
8664.153632192592 3701.2382603705087
8670.578780530272 4626.126689229467
2577.7003547566146 6707.018841604901
5897.1185074620325 8592.321592407201
7786.8779822514325 8889.786898978604
5492.016610899252 5525.11343455246
783.764079514836 1182.3178619791163
1494.3197020425014 3159.641466148888
2647.5411398140836 6006.391321959074
5963.397340187995 4935.510760984549
8870.80725956607 8767.061592888147
585.7878489422252 6613.615335163387
2567.2824902322786 765.5102969047589
8800.430894785408 4398.974626023825
1206.4802658028707 1471.4577495160086
1151.3363192655147 4175.601537437506
6913.4884980921215 1816.816628867546
2250.559590903992 2211.3749768323933
4327.087767376688 455.4744769504515
2470.685515910059 5.339019382770704
8027.00946254667 1779.789805836881
1284.8541303013005 9826.805861016352
3621.213683603389 7892.597403398625
2033.6806418180386 2935.096391880787
2726.64804124804 6704.21383627997
9822.259766814932 9470.698763770959
2282.0247857303657 4857.144382525495
5236.7674562819975 7573.082302346921
2898.730483495817 7276.889230986737
6619.001432972632 9407.358712771727
9286.063758796856 4805.454197353523
2748.5324430078085 3471.430871366614
8179.572444541092 7594.874377203227
5955.963656737834 5807.228573341947
5656.341080955891 4721.258084834409
2927.1250267607475 7554.076277734784
6238.654121459 9825.567566976464
6756.857559425087 2659.1998086786994
767.5455456919477 8495.549981002368
9172.370870000217 7499.82524856365
8670.31486889556 5573.941723944837
6269.984133828959 3673.2778843826673
2951.177196367288 9611.26486736042
4595.390384556269 6275.945040062307
3001.7815135610635 7277.245698200219
6946.410936478277 2618.917239312525
1158.4230200717273 2703.080596868486
8888.535140537942 517.5741010314416
3825.341643362844 5447.483949938465
7647.3705734954 1044.338397851785
6938.582522970047 6062.652803702185
4778.453252788536 7948.271738077846
8562.475270485873 81.98588382129834
2813.6977414433795 4822.13804778956
8490.857350139935 9659.59849866858
3945.0978426881343 1537.0179233998294
5867.75711288948 7062.379858515871
5730.1110419723045 3466.505478466958
1047.3191501462009 5748.537432907094
4789.490624193992 586.9751683056102
7180.341179895051 2862.282164759561
4517.160727490266 8667.35910911701
344.8648554551825 1632.5070552792608
6933.051508169423 1451.3265090422444
4430.841619966615 3384.015474875612
1983.6458399554003 986.7134473118333
8443.975888615047 6653.06171069748
9831.309924676325 3071.499963475235
9411.421441853323 5244.66564147689
2972.3195903344545 6162.58998392747
3652.089645742056 7977.367806977096
5384.806894636803 5033.094920806704
2816.901502573802 331.79529709107425
5331.694114922374 4965.785717301393
8809.39850063979 2252.610589350973
6930.002879986768 8334.81925825034
3464.7018949520593 6949.119928694897
3146.7536958077467 3054.8087151737914
4694.88848088751 2698.0203014231674
9493.003349453444 1565.7528703684054
701.4311829229358 3372.4648043849425
3361.394063683737 9774.297014790833
7810.428910416929 3704.8358303924733
8688.912991260306 7686.249161703867
5503.929880369739 2136.310735852606
9425.396944795146 7342.2298972319795
4300.727181570325 7514.513391805025
8149.633713641017 9107.785196523912
8282.588911624272 5871.245191245581
8098.753223390296 4371.246718752487
4266.959280607056 45.49514791705733
7862.915948855614 1267.076452150473
3894.7465436654547 8012.627114612497
8046.146638183188 169.38464488311376
3231.8906021803673 5438.850753850874
8305.479221154366 7389.765752106936
6875.9844536409655 4200.781742995656
1354.4132468397884 8765.546819293702
14.297453234201063 1393.1024787941549
7753.010823830273 9638.999121806984
2397.1296254977224 2693.0354910020305
1605.783585104883 4105.014920865875
2770.503856347676 9858.54801401277
2649.8583422882493 4344.2038799618385
954.7781944915046 4607.903990167828
4639.727150425916 360.3196526382357
7460.844574517572 161.39198745622642
3421.225836847416 1505.3774616008864
7303.150988099553 7321.7465566964165
636.2045720683341 3802.7776771455246
5498.867551796208 4128.001414313039
610.6881556058386 1268.2029564342101
6635.095168472916 6838.198312239785
8653.147023073017 5180.011596553118
9841.087362327287 5279.593197568711
8725.835053729308 2565.300379992664
3520.044332655613 7450.6937528439685
7250.968161544543 4044.76380178834
1275.1045758306211 6667.671217603562
7674.857279813488 1618.9312258959387
1606.7485699809035 9518.393065234419
7336.927337056986 8980.315946192592
9163.899726351896 4420.520454330909
4176.888317337819 500.4619639229635
4598.587503424034 8675.82476204433
5862.152553415661 167.8283696686045
3404.1189529967533 6571.075606406972
8028.91282427338 8441.906043891882
1509.2789319088151 2296.556456702552
1504.1376767305526 3240.9104092830044
6856.159179901491 9236.472321565265
612.0543412760227 1094.8516346458648
1706.7957278183676 1531.2060829853858
5967.525881812752 5872.734059653323
3.8690845957811693 4719.597385019795
5520.057558357938 5432.089964286194
7753.30293615516 9740.107242594042
7035.990771111578 1041.0058678873513
2101.6752866316333 8602.946352518838
3692.773612649608 487.2567808611583
6548.9281021296765 640.9391231169326
2008.0294688836875 3416.106173642727
5566.9503781630565 5405.104900487786
7937.462738569849 6627.798744914104
1787.17684812867 1991.636532383696
2649.4800933873353 7817.709461487534
2875.429769659016 4870.164242488023
4220.727585893268 8556.57749661661
3229.806652336512 3128.88892694821
5295.572768892479 1185.2008220885002
7717.494493974799 3460.382935622578
9613.8893663645 9737.423581419178
808.9712224896417 7182.544055213303
2235.33276428179 2007.196999495332
4673.130443737268 8122.4101199812985
9274.617387633682 8439.954094532466
4064.447299450521 1286.226657556353
3011.141567271971 3655.486350495527
4163.37678942656 1897.3779699021466
7347.626742865768 8098.964365526345
9923.758295737867 604.4853852768617
6766.273512454995 568.701483220424
1936.0762137780741 3445.182050925816
9167.25657744329 7183.707468853978
4333.004145007987 4496.781882498087
9273.2181680312 8731.034952169115
4843.739486369895 5053.2553495635375
4644.739156260993 6272.375383361061
5746.21303422264 5638.631840082571
775.6008095216393 4391.311553313565
7171.33604544403 6200.154744261084
5222.9755057932325 2527.090445686857
981.0255120854006 5420.211444152971
3276.514687104495 7467.729310085088
4271.825420506579 2244.268143370404
9281.627332891898 4264.724422390031
6448.524335801934 1442.7440201670538
8406.07629727587 8583.583215446191
2767.239002086822 307.95606662293864
3375.3391318506287 818.8537712000776
265.0225614029023 5432.976048307313
9501.017887020409 1179.280468086641
9073.125874613303 6927.4407387934125
9187.902640384667 5388.1647654429025
3253.6213770397935 2396.0568295934313
4029.1268365701294 2645.9649187322666
504.1778067223013 4538.754609402995
8585.17643847503 1066.6230870116
9343.3516001027 4327.133884204476
4991.347862570461 926.0580489950487
5718.839440858763 6370.0615906680805
1649.5723291856823 2750.7170170768413
8373.71056108773 4301.976796797124
2434.357911249293 5526.0333791891335
3760.724513432162 1810.6613629216095
5078.922711012753 119.08905342533971
6812.406879452804 9266.94255888229
8706.42752273964 4386.733639198086
3454.643476835084 6826.992051369979
832.5387182292909 9379.86724428914
4394.125524941746 2348.5926643548505
3589.3809948433363 556.5439480335133
7415.058809732856 6495.942591987927
7407.274456371681 3981.009651943943
7188.127085225738 8003.277466930427
7939.466668694776 5112.736222129081
7424.779868937124 9225.785247537035
8626.409269999633 6978.9740555030385
102.4904295924023 5826.998130089744
6969.952421326912 5276.291576004899
441.70887540593395 4735.045775492168
7324.157036882323 261.02503958636447
4332.815148223176 1345.85966662776
6808.255824953401 9165.520331188853
6991.451452305143 359.61805807696476
3808.621205770956 8316.491248843524
7763.194223387932 4607.427410064826
460.4245795097295 1133.7851304311919
6203.603978225958 2758.4386845359545
1486.0033053116174 6752.285625562528
8827.268469220115 9893.29810533712
1815.7758587033645 4136.646251558264
4249.530651952796 4588.035671919207
4528.877308265193 8248.000292756016
6837.178337302008 2373.2019098313085
8824.511442714462 8073.7352885539885
5439.440967254348 8216.258991397459
4971.347189837176 1145.8906135902357
4288.222911089796 20.94239436134182
9481.117203291331 5550.674282558182
7736.582803772005 1045.5096940868302
9113.893880302257 8371.057183822126
9147.038035623587 1612.491952739451
6746.363292841613 9006.352207317406
6946.361757972737 9515.778507150728
5620.728280174261 6877.142299766542
7631.110036568789 4126.55142317279
1040.7129327110697 5650.868515702645
6338.199610560587 1357.8064473271368
192.46197703015056 312.8507760460397
487.4330262262627 5367.8887224345535
1441.9574188496497 9159.459004590744
957.9448639938726 8166.679291224329
4196.907787384521 104.60934596528193
8278.12483494737 133.76954287196872
9219.885016539323 9567.715865392325
8388.646979903544 2866.1698651435363
7140.821390194243 2650.6744442566896
3680.8139614338606 743.7891762529481
9840.799648749806 5313.414569819854
217.50806962364422 9134.14081333548
5365.40012419743 2822.0053617542108
1311.6080355045601 5253.421122216999
2074.7008495927766 3870.2572975102335
966.8232951003264 2359.3163685254513
1848.3465648818642 6465.209666015387
8078.459688581691 9171.594600070202
5337.937236656197 9918.851590065884
3746.7239569077547 4199.7425636422
4495.314070874155 7102.878249977643
9572.73905888008 9002.612076835725
8904.145197206777 2500.2295422861143
4387.532663992215 5313.2410558240335
2803.5443742363864 4526.621149499898
506.8272619301739 8432.720196898359
9116.287202710568 5097.225395588873
8309.5488087037 3330.175778119986
5280.508220479595 5478.1130727193695
9705.543108156122 481.6476848461482
3232.60137215389 5089.0215382604965
6888.0690478705 5638.838409523317
2500.3662108324143 9113.467456172666
2659.214641425076 1439.4186149586174
1039.2740909114073 1524.1754876212922
2571.463025132877 9053.770612156497
3181.057350801365 2446.2462769775093
7146.209493922481 4908.760951938141
7862.648572242242 2657.4419565638873
4510.112239040936 937.3331240642735
3164.8310419507907 3464.4204872164687
9932.735407752072 6773.414211479823
5113.783030806075 7195.700120860626
8954.024021988354 8844.833472452061
9685.033224688581 2116.5937387428744
5057.723353993458 4412.655027689336
6998.168300542105 5698.300562225939
1176.9384437592912 8263.526344633996
5801.960993375374 1862.800166730988
6710.607058307578 5982.351404984023
4523.421919064067 1077.1432701286876
8184.732579673695 515.7987540569064
2390.5963170375667 6985.190762835706
2209.809352166173 8082.856171342285
437.7651581529196 9641.800506788153
3965.942415799948 5396.851579972941
7563.0311753450815 3353.920074859389
3089.750425394242 2634.0552534139215
1232.100544041037 6634.993906691893
1542.2101839813297 5617.191480772268
5908.400480081247 2843.5442620182007
4804.187877560978 6277.880768815793
4838.50029587724 2703.7440109117215
8576.470917140134 2620.2443870195557
2433.129205807091 4095.246638548085
8053.702824344321 8128.603140515192
5157.917638131052 251.49736072506036
5796.6910094949 5845.403754641774
8584.310919511268 4820.197785935077
7245.144117072956 4191.213942258809
7049.935960179669 1116.5507664282504
9992.970411486223 6.8256038748892855
239.02942286013862 3339.369570259717
4090.8427709025464 9268.211370269695
7917.363830028325 9522.080185529057
5845.823404715003 7458.283151887987
42.43317175282812 9555.108580318325
6855.409479393895 9675.102061826872
4518.494188168814 6743.088685304333
3343.4462339272795 5214.394331291064
8977.379476707983 8049.786758389011
8257.927832490434 2584.9316774906406
6139.834908962966 6435.586958880368
45.78765893665682 8698.532990788284
4548.455988118702 8506.838390089653
7537.354998075698 322.1552108733961
7762.126894887478 2073.316026944497
9953.234503314538 6787.736846665519
5463.197587489457 1149.499064527334
4688.9441977416855 426.16219943384823
9352.45920070688 437.3287979951557
3237.7225257921004 5224.926185123607
5193.305369127579 7392.555100634238
7379.498129245542 4804.7654905144545
9915.29832148652 7603.737809558961
3594.0874479190998 7968.744223477823
9298.685013839297 8402.420019464962
3549.270124977102 3797.9704497334997
7435.236596658175 6374.946493834268
2469.466985464029 8551.331267589778
3897.113101748032 6760.847973960559
5208.321379350846 3472.3340855155084
8344.281408904339 6599.673599869763
1928.5687916065508 6014.346628290335
5162.348293255906 8927.596916158167
1435.1503638925312 6966.227475098529
2646.4896085331557 2327.0837198950003
412.6128497267367 2493.5500616307327
2233.495105702317 8697.355213147639
1085.403880521173 3206.3143185632525
3332.7651913255486 2240.3379477539675
8149.76478846396 2022.2560251682041
8418.436246165042 4346.243523178555
8218.4843071747 8815.55714357736
1218.6284603226304 2314.874413308968
1474.870668506736 2623.9699074201194
8074.1447297306195 4663.20378057388
5749.864944971548 1533.0651049871324
8837.774625029133 2146.733987364583
7816.305317943805 6264.524514581921
9046.687943883344 1561.5879204175221
5336.925264341711 5966.094827443937
9524.2271627745 8896.241869554477
5607.748267410626 3734.0250030673983
3053.7373470312555 9466.261544433302
4006.120119987867 4994.516968598906
315.9048642828721 5292.3581930724495
5882.698542297719 4028.913910949852
8892.394248184888 4171.529571087171
529.2937635346407 2648.06121765211
9812.412284036162 643.0105193588653
4809.541096656323 304.4742371232634
5855.1473674639265 6365.202871126265
7056.951457127908 6776.652034260557
4619.865290418245 6296.719046943883
8924.977859701337 6968.0769313498
7236.770463779188 7514.111963011172
4016.302571580246 2334.1474700622457
515.5658320670531 9500.830462296643
7323.635508994761 4983.488881367634
6314.977741021807 8306.385800879529
8781.88670572574 8595.794644419311
6965.338285974817 2101.6676060973596
7561.661525599293 4956.552901126003
9687.643456461903 2345.804635223713
1126.593953865428 6129.712503003977
6126.3383000136 3031.9140865311447
4532.124296069789 72.55260257182927
5349.403517194427 293.54132813631526
960.8952538091442 1842.7161013825987
9968.149252141213 6030.540044445
4070.0247187529235 3455.5741765954886
5390.449288130542 2152.6012208932157
6368.090440622158 2920.7937127737437
1644.9758233542943 6540.585892286828
5544.736047838212 7020.176549949721
5700.325213390378 7890.276798373088
2443.3926952972074 2984.5501825717456
9751.749881149482 4230.113882452427
197.68338143846265 1385.6860415685912
7559.544870438034 9093.926577530921
3944.6560448848145 6279.929095410394
6596.959139134931 81.64291134895474
4483.073939207397 8923.423483327624
8501.83638826242 6855.390813639886
7262.561250541253 8224.52352657367
4125.012969989252 9495.375297213768
169.49184545244077 4507.179258119774
2329.83102938097 3579.359039454578
9718.073222032146 3129.7933824520496
3620.955613892677 5351.531012502929
5460.170425895603 1037.2474240379959
667.0047493827003 8910.999572318373
6694.980005238838 2419.4956000783973
7830.3410851217295 7477.100567579856
3889.7522322675736 9308.333408963601
928.6892905024857 2478.1633966647123
9615.328939897154 9164.645135936173
6627.082626635454 7462.330014861692
255.3525596027595 4291.643985659585
8094.9622504139725 8643.477995858893
265.56936356336934 7255.314280672658
9862.086321478653 272.24859960157335
5339.736148879749 2401.4758743132447
168.2293299717652 961.6376548715133
9481.215894415154 6029.587410346075
3525.485212603077 6598.554240097926
3684.4205301949496 6816.613545272408
9698.311553851552 6537.211544677194
697.8466607712696 3679.9807224960678
7855.283614437862 2397.1665439451162
1170.5193498983779 426.8496631932017
6257.850742324619 2978.2714160039636
1376.2438789210353 5257.639969847076
8525.224615048843 4556.763064657208
1665.137274234193 8474.93807479139
7250.84297337737 3141.1617779488574
7809.495841013173 3594.6296887417907
4544.695742130282 4143.60783472691
4491.128546316252 5464.296879234539
6937.11666617358 5361.7169967883
1319.8662989846932 3964.625072469092
9003.480054721595 1167.9867618643668
6978.033098661267 3402.7681306058143
6055.563609459663 9368.242900586632
6353.248741657506 5802.32050812428
1294.1717317119028 7317.562873285607
8852.001180522757 952.7522330172378
6928.939044370074 571.5730618783876
3479.016393860831 7301.865107602119
1945.0627484727756 5602.961896975958
7722.520625765771 5558.024844401972
1433.040242820196 7927.512352138694
2803.078207643893 1214.6408159824873
3696.3171049787825 8360.902133373733
7423.757049973359 3117.551741860235
1713.0782753334984 3066.981144067046
5801.958156442102 2666.692459333614
4952.242996552297 7560.181416079479
3468.322816158268 2276.6131153728784
6030.054123123908 889.1729789162562
6085.705196534767 2316.123899582404
4242.4767828889835 3855.831762274808
2371.2828971024724 2905.5502840656723
4619.95330673948 4313.034679049282
2097.449344012405 670.7730112381238
6824.889071994591 3336.756374101284
4102.214591285139 836.4465253557274
2948.5681744315893 8382.388055949217
7257.417266561963 1886.4767418924832
7063.029978439163 3412.161007293666
9423.129741962242 3428.055085668903
2244.7653753169807 1419.998990115524
5559.215462213229 7866.2405359043205
2710.918731658648 1782.0901214870578
6370.075149759724 3029.287180646729
9695.006244886581 3425.909233275658
3126.1997142669907 5980.622116593242
9737.998791529364 4937.3839263115915
2636.2215419769896 7911.5708928633185
3181.9347222019946 4415.345873559322
8735.737776961094 6229.644874925875
8827.063423427884 5134.365173072265
3114.2541812593927 2740.3959356391606
7949.846263280632 7891.515245896805
8819.18018129888 6166.552275629417
7177.968643170849 7289.5714335985385
4355.8782335513215 3156.3551164664714
5079.8479741678475 7148.599730061505
4945.353640682557 4403.71279176908
1749.9454130872361 9739.842535625165
206.2498173201899 1535.995158953015
4157.52454578411 4600.265336205208
4295.384420689576 6020.995644915005
2575.3207725544034 5313.077629690166
5371.14890870097 3502.789579444209
5015.920139539815 6828.996210626234
6136.6695053958165 5696.919485860478
7277.466117243959 1654.9735685681899
6174.699883650964 7258.545904701395
5936.65281746247 551.5643341480336
9803.804787228844 6882.896006650544
425.7777655545891 2257.0570625684018
265.46026760699834 305.560895371586
8191.967866032797 7195.952855528342
2194.2846109821326 7840.874716702187
3860.5088460417815 2131.324005348664
9528.684144287008 629.8346460162429
9310.548768142859 6285.039171608112
5286.782569525754 7864.703795723598
6620.261444117677 4576.796272906817
2962.574908169504 1915.6565558821292
9949.894929087526 322.3540359519339
6689.830042512862 9505.520185253663
5604.951857849076 7983.31140205755
8776.340890344469 4861.876052838573
1758.0779819624959 6375.229587717526
8728.701109018695 5121.479733709865
607.0633400506953 4117.8556745730975
7467.863848403396 9170.171139169994
6107.691962362049 2050.645802477673
4078.3183137547153 8572.14033324829
9843.995823740399 1838.7535546046574
138.79496764910405 3275.6248849331905
6084.808060162655 6059.090566412142
8449.99216462554 5377.811918062012
4624.327827717395 2683.026315242759
8804.89067397303 1389.9259923062912
6615.746034535972 6061.745185272967
3339.805488509987 7164.1839527415505
4280.802199998487 7272.231535234761
7959.3985098380745 9927.502141028564
114.4767997734486 8996.30672974453
4346.4554485281315 8712.544354829455
5002.847096077252 3982.097121281574
9147.309173510834 7884.902014840553
7533.465511351262 1576.7613382817935
3066.3671063904662 8435.901001733382
8701.446010409625 3821.2623564956693
2808.283706382535 8243.734495506336
7200.77182048616 1162.4201025655511
3073.8888743995053 5601.31939360069
539.1692266662341 7964.435979657961
4146.071555993533 9967.483383018956
6326.215211000633 9691.529645001281
2994.3850072986024 118.78903792920892
6258.178791521423 6885.287744663343
2282.229021141318 2662.5035208676118
2559.422459277019 5874.770578022386
2178.033615893177 3216.9302648720764
2939.0190049902776 2534.382198193763
4451.952242064926 8473.515567380586
5482.565354636379 3343.956774188288
6982.148109353956 9825.854113517098
9323.006245717155 7507.471348526049
9499.837594847028 8283.91043292308
420.6049013578839 4951.247072216225
8169.829281528703 5987.488711732064
4331.029900709561 7649.452951856589
7433.380449276891 1791.1742909704587
9451.8521513313 5914.1809323269035
2432.7643835501276 7113.683225234558
4911.576802310606 7039.312802683626
4292.02701196066 3527.75106879473
7001.659280855132 1001.8539128737991
3545.9834528044876 5412.403618041541
6850.790718386459 6801.3603623324825
4089.5885002885966 9397.648035872522
9902.052327171685 3457.541426898211
1162.386632845368 7302.330033358556
4677.383247329732 1688.0699281825716
2087.8337846560435 799.1047485136893
4300.119868803858 5853.086874097286
7754.853275857807 4136.172495755443
9295.20222493139 879.8425636401786
6159.070713123259 5903.632086405864
4297.967798686262 5570.36357542259
6713.749318972041 2053.0119869735686
4476.277496494994 1946.997191619788
5495.528158091507 161.73545559221458
9707.056187788978 105.12489216289889
7107.638585131453 9279.985607868226
5847.148894647177 9419.307189165
8423.355183162479 605.63671668734
2799.725333488504 9888.554713443626
3115.0191936797746 1703.6213142092959
8501.296499735576 1908.3936426866521
3579.042738741701 1019.3043679943936
6440.729598087446 8821.830533328171
8634.888421692114 31.142354454137823
1870.480034924865 4228.28601351373
1206.0889784187657 7546.106020787746
8481.586951301335 5219.011972005866
83.95772275553215 4362.046971721582
2987.8020339583145 3459.4660671004685
3829.7129341327873 6804.396198197133
9800.559022318037 8353.566142687929
2888.3205736714735 4490.2804433429765
1775.3073706425437 401.7038039284682
8067.4345874178925 1081.3499931847393
5871.073673067464 8303.844581341262
9677.396271396077 6757.310310131377
4488.931925377753 361.00236303429955
1833.330619591299 7675.357479696298
4241.40169455739 9292.821278236363
687.9522761848878 776.4168768558155
3953.611264157579 9715.958624544683
3693.779482336227 1957.2894869834745
2808.401649569856 9217.407198991405
9386.023976427032 1848.512890799807
7721.364415040835 7208.858493806455
3632.5091693615564 6220.948066556687
6268.144687091366 562.6519516758788
8814.54348633793 7389.8030642807
7785.161903885734 1406.8144130572969
6982.757828817562 8893.013528364323
626.2305950565461 396.1456779758632
6674.486889758212 8191.596975479999
7981.394549959177 8278.258495288976
5784.362459794812 1172.8030892910513
8150.610418551366 9637.933687629444
9647.355192012432 7832.589664245768
7713.751661671082 5330.107394416752
4323.58575807975 672.1486147286382
7649.724898398806 4301.256392593727
9966.801447813286 6063.917422246956
3131.323866447593 1250.9053773667688
8113.495236906941 4125.710656980338
7458.77353573243 3899.42653861132
9747.215825392035 4487.307340971682
9393.741375661548 2505.2637238518296
8072.707146573117 3742.0402200599788
1016.9267412304373 4714.157110201588
1077.079510218939 5346.627744420306
156.1616520353504 824.9056761621887
4160.306114903355 4265.698376595248
7418.290584703389 8120.65183223875
2384.9044984065804 6753.156952398241
2906.9173549403936 8041.630072852778
5224.754299033185 320.7491152040221
1819.4426386784824 6664.7706755666595
4085.565787317397 164.87787378832385
1290.639052548861 7207.5066884495955
4324.6034291885935 6105.935916582262
3086.3428437381344 3087.5826623413473
9014.843982043727 8440.114609109043
8049.662458674943 1447.6163385508644
1278.8194371083905 2011.8566171084663
8563.441838063436 9992.620837242775
5659.987283973297 5285.82340461581
4716.536247883217 4490.645568696038
6704.534167377967 5230.447132709008
8347.790455422843 351.1465593462793
4694.106931300745 9420.847059199998
6690.438642079318 9322.652190127912
4300.038409173106 3927.085994086119
3950.9676931560466 1540.7420786144378
1822.2173673780983 9274.449671197106
4830.320535794186 3909.310959280289
630.823519619681 7045.636450034777
8731.63986959591 8112.539520375378
2446.735430282212 6540.441645922647
7197.5822357899015 5431.953950482908
4176.489229029172 4316.732651026384
9981.560151345562 982.3996538127733
6160.249466963043 9407.206561134886
7081.099570541653 6982.7172283960645
7896.328550000328 3539.627489349394
5047.824373603191 3241.354453792209
1573.3716967753119 8783.947038306187
5937.4123311825415 3164.1060599866646
2071.400153583728 4707.910619641525
6374.192855492287 5280.623777311158
4485.485696332889 3343.4554799550797
2378.8840194373774 3538.292135203276
6680.904424411794 3049.4132675282126
2844.2948041421014 4426.520536426237
4906.202255982661 1701.7280875194606
842.6507070095901 5371.453769563223
5070.672291392314 5550.608275696179
7309.521358691595 6780.555657520492
935.3358523662403 2554.7306277262737
6073.165225232585 9618.474718477662
3171.58192828091 8035.820430494812
2684.4264756648686 1460.0557931540536
9.213720767560218 6092.631605223263
2051.155309013524 6593.308776731571
1025.7139853524666 2371.559020167132
1492.4438675596807 9934.606342959612
521.1311873250513 2511.811681957159
6501.803627514404 270.3285496594221
5878.058881865025 5866.2844640533685
6244.7343532196965 5653.631930262206
9323.763233149677 5944.965820627775
4614.964972837159 2661.966985043783
8591.588087134842 7435.922677502464
534.9750355817129 1660.427710448602
3121.348856153946 4629.607961277839
8110.23129587244 2217.965209400222
7643.502398375491 7605.438192270678
