607
4040.510461547824 5105.923716206115
4397.510049813578 1770.2763195650361
2230.931187146756 5299.322038372561
1151.3208208936244 6852.442918140623
2991.5135327475327 5765.275135654182
3082.196202511377 1722.1742970805165
3128.4785790253454 3299.2356332528316
8811.812856941733 4245.398100349524
1567.8399759053773 8300.191511089031
7706.757273776355 6516.130057247301
4603.658654881776 5744.802510846792
5328.33490337705 2972.817122304505
5324.813570019435 1902.6280432962262
8889.294105011959 6940.858555328357
8811.164964964162 6491.236788677209
9996.820168076203 5090.1396300566885
832.5763298472788 9940.693570022533
3884.990310373977 6298.3566685411915
7989.326780559687 1970.1215653244187
5326.197991001417 9975.376228266518
1500.0334060989328 774.7384034734984
1459.8937340077755 9030.812157742861
5173.275785646595 1779.973442725713
888.3104546492948 4356.4691205668905
491.6950254770791 1139.9701444891375
6562.671281810648 947.2444701759242
8192.416428885172 1940.988006501646
7219.7088824143775 598.5410787655098
6245.226038652223 415.9109704949826
8427.149269742136 2495.1901446277193
8710.006499348387 5384.286336543871
9658.142534528404 946.3438817375746
8597.515618664413 6603.007398381199
8238.45400115554 9022.742637376019
562.6704708882313 6745.967160144364
4496.551699477535 7917.220084321856
6027.080583565684 7326.706242924438
4995.561213400597 4476.26298105798
4157.645696533298 1036.2844963832429
2337.379055180401 3539.8894805886803
7020.614364254184 1689.3096345502956
703.071862885366 7479.071914399291
6185.584668365909 8254.257117688574
6030.010827276963 2634.374047287057
1071.4921855876958 1289.9193152781563
8525.021920271822 1236.4338599701296
6406.721247383938 8518.026771558934
3074.159756165915 7828.37116721756
7318.049622628145 1232.7855353378825
33.541186301594415 1212.1503169448222
5768.210593244789 4781.276182227903
4872.002964762539 6505.392718134293
1329.4418963551425 4444.37129084078
185.17438786180728 7022.069544258922
2610.461948773346 2706.0171442445135
7711.88800521343 2379.9766231729027
3046.8993570666157 5119.44491531432
1157.6741258636225 7489.829579599946
6220.271103404935 9762.065315684304
2866.417866860036 6895.2865857628085
1388.1916607051915 9616.51377713979
8680.081691258256 310.1434812822623
9488.567443614178 8123.511054389492
5687.728894239667 8138.41323603735
3523.1110944393795 5622.910233057222
6988.905544280481 264.94331690173124
4930.588747494285 8432.499999226502
6082.773664014629 7468.687121787796
9327.790164441429 2909.8447504451465
1043.210716529598 2437.690668233481
826.2933416254281 4000.6356454858037
5251.42075796138 6554.316398445893
4025.6645727431705 1497.7374230452967
7131.432730773951 9371.170548797469
6738.826577192865 7518.3167968484
6070.18459849744 12.663450936991616
4522.892300269151 5552.138247985685
5502.726690385782 3614.0770250958453
168.84848677864107 4842.321621503313
7004.398252453437 1349.4703961619991
7446.0468519683345 3830.5534237424476
1155.6662508795912 9601.70840652225
8602.541590444249 2931.9518653926334
1931.6397618648173 2392.3488165372873
9389.889495185007 0.48528017903337606
1417.101858862091 1316.0787303251243
3711.104445929447 1504.0481306046404
759.2282602518685 8913.842853786937
2383.0401118120803 8649.002131727697
1443.9946845004615 4670.760798921981
6959.550135101984 477.1914855250747
8218.596484354848 7639.381236933874
79.35425208225544 5304.14782552022
1281.0354092995658 6065.775766091156
8382.616697093743 7775.39955805225
719.3592925541659 2335.4296833642497
2682.8213166744586 1288.5054128876604
606.8616875916455 1057.8359611702926
2785.60594354327 4561.635433224154
3645.884278401751 9173.155000080684
1113.7964468800299 6725.225982634786
9801.686945302014 9591.257959444882
127.96027408336408 7471.43549490645
3979.1816318019646 4062.9152297451665
3424.375610582213 7516.835966921888
8469.153663842018 6734.858622826352
9347.391468802125 9916.973564314028
5626.922689029444 7154.8867960982
8970.73190271728 4617.136267839604
5045.221055977998 370.1422528121379
7382.375322647071 7031.872317892445
7344.401269384208 2201.1424718143267
8350.21994026763 6416.502417690141
3626.9030382422675 9776.095975669772
7650.820361553659 1327.0730043383794
5629.250443421066 974.4919429445042
9611.064060775214 7560.903367891438
6653.6660342058785 1555.9036625058097
4742.728305063922 8628.078541104753
7472.725775815599 5439.397079371928
3742.4423453262166 24.946554895773907
4574.301395592094 1850.8918533771234
4584.653993675914 6363.88004159419
350.3686563792674 2870.2751010420825
4952.777779152812 4759.264528359335
6132.0835401722115 6287.018211622808
1833.7823711838942 8777.881480857428
9334.862922954237 1612.5031650039246
3744.051029494534 4732.554589750374
5401.026879789176 1599.2181382425986
8759.429122662807 6131.132923529374
3713.8950369392487 7681.43286915721
3289.945483312786 2688.58531102217
4206.052711956414 5378.91865688973
2369.782781874451 7468.1869473136185
7995.831983752604 4894.732891608647
2125.6374598791385 9438.479369881621
1059.8822031153597 2890.0357208447945
9041.698410521742 9015.888164207472
4686.030660756432 3733.3677399912444
8657.045891615428 1008.5891789829416
249.46373127268663 2398.7627859397944
8411.353585076922 2785.4114413537977
8716.586740966457 6626.526731830195
5497.350737421789 5464.27496909467
7204.747959385893 2962.4688124557397
783.584318696503 2447.858351182669
5912.34102190235 9855.816768245124
4138.5958374809825 2729.898748831435
8782.627326374317 1123.0128694107254
4817.706960083027 6053.72693118851
375.9517694435266 4774.028030183068
2966.1859953157655 3225.346110678667
9598.845504014622 5449.79179062828
4747.6445163703065 7666.563910476702
8174.847266249385 3533.7904063028845
4124.093772570243 3639.3899764539583
8040.694922208125 377.83036568293295
8894.165602560577 2481.1173891517346
7212.871023416545 7021.427770048759
7238.584366681678 660.2065382997147
8093.313647826084 3286.2289504908595
3727.0503667709245 2496.2953278848076
5669.431406240487 5191.32590337675
508.2763665936407 5983.358456926288
5612.390853429384 1262.2802903225183
234.99658570640514 2313.249249343254
3888.969101329647 2496.1251334796953
2168.3450430434327 8417.553561543473
176.09879208549506 6496.565895151003
1861.0767778443383 7128.890073441625
7103.553803410317 3608.051617329332
7836.68678813858 1408.4983600304713
6149.058204899136 1754.3493480484506
5761.559156218158 7495.153029405207
8871.42407061105 7126.697520817064
1749.8509882262515 6801.151549044213
9091.155300996947 9868.573682794578
1645.9061740117563 7914.320578262577
7614.281950082355 7468.5646978644845
2396.5569761949455 8160.694522936104
6144.016715041961 3699.777603706489
4955.76281430042 8840.717979077974
1136.1543110835992 7633.6841279418395
5556.6061470084 9472.530851205449
1527.9609545472072 5508.245953998265
3640.74457735322 4159.094679371037
6506.634499049674 8044.620874488166
253.00084764077414 7541.625539377742
782.2335616280918 7183.700041465364
288.8415636638664 8709.999532017966
5191.3163222751455 9153.182559618357
5625.085415125307 8911.498054692807
9881.342787829368 5277.84821969135
3869.248680630718 2932.46979910998
5812.234059234262 8010.137019791522
9230.520005309994 4623.181198089696
7860.3051673347045 7285.102855112593
7845.435614338132 4194.338294278643
9421.11669837841 1493.2579573898097
9783.898190189953 8634.45809023979
4081.6162225727426 8116.779831307525
3916.267711946915 6880.478251434921
4668.2761333997005 1389.0061155271771
9839.824703357071 8219.690619713716
3776.7542719173343 8214.091861746738
3142.991043617057 5809.292730123101
2749.934471064226 9023.163077403737
6428.2622997798535 7170.549907399967
7995.036969338398 7245.248111585985
8719.895546185317 47.765686744881684
4516.808013935279 9635.724844996157
149.96269384374594 5117.964295929236
6592.635788986292 9831.972666337064
7146.466760806024 6695.383831534713
4626.7580669791005 9195.372968951984
5739.792106486766 8795.594002612035
5394.565327851274 2250.7547205277056
7058.83790610928 6707.242749757217
124.32128749604976 8848.832843169952
9605.764820738812 3565.1480191493956
1162.459121486109 1554.1432477028516
7478.358685043617 7326.651845931624
3329.9335271658415 4700.43090096389
2351.5983312375065 6023.853216188104
500.9428109630909 1057.396119151992
9735.0890651844 8197.547044699846
1421.656830911746 3117.166063239325
6790.6004322909275 1014.3898203699575
1335.4201558496436 8635.800679545913
9824.0327170415 727.0260306605802
7592.225404017527 4254.606207004929
4458.701755554247 8857.604786568407
8094.080868728627 6777.9740332339925
451.92304401329267 2768.319803663445
1164.2213297890626 8998.921055840203
6134.446858605458 1128.3173074678864
4226.946436599755 5840.458037728583
4532.372390701198 3194.507508775888
6546.190857305502 7020.366805495657
4373.756257900147 5794.525822510823
8194.76297919407 4448.920759900571
4387.1978847724395 3433.29465041041
3412.518076522124 6133.532768659872
8567.27004869886 5040.331587931491
1560.5560429391696 3491.27588963973
3411.7381498697373 5533.16202235386
2989.8647886130047 5659.662595354818
5528.088560185087 1592.891224639742
316.6588392987335 2648.0355172884274
9461.969799901457 8831.197789088315
7832.988992973125 8986.364450813151
1117.7194217686992 1873.7093568660678
3080.026665555666 905.2045658527142
1721.2395168328399 9792.92936337108
4972.758770889246 3020.0205466305265
918.0470103335125 6794.584130860062
2288.6504323727263 4995.034146944438
5304.422186933779 2094.4619275278496
4819.168548375352 4726.209736494352
457.1332818947826 3518.5202283265958
7031.879875531578 2209.940566836525
357.3188859469822 6517.241510025261
702.1729535600729 7453.454689869139
7996.664690826594 4005.91806607247
8647.472281910563 6534.910306323095
4909.106305719101 2725.7514764336674
6433.152180161824 2235.6078764805043
5388.857850909454 8666.355659193001
2718.1755934686103 9543.693900970462
3235.649848136729 7498.455354457347
1769.8180374688022 1768.1867573908937
5010.634096503885 5936.272658835147
3600.6617938013705 4.110461061002102
3991.4947356246666 6482.301483159701
8167.375566935059 7253.971595945211
3282.878950861584 1102.8702851518512
119.62026060086117 8637.768663542342
4868.345203379985 9041.096967136838
9698.752460547816 813.1796371406974
3782.5953932812586 194.54106232673408
3559.824529893112 6979.520367348458
3037.8463461167103 8268.068288412223
6526.707063257933 8653.525864949586
5455.7658145336045 7258.13633933674
1588.987147274109 1781.9569312360272
3136.4796530701346 732.9188135206388
810.6303983783603 2695.484458677907
3938.735501070264 5843.3906442325215
4244.210315071455 8910.26416198522
7050.385239413639 3033.693470502544
7430.8520296669585 848.0619774528319
6495.927098517388 8014.8092909822035
614.8500653900779 3172.743364405084
2257.924266528657 4723.769699468005
4413.263187341806 8630.397958543856
3581.7020987182777 6711.335380931897
7354.602487533309 3032.3167306726727
7987.791504542587 9684.27861845777
437.0706225298726 7334.500605848947
2534.179769401251 9774.107758829216
2655.6272810660166 1644.3240189054343
950.4935412320737 512.2766258477474
9308.49230771714 6424.434818872881
1408.827261057184 6462.6215206089955
1817.5194726911425 8165.927640908915
4901.003559281925 2994.9744357625086
3783.2077771488625 367.2710580927496
3459.6310865854675 9779.604793555844
3043.9410664334323 5782.435865714135
790.404386200978 240.33937190152898
3620.376236404752 2591.111030439165
5275.666315996053 424.9243546181891
4599.729053237129 5395.857757073798
6764.334985716149 8534.381716039888
5251.034713557172 1765.4998083752505
4080.8718190811555 698.8313487969
6961.286706594087 6421.001265165212
9766.048891196288 9495.438179892308
2943.68796552681 8099.539546738051
2204.847078780434 9174.859896900494
6093.075260861284 8634.429357267825
3001.901910595456 5595.764414189359
3849.9041256774335 9853.013889283833
9232.482260914481 9462.693356362945
6483.016102633855 1521.5828509483931
6027.077379949855 8620.752082346311
1812.7271357119612 2755.8397937238065
4840.232667167901 8881.306777585143
5069.616921048152 67.38699519007186
6709.36413424962 3136.0756325451002
7320.718085266289 7531.155196639518
7826.852311734841 5362.7008410366625
9693.633362991244 8435.650835527496
6828.797484376479 9533.092267731121
3490.442090198577 3217.35827848896
9346.396779932778 3406.540958479514
8207.0800116204 5482.5727578396145
5570.978443434298 3722.7960005144155
460.2064999768962 6484.408314714529
851.3113757961321 2406.00870241764
6872.402159663163 8549.665195670083
7671.881565669319 3048.646982796944
3077.868033738442 9639.70245755364
9753.411215182623 3165.185133092584
9184.621525349317 4481.411821221159
5471.964033603907 488.5843731903028
9265.520521381884 2518.840297208218
8310.573220211672 928.2716225070886
8749.266860904687 9312.967150152897
6637.390156376706 1716.5368539940284
8943.873473191248 5956.587492235845
3746.945702992263 5740.967372268055
2348.9055071845146 573.2132959438419
1806.1811581982047 2093.7415194904443
5899.136805137426 7033.3533725568495
114.4922907099266 3464.3094482480574
1831.0842366731729 8648.485964613425
8917.10538849009 3160.186513924863
7475.222315884702 8792.493581422672
4903.681020930874 3261.2944543509916
5950.493724794374 6152.280923789396
3479.120844274165 696.4859802587708
9474.075081980041 9623.749306978529
5911.131857420053 9876.587593875287
5798.170430682506 6746.255942646901
6539.178952397272 8926.505305767987
6146.947378909292 8.138416596674691
6372.033678848573 1529.637719219603
9950.545831516676 7357.837574057383
4606.209325267673 7931.042170835387
7659.4276239457795 6819.607436910034
8865.14600234404 6741.507173162477
7971.157462120387 239.7481480029817
8289.09048888159 3842.883100643716
9913.036277923198 7878.760363274792
998.1938865560303 5915.7297325486325
3397.8340136083684 3816.762720123618
8906.423540100519 3893.5413986471212
4106.201872410526 1953.9742101671843
8381.472989823806 5993.510002467579
9848.164844964162 3765.012313027889
4825.920511986408 881.9959380095155
5917.42991898476 1905.2146785398372
2897.4746437287613 9003.575411088832
6376.070110137754 8269.140735543433
1791.2186672081964 4135.735423289667
6693.47496135271 1165.8658004506694
6774.342478694919 7826.994674780022
712.2811839945253 3902.633180182965
3993.934360972006 6534.4276730669735
1525.3333698950944 6257.882541147112
5470.976198867022 4997.274256201274
1521.5443859552047 1076.623660484265
5148.76910909878 9666.521888549065
1594.861253425488 535.5832736567012
4881.5929253423865 2856.0455674150076
3309.361186430969 502.49851992483997
1329.4791930216388 1689.0998080706954
674.8397816030994 6853.391329584254
867.5590972829627 5884.655856314866
111.07692631788014 4613.604936714675
9823.522405902291 4961.283339996056
8165.291622239741 9352.839486428607
1624.3044675707529 8531.974261814235
6596.131607183849 391.379048464604
763.1939421909628 3021.517777683612
3548.8662420857618 7064.14964985717
5891.133194189847 4358.727540719961
7720.282174709107 2541.2061228065772
791.0639172421319 8979.037369461725
9648.106194491387 4517.6997286061505
2511.7417013530853 4818.674195016928
558.6135037978556 8463.322555085986
517.5302329440578 9889.827951431636
4567.402531279267 7060.692121113054
9353.25734298109 8496.934855250354
4452.145794288546 8964.076962079696
28.296072224720525 4187.400494097617
4702.45913632271 1074.3330548345043
2091.610597289755 4125.786084109562
8100.854319081769 1152.8582902148144
9199.588346095394 1738.6861728215308
3700.0713614505553 1786.8392090127395
5871.051919367498 3198.233891278147
4735.913033409281 2470.006642619893
2078.9279407163754 8595.36450342165
4751.03600545835 3877.5788501870766
5345.6269490738205 499.6777744387804
9003.973293197392 7291.016159093931
7089.262947245492 1010.9410388716333
6099.002859724186 2567.667711009808
1110.4233618088665 3377.9770326434355
1696.2915009282465 52.34766498164345
7314.279670761614 5793.8832626930525
2148.0828495520786 5392.322892855093
3030.398365619769 3072.235307837853
955.5190876205444 1344.1563252209921
7622.702973552846 6567.128120259366
5052.020387038053 7350.295097286124
3474.603335943096 3920.6102578736622
1092.9642534907148 5915.253733185029
7889.39724728871 8004.275113516935
4167.749211412744 4625.687458758128
5963.617050140802 8767.467371535035
2649.1410365844713 4035.6127253220598
4071.0833691621306 2612.77653769581
3256.1383640802146 4577.474801617357
7237.997084089043 1390.1838603377726
9830.41699458488 161.72831624592266
1394.4812228869862 7134.435879789498
7812.743178464229 2192.034797523308
3255.5671659707596 9265.921116087091
3954.5712692907996 5350.148782227422
6414.6908299570405 8133.529608160888
7411.374413886818 5694.005665918153
2125.34699479335 2498.6744256668194
4038.07722469822 2364.4866369542297
7201.6272599874865 8842.863894594197
443.2972098407173 6510.780627071948
9485.94328735781 7226.912099052767
8157.9204596029085 4921.225241143849
3412.3185657487898 1838.076655272748
1134.8718722934082 1285.9527817521277
4336.207741636788 4332.121121179046
1720.7658641162482 5019.630119324673
506.8796020341049 4610.500102786898
1226.4500310295111 6137.022936725808
5825.981499851826 6768.565001644983
1272.285787611357 4801.080799875546
4865.977604986655 7608.8966543435645
1195.3369130705537 5852.68159145184
4014.7330658058977 1334.572795536576
4979.4615718810865 1883.1329221911276
9067.596356058086 6820.37705528813
8405.63662394013 3224.9806599091658
105.9041188609322 3205.6675770533084
3418.671187577215 9613.625160464751
9080.917861962225 5460.817064883058
2067.785891901246 6211.703237191979
4164.776959144767 4049.8480493020784
6802.376494311157 6190.141676531558
7635.128151277825 1845.0832770875636
7390.5951785906345 3124.2470593240732
827.6746736159446 7045.337606919324
7277.220105770681 9090.1445767578
520.9633623499188 3007.3818155794243
3808.607007019389 8536.333914730574
6010.305447890829 4621.108946947663
7426.347093866476 3757.086712890051
5082.808162067197 6142.039507187826
4667.582885278294 5108.854769860766
123.06770139687617 7240.502344424224
8608.761587768882 7987.8198233908615
2659.157976299257 2435.034774751198
8250.93396682941 9026.16636917311
5801.122478867566 4048.2450175547424
5268.534172400884 5966.607237587524
9229.256848053701 356.58584191217255
2529.9061551700743 9239.151828690961
657.0505953066775 8701.188581343504
3846.6675345444546 8391.05710773595
1023.7263529446872 7985.113267346209
8520.331888024397 3210.352862207253
8063.905959326404 6203.071940047398
7428.438123771506 7635.287104959844
4356.995525387723 6432.884177418583
9628.763108644547 4356.493535421433
1476.4754939354596 9063.628032934503
9759.022989990082 9395.630956231778
1439.344766420725 8943.65618334179
6870.795498708554 8883.701473453377
298.5599854080723 3602.341560198
4760.225019962868 4764.204836407855
6426.37659229257 2732.62991644997
2344.3982568794318 2210.743511291151
7804.0881419551615 9717.17319777945
181.10983240799627 9175.639596640069
8463.726269224964 3139.022877750153
5841.060764111125 7675.585214390215
4119.875734137042 9938.563909957329
6515.365840405672 7172.29572559093
984.823032820471 2161.5791233024315
1977.5697492137956 2720.5890983125646
9777.844408418885 6089.026598310393
4818.201411272863 4433.2729107331315
9019.517098190916 5947.325469932089
7731.227774223318 251.66283726856364
7844.507947988981 4368.643985824005
9555.588620972809 1012.5247631653522
8771.38189268031 8303.886582157353
2761.328813755871 5366.669235711907
5135.5437759906845 2186.7815393708966
5118.670885982863 2231.393478953354
6221.5066427506645 9805.673722655214
7399.697501061536 148.41260561174187
5523.26053002612 2560.328145352634
7136.14166000745 6170.875223944929
4016.590162515201 4564.256472410904
5693.1126578352205 1717.513100034974
844.771232938094 4398.777737575778
2217.4114039538194 9208.92974846913
8399.14926185378 9233.232277379255
3380.4195198304033 1240.478951796995
7418.688923698536 9496.464964678056
2259.371283156112 3548.146732501901
437.6532921472742 1317.9055864951506
3187.1492636772814 4088.2945008073802
8678.1549439622 9552.266084521796
1949.5695336666906 3179.080803086577
8314.39862009478 6360.089277192944
2320.453897735294 3840.830457095911
6928.011603213333 9037.077949352466
598.6102181989694 7224.567799097203
9928.934920179405 6068.339760742979
9547.173706771302 5332.39465567449
9733.93440995302 2229.388578819611
1934.589493976826 2110.335193708636
7574.855064589754 1963.9400281870212
1737.8440466946877 4433.730867807403
8951.33447426785 5239.250471024462
7992.3794856038485 6507.219324167136
8947.761469738354 1612.9419546749702
2259.4590516696867 4765.781317142284
2901.8424694314804 6340.9696271508765
5730.572724539152 5490.300923615142
1242.2240309453891 7014.580409351078
6099.802998643942 4040.524265070333
4705.190196803617 434.82389853548466
7508.902538205206 2860.272275116166
7595.536618470319 7216.372798272045
9106.158472457493 5224.198513972072
2274.298384963136 5958.1202789724175
9058.946762379 3072.3488982438275
7636.0897251513525 9726.21457584846
1221.2119858434155 218.2295454783978
7981.3866928340485 5065.907805846564
1080.9320225371123 6718.036778700976
6394.170187643068 7791.784873832604
6098.959119432725 6253.1672797581205
8502.9147712585 401.65412826877133
3099.44886353243 6005.068721885173
8332.99819543735 3117.5743479659814
1983.4314006967168 7690.9498004327115
7851.170874316104 4278.202629324396
710.8893853376775 9180.82329955807
5757.81854462823 6089.847528664492
1233.0503397006075 8430.803403658438
9100.316204291563 8589.317341044707
9855.421911064414 5344.5360217272555
3360.8546369722503 8079.851552337156
8373.424805631359 2614.0942845521286
2814.7024501653505 6272.1346998809595
4246.314866533293 3593.618214554869
3159.938679432085 2895.5858693962946
9061.403345955458 3823.442294006546
2687.2703310003944 7640.828561726765
4589.420746819776 2949.393757942169
6588.633066760119 6952.442346863498
4843.193832373434 5471.410216426443
1395.8434003498476 7411.804469530513
725.6339136729995 2007.5689400869635
2995.6523044904106 233.0314792163557
1089.3630040023515 7574.080268029991
2185.1321501220864 740.7347334441139
329.1345148423064 9758.744614087604
6311.398592250599 2606.5046469209387
