1828
6600.662949562378 9737.155732331457
2716.3007387626512 1635.695911859959
2637.137095165334 44.707358975644155
5362.9902026555665 7466.075918010785
4545.599370482714 2447.4860401184296
6196.838538715672 9844.047321157874
2388.915818852443 653.6172530032047
7288.222454329193 6975.191639660312
9609.906329935282 9129.344951798981
5367.261921104878 4402.52426964026
1628.4478830691041 1258.4481543811576
8548.868080287633 4131.5709420393905
6043.051435893167 3417.425565456245
8573.545467400283 3246.80068968065
7300.984019681645 7725.540182662557
1550.0978926386233 95.89361645406247
9648.27648003319 691.7078200657168
3789.8954549314944 9487.46286610405
930.723966879673 9755.60672388356
5738.381221751626 7029.485170008524
6389.250135156198 4808.2732427970805
6238.0069769247275 6729.843179362838
5977.772878368547 7177.841131633632
1397.8077943664014 5287.0158040039205
928.972576181214 4278.971018883893
7198.33745350883 1118.097703891101
5303.134022864901 4149.908709969187
2626.7038361718996 6102.971008839416
6077.493279651562 438.999921911325
614.9587292642356 3267.5871051531235
968.2924164430806 5052.883244735114
7346.111393084237 4185.961656713777
6625.0040390021 2641.4669543348145
6595.552523339101 5749.628809816542
1095.9589686944494 8370.19453966888
4691.688726834482 7134.93167591226
3536.872250321763 8017.987012562364
3408.1071808755983 4292.678476955569
1018.5313498693438 7339.6451062645765
2640.5972773220897 1091.3275371925367
6987.172408041209 5844.3839048727
2075.8845895899512 3364.003603814194
8440.83944633007 8667.561942230948
1224.9350590014963 4541.2947141060085
9207.284218041052 9050.558154089158
172.2126025459958 9295.914372086338
4843.733921164742 3094.143857200804
9183.282207275126 4681.957077623795
626.1141500233758 7913.579603601466
3916.671607448391 6620.612258562865
7855.083735633568 4099.068119857403
4401.9171265500045 3265.849229781127
5278.506526962054 3473.073462404994
174.233936256577 5777.718312352779
1814.741073791586 3536.418747780409
997.2708185763835 1337.5591523197506
3958.4065614099695 707.9559451044803
2458.920657626259 2858.5464654059247
6260.040494534952 5487.997159438971
8391.17642711526 4776.644544025326
6093.334060403916 4013.5864289182377
7543.536457636253 4551.180276771582
4558.392169025054 2124.080266349304
230.48016194287425 5060.888194860679
3816.7368397619825 18.3972755188988
1777.047523836549 3950.4198929306344
7413.532078929874 7860.687544388235
3502.5760771629034 2163.9507787028942
4214.778918729702 5279.062800822826
8711.161871476681 5396.658444199571
8471.991641140074 602.4183624839496
698.4243848293381 9001.486636302512
8224.132759287219 8893.271297279087
2137.6775484909263 9007.751753817516
1756.3511990211346 1359.9241624134738
374.6182375423257 9339.783835999253
7157.332632730466 2569.162411333981
1138.160169756185 8067.944230499094
3151.8358970513373 6031.075948364249
3966.062460816091 3580.9907310512713
332.25591914705757 3190.4914709420373
6247.509927286817 4937.912511384314
672.8205395752584 5634.891307460307
9200.822537864478 9338.991716722669
9782.290987021792 5416.583885363332
8332.985710864212 3649.9893536392537
735.8038131677347 3787.2828355207143
2968.710233329662 6219.9965666546495
523.7577880402089 4356.142776739956
4290.24313300408 9852.631949341941
165.41377947219883 2707.689134512755
8995.16840543052 6721.902400880546
7357.140931912196 853.9706560115312
6157.953869241826 1268.1945542039973
6160.009860885709 1545.6539067520025
8172.012675876891 7666.492739515902
1678.6986195692732 4429.669718272888
2752.5645232493157 4328.070424326305
8943.439873193323 3316.41200263178
1896.5997340894148 9078.536792303188
4279.010552318813 1407.3807505699442
5424.761608199516 5149.262877033475
4329.519190169285 9234.548617486393
1270.978976495697 9925.850681327494
2605.027226733336 8275.626642847228
2039.2010774097514 5516.451885595666
5925.789774683811 1734.7901218416262
7512.591669507032 2634.3817354260236
3462.1811251549484 2816.318334374679
5779.069219197477 7033.613416179337
9203.125788803884 9968.993242197514
1428.0820110444504 792.3812043922208
4633.126011389157 8041.990900000742
7877.03327447348 9109.259630469027
2157.744933037221 4068.3921941839694
2301.7797343641787 6957.726158968334
1389.6622337649244 6480.3279810884005
5874.146878372899 8939.358130877195
9792.19185467873 6960.1662384033525
9050.418256522215 9982.451826907922
6374.4156607455 4845.038614696667
1508.2717391870137 4151.994720999756
2141.8500186938163 5027.392550712763
8995.651666012609 3768.560868049133
3828.8282257727146 1632.1509988576988
4833.57998534393 1277.842105065259
8073.552180893994 1401.4447165917898
2105.93045409986 1869.166889872602
1644.0245027796052 2680.781510564987
3672.695538963068 5710.496838366988
9582.845484310083 8175.899282656892
1059.3021901063948 4849.039377036995
7211.11847303595 2237.445525979547
3.0415544348061374 1320.745536815614
3816.477965757209 6331.015219822307
9978.694735495583 9818.609944069281
5547.5187207797035 9562.96917903343
7378.953398137262 388.8272024558237
2546.6656972465353 4657.845229395791
7191.249761633206 4055.5022418254007
675.79927303693 3621.0676393620124
5991.122345096404 7018.747830207194
1323.7057846160183 1471.0456092542179
9863.266624759372 7127.64967372928
3731.6958857051686 887.6503123430579
4464.928202102799 9698.71527025982
3033.496757715102 5399.44204676544
862.3160929093698 8432.06273086528
3777.789403367385 3819.9157854592236
9999.228044747937 1171.7544601926643
3086.5273276847015 4043.420067258181
698.0938875876664 9563.307196205582
9799.4418808701 24.299531465188373
947.1620346082588 6280.565562321315
5964.898994475111 1788.1959400844328
9893.567648974813 3425.7570387043434
4859.545529510917 4662.337267081886
8440.535382906974 950.6877280463344
5353.942213544474 562.0363985471278
9637.988107035375 4503.685557220125
5888.6480152007025 1133.504668019043
6159.3461440611045 7976.0305031682265
2584.990338281765 9828.485881463961
1073.3202279750165 7203.254199155866
5087.014245951418 7574.098052682038
9848.012913554829 7770.837309573756
615.8733567769015 4601.665852844031
6065.661318618727 1680.4637313650085
1415.1927209090054 9211.217405916534
679.8718900291478 4752.141154614496
3275.6936278251546 2773.706174046898
4813.206403012525 9069.131137020737
3149.6421824398244 9110.91374744369
9071.502665941192 2516.7758859952405
2000.4455602827043 5543.375543592305
8142.323606989644 522.9508810266858
4979.985227879691 2359.5660161355127
8048.444085550303 3477.005751196373
4786.044793421753 7234.968371286953
4843.3036647996705 6985.7084625202215
5624.451700505577 1217.544780917381
7763.866165600948 1118.8357596839614
4585.324277547886 3296.5136862262702
6897.343526826803 9103.703779459564
4440.070693229431 1284.23160023178
5271.757256791274 5547.065681437484
6875.565122208071 7766.36828821496
7946.327660955056 9194.44991416588
8004.17852942831 1213.4518623909419
6156.191472821822 5481.148466415402
8623.119983781035 3997.2559423681373
2856.9718694839917 9685.708217572876
143.79969176513518 1018.3853838982537
7118.235490607424 2365.917781133637
3371.6954441680737 4926.814602919446
8730.885987089598 4938.923289398258
1389.4703730942838 6505.016695885456
1122.0628031848667 4761.246564564285
9680.852866009574 1683.7163717243952
212.1270617622484 5871.120296611512
6330.058267545007 9873.189072228079
9201.832070207718 3674.697052698648
2641.292164488569 1818.4197187936934
4443.794988373797 9289.325023662728
9845.149691487233 9024.322515852598
5530.894294799656 2001.2288678476964
693.4802908265469 947.6193408971001
3525.2431653812564 6351.572747631397
5691.5614522688575 614.8589372339042
4854.894486860195 3734.0225672860374
2476.186706864497 4101.453707113187
4821.459050045514 7068.565512196048
3420.5390921916833 4394.498988427492
3890.323526391656 1110.4868119343826
931.48801836343 5562.534400766846
1976.1807006674103 260.0415839036652
2102.2101759918587 8868.289837827251
790.0902827837997 357.50558111112053
4392.8066541205635 8485.859616309914
1980.3128983989616 879.9192723429661
1833.847022228764 821.6287215222973
9277.670076154007 9199.994115588652
6882.542107750917 8088.67346189515
6147.199921929513 9124.277333078551
6508.508664435301 3747.2441641469436
6551.395885894952 1796.8205365257195
2345.8607468176083 4699.333351693144
5346.325794667773 8236.235401548705
3820.61890112513 2713.216650359187
6560.454576509521 9268.15936381979
47.20486682894931 5454.2507894868795
2346.996022981489 421.7963042548445
985.0462717020836 5711.1020554521365
2754.147765856595 6478.338277293274
856.0843870824375 5931.963729774175
6623.568888400882 2790.712130823438
7146.24810727954 4023.221180855674
6905.982809637097 8238.239948415105
6648.712685437612 5513.406041430185
9473.797390399175 7736.437626901964
5954.039650577591 6648.174605213459
3114.1559859355307 591.3222976281951
7552.0497454804345 2757.436506991111
9801.843420651207 4669.233313010362
4282.551809516092 6323.649698565443
8579.988957803847 5347.31952652496
4256.815677783105 9580.687741710672
3417.5266809937843 2516.4795796295325
5568.940103293368 7185.57893581519
5265.8815662783545 8527.686162354323
5126.036075088423 5530.800520188558
1203.3735767732567 4904.266324316761
8748.407396993181 6602.713749308965
9034.344490508085 5886.846985643035
325.68144355875296 5942.102032077248
4001.0237549265694 2434.319306623777
6262.101567899408 6225.676111443944
5369.673411775052 1173.3150039089212
7703.965224656745 262.79601335802096
4568.561083103222 8970.324880880908
7114.452860229437 9789.549628440902
3283.8271004976973 5294.7393736734075
7645.860042094642 9342.721412047391
9460.330687982088 1347.7176353843024
3456.5111028902097 7709.072857739351
1508.0714355269886 7050.948339477376
6629.397358971602 2970.746417237703
6180.80132400413 4420.9920765090465
1671.8479194969948 1005.4990888421278
3571.954084506481 8599.04559033481
1710.311297122955 1450.858012106011
3464.041023668464 5862.601768698048
1441.5829876716969 9604.182543352546
871.1692469025556 1314.6265179386085
661.5899411556525 7506.01112308013
5030.362990932832 7627.507143355328
8765.100147413043 2541.954563478872
5325.876964958765 213.17419266332237
4994.495847769333 7298.797898325043
9671.709465348516 3497.43486605295
1413.0141291890131 123.35265047567434
5731.040352988191 7595.698486941179
5587.619902401102 1858.002007302403
3017.3305929765584 4618.913923887939
7788.9507958174 564.7646556980868
4400.339066275865 9082.682110863834
3150.527934113492 2700.0984200604994
8831.325808197887 7449.1449894049165
2676.7029353835646 6165.5510602443765
3205.227649917368 7700.39274275528
8248.56713649011 7934.762142397146
193.6075191790687 1023.7730657981925
5849.32546783677 6545.204740136388
610.6953752321253 4183.627627271579
8115.39014083652 7643.448526221194
3415.8499072404825 2960.618554198724
2016.7302398689958 8985.617635018387
3809.294341432382 4158.950494325089
9979.761926805735 9820.106917621604
43.98494256861562 6113.435332149364
3088.3458353395376 8417.507831365214
2554.99550492439 5372.4841166508095
3133.211812588386 663.090932522058
4798.810289164462 289.75478386993547
6227.402501343513 2090.077297744125
3798.4374022660472 626.3218610853883
4465.092655048926 5507.327047924203
9806.268742778087 5946.878485456858
3673.4050094843296 6462.9586259986145
8725.12804872139 4587.617900591934
4691.609129418898 9185.80636323945
7968.964247250391 9280.084073554312
2809.357948290825 6359.5145338934935
6298.164256895532 5134.4235399205045
5005.378783550545 7109.4559298002005
830.4736114714829 617.1054360197592
7450.303509624297 8920.551537827545
9907.028931896246 2402.326714234193
6372.087810847603 854.4620281368243
8784.021729091532 532.9482513479155
3829.734998417428 7397.512221705296
6224.031407069663 1195.9603999571677
6200.8039702778415 4546.09679922225
3977.076219443838 599.1068582533743
7260.450077398052 2324.2080321148774
7869.950557192422 4929.44273412162
9614.508970113247 828.1206837763056
8763.430558414695 8181.242066565674
7946.403176343657 106.15203401447503
3990.445678661918 1759.808248476481
5047.413414354654 7706.814832546502
5054.332288272034 7199.383879180248
6922.123685222774 1566.5601880911163
5344.795097084417 6077.496963442604
6395.61640496928 58.71303593093846
2420.2241085887367 9264.720002817736
5596.256902077552 5488.077082221399
3008.528013343328 1017.9596305901284
6447.672228345748 2091.090241586496
5294.656299917744 2107.035234922201
4875.797558753343 4689.293858634034
2291.5088779951298 158.445645205344
8821.62703865892 9544.273259580232
2131.93358848906 4706.862529944926
2347.570585649581 4675.117472953473
5973.039581557852 9064.032141140196
8135.087445008442 2924.8349705581068
1870.06302471867 1046.40643650177
8493.527522987491 7400.055673963222
3455.540166149894 9846.960715005911
634.8839895291692 5558.735475820608
5550.558756736239 6893.30708472555
5416.418082646293 5183.478553901649
4938.371036364111 4403.339919374869
12.891944878012929 2753.470834227103
3446.672283378404 6531.299976377606
4052.4007232092595 2315.92202670437
2213.359684514934 4491.280940627692
5634.5715987314825 858.2942404288141
551.6059304996757 8851.84072561548
8347.153157881623 4395.491327291188
183.59334352152757 9314.52542067353
2906.7909752391365 7511.570512869692
5778.27567635616 4720.750971556351
7372.048073532009 7933.431602945216
5707.04199817507 3775.627548268283
8011.4936826078365 6864.326585386674
2722.1841246521494 33.95483405056798
8856.952819850989 5267.92525450409
2866.571454419602 3062.7569042451532
1731.7720800472136 6069.061478551824
2338.965653185473 1376.3620592991222
116.21946446554344 2325.178702568337
6267.911716958423 1734.1800885629311
9596.91329612862 1822.877028977532
388.1674424081105 3697.963575944914
4844.423898497226 9266.863675370638
6467.141045367719 7964.4857508412715
8072.974641003483 8253.99233118662
4994.828039308891 1921.2031333580383
6758.4203138969915 6562.970701622067
4129.250119465534 6116.616640223804
9025.455721015918 9940.70488390209
2180.416937417383 893.6830686469543
3562.2702585851384 1529.1425126822578
2019.3467586235781 3303.767708302875
7180.626405858726 6351.860724806063
9714.69585976033 600.2725679815223
7211.611473142236 2867.5464529798564
6428.065700275795 8105.216041615157
7812.074753057974 6497.894384954322
2140.066939203259 6048.674904137851
8954.02564057367 3250.3496542225407
2132.7439568169902 2100.1453082264097
4379.038286766235 5081.504895703704
2319.966918386682 3742.5213452986927
121.97181751562592 2484.858978049369
7495.926330651217 7383.5223737817705
8343.078935853564 3937.0265186703546
7362.87308523019 9156.05082472253
2154.8450509341387 6299.388812112492
8802.762277135527 5728.095253544981
5889.66450673565 5047.557674861314
9273.4820778706 2124.43896849576
1826.7225528425035 8288.91909677003
5438.855193405871 7556.57102437842
8781.222583863684 3928.913970560609
3182.6225811416807 9563.840413858523
156.36222700090906 5059.60465572037
10.131655824251462 1388.0351890893105
9068.223400321853 4669.461569049132
8507.468189362227 7435.203172441179
5976.014206490004 7111.202305579026
6.286543133335876 6922.679685261668
9884.85958311377 414.8995624542917
893.6079557671351 6365.922025640026
7635.607588419096 496.47108078125666
109.37164256341059 7428.895443063914
7055.882072298592 5587.048561384245
5290.542169946949 7843.390526033138
8818.87712248001 6796.617934770255
6749.087475774005 9596.799440866547
8741.156914808425 8625.714082136834
3012.1620012176154 394.51434523396165
6947.989133880856 1451.8409010928258
9006.342291090554 1522.2517906307487
2844.5027536484745 6542.6800864929055
8133.777792571105 7665.250682984185
5153.232703969447 2986.041255798513
2466.6395235403825 1985.429896175891
4413.373936828919 5076.900732343517
1077.2568037969932 2814.2322310525446
1284.3356125980422 8164.760017525352
5124.857594642545 6688.021549280346
7755.951525421558 739.9514271077301
9735.835113919871 6134.543014444319
9939.968904870771 625.4071229185687
6942.983725984852 9613.09588559069
502.2021332012494 3540.7988230344554
990.1635129671927 5317.704230959142
5992.003237109909 3018.841817515023
7162.3630308393995 171.7215903801117
9335.470826072862 1678.957626373363
7967.15231672986 273.93569796832384
581.0773629094746 5201.367607850758
5972.02880468088 9300.38702930019
9621.16779022636 1995.0912518051312
893.1759031055931 6922.753039106116
3060.04362774588 3516.206051871489
9634.67267115578 173.2901295449174
3659.1126875407676 2468.122182459287
1893.2004880771226 6867.966145240265
4861.8522486243855 8703.509976688572
671.8201318376982 1693.5596156110778
4786.0981208131525 5547.914356822129
6587.396312444254 2371.137328782754
3768.434851388549 2477.978538115161
7209.771442915612 5427.468198010694
7055.235605792729 3612.587854927538
7836.799769018593 8537.56597230482
9557.153587025605 5313.1394048908205
8087.87314363291 9145.701777811242
2718.647484253023 339.5309618479847
9489.582990615514 7128.8581650229
4501.374883984627 471.3548940939205
2830.6790420369052 2635.747277016113
2240.06363022797 4279.170551430805
479.49933427858247 8916.147308555759
4701.731550137194 1818.6229285854683
8085.567845501805 3949.4599539113483
4063.8898854178274 3420.5641546635047
2128.061611518752 3988.025601129772
724.637273286447 5463.225396152796
4627.375422021014 6749.876315164034
3867.3080444662187 2037.8753261654203
4002.019488346796 1927.2508170106396
8524.612987023293 7757.296196807078
1531.6067190633253 1921.3289389441968
5521.970228294865 3606.795598683691
6177.6975987470705 6270.2894079256685
4126.99041743433 4700.36342054821
6617.790019854688 9106.933418674924
8491.850967970217 6079.975011619903
8263.755207435608 163.75833159809727
8047.5525009777 283.9329501620647
4764.534466060776 6337.5030711302925
8893.819613771104 8310.524577971155
8033.932467323542 2631.831328023352
7925.677404641752 3816.175307438424
8197.853601237823 8415.958563747781
3947.492890158758 8912.651558124844
5021.343884011417 7368.666013638474
347.5432309994775 8765.775959323038
5354.320259869537 7221.291755659265
2040.9346071608481 1348.4914264315207
6925.881872067034 8469.921164799089
5335.960809825897 8164.014255153389
7420.610713480156 9596.149342685298
3138.760784248994 1530.1991126286784
9186.294219162035 17.421082255759668
9483.393074501664 4104.132180067071
4151.003920182083 982.0959733258671
6759.215781611058 6726.360945348244
568.495437093427 8931.033353306102
6204.727158271339 1377.0553390175644
3064.396992897852 5466.620414335524
7246.780153589281 7061.79055033284
121.67797643365842 3001.820405087354
4086.359869247994 7782.529219131451
8622.401615027753 5405.948083700565
8566.872168401083 3399.7712481807184
3353.78127217865 8520.5276639129
6808.1569422855455 6154.733219347644
490.0778249370885 6287.722263007501
3349.2088498141857 7895.806341599266
7977.885565712889 4415.472215890336
614.8532086155867 5641.434079462402
2480.8774231208 4997.613656235971
3406.3849831200287 6011.94244469019
2081.090333106146 2313.8920270097365
7813.453559829463 2275.7429111541983
6287.348878565281 2153.926194900783
1454.2343764551802 1280.7247855547143
67.44106131124639 4440.820437503596
7273.195663120488 1379.5357494786963
6599.175317612847 1674.2562978846477
6260.5368117037115 6607.849858259267
4226.465319864554 3769.5472552657807
5404.639445267647 6837.603094006611
6710.1009736215565 3238.2701331250373
5948.631772280622 8402.576367106776
2278.8831362573105 3337.7298965322966
3594.4467609672815 4781.58873062372
6215.314178953 5810.663912606323
6682.50156246537 2324.9582746321494
3751.051206969158 4143.215377070532
572.4093339541391 1722.7808444742143
4900.845332318757 2888.365136803921
6459.88647020754 1938.9600767031457
529.7063248610278 3533.6368255972206
687.2918882911794 9672.819812885984
9426.545166303344 2636.0397455257967
6239.99645071887 4060.519680767168
9448.567927447757 8503.848824444663
1568.050569926268 3291.380547858426
1904.2030146930588 8573.968530221873
3132.3772889078527 7089.6207242587225
7258.365072241792 815.2590652135472
7146.990670168727 6599.8980237822725
1972.3718200388353 8982.352921829315
2873.4989217208285 1115.4332272029355
831.8467751128844 3351.1241262047865
4521.4235276664385 9300.39318941982
6469.456228321255 5686.115371869396
1317.6239529515733 1083.5917921046855
7955.341837418989 9621.870063118387
5630.389377251314 5238.465441123438
3306.632969837435 5384.2540683348625
7168.5229239962 6814.667041409076
6558.428215440369 834.4969026324634
7223.00445761188 8049.510867977485
8642.161288788247 9187.815788473215
678.5948946560505 6162.8977919892595
2733.275152145682 7440.136149506448
5094.9965384576 1527.2323713357393
8958.647181761746 8530.551472882202
5541.959971971164 104.24345674346358
395.22177560652904 4573.818236153307
1069.9924690458984 4753.500943945241
2144.82568959638 8116.311841017804
3708.080776565098 1042.8205219727204
7936.152031328001 3300.5147784938226
3702.1184069636147 4528.6329445299825
4183.420457965714 9067.251283315542
5342.482241198505 8124.786241405651
9722.230621387165 2081.5172609035258
6176.476999586138 141.14451567047715
546.6468228249844 7936.899063658884
8661.126507494813 5848.72885068763
2787.5625743618402 5375.216194501517
7384.060910507222 8016.045522161041
3900.9166674857365 9752.159734402085
6865.007621669658 4761.631093985196
1575.3364250758418 8786.341403016233
4647.669720077562 6280.737212418874
2222.312574057579 5748.309769802491
1901.529426244115 5529.467633121717
6078.016682881078 2677.7271079483953
9075.389517839318 1787.5735214351828
3924.3892925058767 8961.046732134178
7279.227101742472 171.496946913281
1228.146983113012 8658.663435841672
7018.197522128903 4632.151633452723
9099.866399279923 3339.6587959018298
4662.397170964877 6747.3137300446715
7891.323565469559 5863.897646852246
3608.2560365242243 7706.390456261325
8477.777097800385 4545.373850153141
1472.1957492833703 6285.721579590514
8312.907701013124 6437.347676003321
6854.458003902869 1325.4634448596337
4197.631891859921 3098.9517574777415
9220.770375092263 3244.4904138995403
1370.0330607613764 2134.5892746589766
3271.784220956486 5467.645692973325
9002.161711696766 3041.5833855334618
4804.985278367171 3290.058784476083
5480.4747849212845 6458.181206248562
8521.038869770442 4666.138675440008
2950.202874579664 1773.1558918685885
9486.305644981112 4686.246643163839
9519.941088609417 9239.887772119278
9035.520672599136 3091.934869631026
9251.286597018763 9231.950634595789
2783.3993191216277 2081.037905702137
4599.350363316931 3083.86617628619
3111.1981890912157 9866.784819356519
3323.494024830611 7079.833115180524
1004.023066079296 3980.4981504423477
2053.655578537703 3584.8755462656945
2436.9457425312426 7145.330434045897
1676.14106279372 1056.998271161579
2642.7516142341433 7698.886867800471
5493.780507439989 7735.574746232696
7541.40797281136 6005.463584877183
9718.855087709957 2170.3359639903942
5371.114884876809 8074.03101484384
7273.226377250387 7436.969003437146
3133.0500242401827 7685.97684538543
98.60447384697491 4879.473795824898
1846.7054284870833 8737.016533873168
2220.9165229685277 7526.067641242798
1809.9608443618188 210.56595976431836
5666.246665361411 2944.5664963070926
4067.816782240862 7225.26764413593
3991.836825517432 234.81733556643292
7115.969656630275 2937.246937583412
3674.1534149980803 6099.888491619459
8500.177822106212 7728.068255852304
1887.037799314385 494.37266653971636
9419.637048141887 4072.2513069429
306.47929619394444 3217.2961401345947
6702.342855724109 7753.595837230306
8494.558718070502 8998.76398632941
592.6870682645214 8687.461009177992
7143.632480411097 123.61959971442738
8676.303498010006 7506.523648273285
1002.8373341238516 2442.0293668271097
5964.437085500423 7280.446243617376
3662.5145573797913 2736.049246351496
8669.880958084721 3265.259213364802
1538.1683368290956 2842.869977591961
4528.793512054976 7416.168416060146
2374.086676442232 8679.575342609944
5657.463959906923 8547.876958090816
4377.770007489233 370.8924540078662
880.3734962095544 3489.4094878188607
5699.829308218792 3050.549377331576
3225.6532348956957 9355.811466673907
390.02646318332165 6588.501107811545
4856.313017872679 2146.9927847195913
6188.655363478973 6490.42182625693
6090.376542316765 2284.3699560316986
1553.463084330613 7522.501081261319
7360.328267436012 3408.855743342709
4175.840913700718 6233.727213718305
2972.036124296333 6789.131689432902
906.0205066882154 8479.477010736557
3345.589625722334 27.037493226931275
9485.53183459009 3294.372044618553
8055.248602428392 5397.289573001898
5776.189466488505 5019.007481473769
5432.970580297848 121.64450903519364
6278.397099050055 1454.2914949635933
5759.74555583297 8153.004116736867
4647.567930605682 6998.781105827997
4141.237526952689 632.8556667829255
2645.9813039232918 6218.538402283681
6048.991434869922 85.82686593752831
508.4036200215447 5105.670855980987
3205.7376507213876 1628.0304596679673
9053.326933480379 4400.862025055319
3.08369760443461 2991.2583438068773
6037.684327055372 1786.836432292499
962.153144927137 4002.9817821084757
2231.424382902115 7503.847041498801
7882.499348315268 5312.500814872673
8479.338911110553 994.9116707453065
1271.8788881158061 5616.476515987443
3621.0540607454 4557.6660100323315
4409.246879183234 6412.472921649785
4556.111447908686 3661.341182744755
9965.58997471841 3397.025849250808
3969.5822444259597 2581.515687251914
8491.989061049624 4025.141810323405
8274.669405306993 8311.930010751794
5281.560466138911 1461.0287843751935
8182.273741108615 5331.79556661855
7121.6978940620975 6175.2422565658135
6973.510928372998 8738.667140249068
3275.2949152286683 7781.329947288413
7029.683847602264 3501.0918066587715
5664.4033643016055 1355.4399718886345
3465.231883294899 3141.8855339319152
1677.035744477965 4445.255377776147
4812.690948016726 2032.0296057258236
9277.600520957534 3250.004503823953
4624.716476202877 1656.821987315441
8173.709595507848 9041.187933498635
4586.735446528272 2710.0557765172116
2676.8758495924017 8794.054051236822
9274.81217098558 1678.6395461553172
1591.8746126055937 7212.7460631565355
5046.822276191678 2699.2159930062253
7979.315295394894 857.4327651851588
721.0527966828173 2899.972730135435
6958.230809311617 8919.626761365967
5674.854394779139 2184.98496121029
2850.258711758694 9342.285166309528
1786.992878218705 6475.061357958118
7914.25734344622 3444.176237264468
9250.858755414847 6788.218084273093
3679.9591392781704 6983.389068732701
2701.71372829503 5224.532398726133
2461.536390892439 682.750823041376
3329.663147783034 2914.280712614935
1016.713553143529 8640.310076829543
4691.064855749703 4294.894974199977
514.33079628466 8760.931132873806
4784.593518811123 6701.4230280876345
6983.026240741314 5370.440013422588
4624.204431949722 4186.80890539514
4235.972285192791 511.64909273521795
4019.7469648561555 9732.458366521965
6901.36422037968 7071.980185095519
8566.999017762266 566.1897674344485
4635.627341445903 3855.2950983887304
7952.409184732259 7173.812059028485
9856.07323901912 9985.935791987582
4593.846218167519 7772.215688997588
402.00148299280755 3620.863506421859
3367.173895287305 6505.9988199571335
5418.011003213239 7846.17963104636
7709.483223771675 5436.292825312617
7450.544495089329 4847.20125694322
4743.3300931401045 7509.594495277779
6258.464467506732 7966.6510275729015
2232.3428946269564 126.047497746401
160.71757772716967 103.42148358239322
3157.0778680359213 6670.763105013516
8878.910293186756 6054.7495596469325
9491.019675064837 6428.4043876303485
7779.889510948278 5867.544599733483
5360.135596693628 1670.4025347972884
7183.182693931616 6039.98883971391
1185.4099006757501 4385.814679559101
1970.4181010938394 5502.429685259051
4636.302575363556 4120.969884689456
6118.613220176831 3706.9710355087095
1264.0858804150334 2699.6954044436548
3976.4851292188964 8868.057992042714
7537.536418196461 1215.0509479139637
5112.699173656085 5421.745829975814
1669.4677934277436 9615.143654039175
2387.242480332036 1109.2313181012657
3101.1103972297637 9449.734604133328
3531.869748791254 5740.614129831732
9802.357626449484 5900.987736792844
4972.837302162103 5657.749378324615
3649.4134038527504 6090.856376402647
2888.908157011012 190.4422340863021
8057.39419948689 6839.237531121696
569.871711443023 8988.124823735043
8773.951523574995 6541.171414882249
3025.5932427366984 2009.5466976627852
8280.994623221975 2637.997074541234
9492.86735511028 7165.903092072148
6605.118746837086 8276.521827001414
1997.1239880155745 4138.212099660529
6503.343098489166 9181.90052716772
3448.2904189059473 6727.645667089158
8969.296031205322 4514.058244623748
1884.888551895032 247.90709230072315
5795.989197519559 3534.137304729743
8427.704485059368 4931.642066721825
9534.84035173079 3276.5818145053718
5264.139676895919 1098.2569912913043
7606.622274248271 1104.1238688274525
6556.61122738295 6918.410702137534
6548.530479900919 17.063745881671366
9553.14205748629 5010.8391032153995
4422.576171258209 3894.889236173791
5375.541949607622 9820.053853319992
4264.0270301445535 4467.410911153736
8970.348958059547 3748.861807394187
9114.636756614771 1744.234898305731
5529.96286102383 6357.525338575242
9663.913886847697 4875.535900108964
6326.175388951866 7591.789042974402
8812.70608563579 973.730327541229
345.5561266771634 2964.878433294337
3576.878327323548 5294.794584723107
9375.929374833779 5893.974422441017
3664.89192105514 7359.609305524012
3265.4390646438437 9979.551646782942
7791.598518315905 4089.8556299485276
8960.459906831496 1916.3659517530762
3331.5812495016808 2839.6269835332455
1625.885986326746 3937.7586458944957
2268.894881915677 4323.0621018095035
8661.090190764453 3220.3456528090123
6566.061684874575 7869.943283429216
7747.111103489484 4514.041498899129
9053.71214582446 9185.349980738372
8195.394410325598 1412.7639508523482
1733.2540904024506 3846.0905367553123
815.6785625911633 1144.0534538191637
1988.492522652613 8135.783060921116
5280.380582620638 7531.233793076354
8618.116957206157 2502.092088454537
5535.102276970255 6869.629754111144
3829.5031824012917 1913.770012161642
3189.64614404882 1858.7465217069366
4375.286839728069 1701.7937115285354
6021.193496307352 9445.212929442623
4867.679282379769 7088.024649655299
3731.0616168782963 9456.670071979786
8971.516950469602 9536.4671830226
5918.725414931988 2244.6911389494817
9655.548177399067 3306.330345303482
7871.553241329604 5205.194871052321
7972.4754576851055 1142.7524125187838
8215.971342792975 7.716526262627754
941.7930197552105 8910.174021802413
8735.539700002857 4640.287486725815
3025.4659610027825 5154.998591107689
733.6825369077793 6964.560450056335
2415.0218933837364 3078.3104396205595
4203.590168677722 9376.216582454374
2889.635190393711 9206.066952224939
5765.065867894883 7378.574114028979
4358.303150390401 5163.319461382941
8837.864110233966 8402.711898068423
365.22734872157736 6390.658518049345
4843.326897864004 1045.31287567874
8816.029592566827 4385.219611479983
7360.8956498791285 9045.819248067413
2973.4485786722353 7105.22800723847
2113.3363835997598 8787.387765896054
3374.674773799221 5546.198454750804
4414.2857051459205 3881.5157586823225
7738.504923103461 3178.5480972624514
2283.9877929704066 5484.108831728857
5159.002650368619 8930.524676680541
7823.8626971891 2391.1443867549174
2923.3758440036763 3706.984397547921
1637.803773991423 674.9783954185973
9145.294525603027 5053.7039535835
5097.877624547707 8647.734102302733
2070.8843594200334 4508.545848233538
3074.3575998536553 9276.10130075464
7393.155037420568 7424.938652334341
5384.791420175914 8822.265001334164
8201.628918282677 5609.772316359273
8664.069391990935 7448.572847548244
8297.459123567223 8986.956800880382
1617.2211924722646 4798.943315172301
8520.33695489849 3679.519708448412
5688.941728886587 1157.9045562338008
7462.004171779892 397.2726787771985
68.60498474410615 2688.5461043925384
2482.2056155701675 8823.709214181821
4646.795709292417 7463.5550944152355
4296.427427033208 814.9381359871055
7049.150685261479 7528.901721219705
8570.787438445554 7655.1000315479305
195.5708109609122 1077.62524076654
937.9536826646895 4356.851832060062
4967.626859692153 7961.565753983912
7638.98938477951 7052.148239360282
8514.250135104889 1231.7789281921532
2599.5335510540963 7887.6852804191985
2485.563596763639 7173.7542906499275
3164.7426301842283 5521.016755461561
7056.975197249165 6391.457511800588
945.9371171341357 8307.490580190508
5990.421064438099 8894.601442082487
1272.908757335449 1574.795693744665
5176.910439078208 6856.443417638353
4599.3631959026 1.05013590921188
2114.2915577659605 9734.797523138463
5874.98385652979 1043.9985798503672
6596.422292496558 7786.840094220179
3376.1271345679133 5613.033620071374
3524.695343407368 1658.6763968702633
6778.161481694903 7732.392621085065
7200.133641058256 7693.530755796065
5355.992521398803 5813.020616218129
2714.0348153886216 877.808901472027
1115.3209601366566 4332.233184283928
4127.416349313699 9932.17412221188
8385.704153974595 6214.456954235919
1014.2668945536593 1955.1695986542427
947.4990978986175 3012.955387250712
4640.88650502623 7239.806871367212
118.28964056364688 2111.602206984604
2563.3587078183773 8408.937115839673
2390.409767361279 7597.392733982143
5747.460648964377 1853.1064642730278
3189.6895950295902 4198.533156187232
5450.088789367858 3604.9888388610916
4116.57545392659 1739.5824793364811
8048.539797890389 6247.384878276721
4634.278360069084 934.2659866055092
4763.752804934 8227.157156593616
5584.630405537842 18.21908518646942
9795.881845130978 2035.372198369294
1140.8406581045972 5718.058216638672
4775.3417782406705 3114.304810452545
7847.358344293383 1359.8214886865767
9629.72370542708 7064.850096823659
4250.563794955883 9538.955285038188
9976.751895259698 8753.28498556755
2290.0305678861087 6705.672936991528
8975.71773725626 3254.203464304529
2098.6083569221346 2263.640939230812
7204.586787313249 5216.848241418259
5150.601216145296 5336.599481585046
7577.245671969724 204.94761499564973
6800.822018287444 8226.657313517919
3575.121128926485 8835.556777841495
8173.328585150796 6769.6458120500065
8139.666908839538 2130.296721181678
9087.15634514351 4287.054960230717
7456.979522426098 4392.771039921644
8247.379338701932 7640.715640026026
8563.072675502513 8138.833656545264
4283.350541989984 1015.5359653944685
2208.1016658569974 4131.770126249892
1381.9814448730906 5487.233450540519
2740.1000071698722 8412.345935041138
6242.444485697976 176.15346671932764
4903.548893799811 7364.067502290908
8869.688275373797 3844.896396081162
3395.373691327922 1316.8882971368246
8327.68268361713 4166.6279487561305
4780.720330946675 6967.987134127218
5989.313660474974 5572.572629055204
2943.1358682459177 8986.13581071791
3048.3736610801748 5581.346091726339
8628.537398802477 1566.5593836514724
6100.104435038509 3819.4132833815775
839.6264421273037 1416.0901991158391
4450.263956393753 7561.100984242533
2847.1612645845025 4673.801407947825
5478.708852801515 2548.2390947270683
8406.777793016656 1610.1993147484784
9861.993240226193 8093.638954888034
4404.803984344424 4598.443713612609
6750.507478958208 1029.2626861505794
4603.784783630122 6813.955972604287
99.18996099843925 3929.0745895868563
5418.198897961085 1394.1657461103707
1266.8647146733792 9218.210712416412
8723.113625727494 3378.0362855777535
9727.771127462413 2274.2359859829253
8583.288718348 9645.402090409652
3279.867191041357 3432.908901397369
8487.510823711127 5289.039469055994
1488.0085357993821 930.0035253932815
3182.6963509833804 8377.783727616501
1266.1099428392363 4242.389938997644
4524.577473703376 8906.895291734465
1480.9255739633143 35.7041390484214
3896.5415799724233 1882.2734651585104
4251.09101165285 982.5895456963052
4695.467379072938 8947.995552126233
4218.58311080567 1084.6233806090067
7143.16291980257 7742.063188987011
3485.7824667758155 9812.690765647127
4254.27522923726 3253.1186634691835
9139.821806456242 1374.6995913520743
2176.311866820807 851.2890006121831
2326.93365058273 4726.182188964623
314.6747183217169 6379.204844082698
2693.0191279791206 4558.458968243108
6665.376390902148 4714.632707002577
9672.67337017817 3430.6876694404277
1600.3711368691543 4554.04779212855
2587.4277362261023 456.25827997868737
8985.201720902209 3816.8687809018497
4804.972578969619 2510.6358660230953
6955.928536697943 7032.962353484268
3314.652559331167 9796.895009791577
1942.0671270081614 3351.419671658756
3990.5297251117945 8786.827095799643
8594.537417712465 1396.4936891547163
4541.835081413481 2049.6474232719997
5162.381761691995 5096.982681942538
1691.6414280576287 6286.963219108714
8559.281174118987 2828.2278234591827
6478.101491380294 7011.809629909205
5870.66444636226 731.2913649455521
1738.621330715594 741.2010992617379
9374.46717434508 9911.7681108442
8815.8421028101 3315.7800387877332
283.36726166855453 6371.072049742073
6315.329117896379 6016.79468694968
2363.5846609232212 1985.9383221232983
2348.379956406146 9519.77013978765
345.1058168981902 4627.259566992199
3109.3717289847555 9405.883962131798
9610.44856460842 5597.277558546159
4865.5971335877175 5946.192234240556
3033.8603032502165 2964.5347943165525
3478.5410651996162 5180.497944152379
8040.097453960783 88.88463976031046
5429.073637971277 7931.791183745501
1961.7083437810968 9654.245336815893
6985.048356732879 8328.831120468916
6596.001957948008 4864.680675840725
3628.308043861105 3653.5823028695013
3497.6518821620807 1109.7724836019872
149.12075672892212 2886.856853953271
9990.151957304584 3368.1476929678765
2919.5791643440903 2194.6557705709847
2139.10307185026 6893.408214505406
9773.51786870368 1779.3407699337372
5002.579701766502 1314.607180052233
9649.011009068367 13.913634878608416
2358.587160982426 1183.800852972481
3690.5368291030904 7584.314777213095
7806.886180342805 9216.101119751507
1861.4054252010326 6483.7982210418295
6652.231134389814 1993.0378331828347
4283.062832036144 6135.0771829222285
3298.3288703182525 1737.9391476612316
4496.403127022755 1660.0780921914927
2016.5935003396519 1922.4215696965164
2631.2308121558226 7373.778884892099
9901.036925549704 8925.972391468225
73.53683710222825 1947.7504472326045
9580.403461860953 6746.006525133143
3636.261058681831 370.658046665604
5830.914835476985 6843.656367248796
6467.737766048907 1827.1243913740375
4617.770150172685 610.9568169533109
4973.027696510072 1922.9889757791984
5290.7959215450055 7657.969221648331
5876.860122362511 2304.1495519527757
6669.421889927296 9143.786423874426
5222.9275012685375 647.8027675583942
5574.410204230793 1713.2416621538182
1582.7822716744622 9249.046651847804
1998.5425067812612 4251.547516973099
9038.608356793602 982.4468506673356
8555.727783854823 6631.967471899166
1607.6527386726636 7287.309505030288
3107.7630823836666 6907.026964349505
9692.118786916111 4007.0434553481814
2540.24219386446 981.6514727555092
866.8372123131895 7407.136313143809
2543.875645753875 6707.013181644566
1858.0464381989336 4502.909297713077
2954.751666019252 2546.7616724779805
5920.134375081213 8947.353841702648
716.8260885522037 9492.697624116305
9983.200165487015 6161.000151808947
2852.2070129968347 3744.846408468877
8922.819771642862 9129.898091748952
9959.554059813343 6821.273167072044
94.40620461482419 9354.442975346936
6708.183993343395 9225.877635993234
9878.080694772887 5800.911692795476
9555.239735349676 3577.7897215550693
5395.974648754181 8389.216206078667
3485.543574375196 3193.8861652957353
8792.407934916573 1544.5249856560495
8958.519927481979 2516.332535832091
8508.402316904736 7647.042608344697
7443.845036006695 6489.948281821449
1835.4996971727867 9833.375880089816
8937.236187019507 7019.583455074329
5699.874414992038 8534.557298434078
7670.07048823438 5975.586648262873
8106.248821968783 6379.939702692321
2861.278033699198 5865.829174168219
962.124149035517 1652.810783426254
9807.22716086215 1255.6515536525114
6106.369581789168 1352.7238964421194
2865.083445465334 6292.4771285776
282.2169376822148 1101.1735909619358
5957.386559738029 6279.738330171908
1523.2282611896653 621.3955835863105
8110.359221258762 4145.143877757278
8961.82009720214 329.7007599922186
1235.7258795125338 5861.211100715673
423.4414665561093 6694.901100104577
4875.582677144781 2401.376551533987
7335.51965435211 1454.0225464351952
7952.132033787198 9652.888305352413
4458.803169089664 2516.6417136390783
698.8496001287602 1858.0715434023775
2739.7473208722954 2446.8213274228656
896.9325750765122 8618.458605099166
7186.102564833514 3780.766793798115
7300.627460796995 271.6504996114522
8083.881296679109 9119.956662225033
9707.313939957536 1538.6846228080142
3102.3971079833177 7933.649317273183
9512.980224742192 8740.0583095297
9875.081327815436 1311.3049755381057
6790.991813371113 1591.4603628666534
3497.3016837095847 524.60221996253
9941.82443446333 6615.645455844324
1048.4223567741058 5190.370829336507
1783.6935259083152 5544.783122272867
5723.85715914716 2069.902192174311
1588.7799959728889 8737.996226333165
6453.888904889136 6096.737813596536
6017.01854464473 601.7040211511526
4989.53950229739 1094.1812917476789
3159.1785455507993 1275.7652202705394
1351.7905756029459 8825.415500549729
2973.235108711052 6436.316549661101
268.97442113172355 1513.2481282874755
4282.791266256207 4966.585364839103
5768.164767111774 4773.152206409096
3203.5798897264976 2459.8500160806416
8439.91804209004 5022.404283263086
373.83910414222845 7044.110992196063
61.726759680063026 7859.768887638225
4686.619100812514 2855.9261754266417
3244.066270582475 1654.3137703594157
9356.847179278948 5641.254796723296
9553.92901929515 3638.5822020730684
2103.238008819095 4424.04435877404
8174.256109402864 4170.493212487309
4984.908204175013 2958.6861719174094
8573.695023853597 8509.974967692817
1004.8161558941038 4770.356288362454
4889.621503156774 4450.481061382016
3976.912755895331 5987.648181827393
6768.387590905368 8452.180633739405
5351.156362615002 884.7935889714498
1260.2646749322498 2542.7504814589706
6700.313971180082 6076.161337048114
3032.5745544555903 9183.34111456912
9394.724893319186 643.6105962637162
5643.007982007833 1541.4278746399823
3625.9865225192934 1127.6706106134804
4906.156165692653 2168.900354104919
7387.768546172337 2276.403460920584
6489.785841215687 3952.8795071507507
2281.7424525991714 6721.203640280088
3793.413712381115 3388.4001983360868
7088.870742476784 9336.671800053628
8890.242421306632 7716.229034566641
1931.0672268473527 4942.098862225147
8854.54499838688 4275.735355798438
5545.5079819167195 1214.979349862606
2150.0938333710496 2541.867864566998
5703.636569836488 2212.367722853432
4921.2468486253565 6746.934545022309
8129.169557806127 1733.7830747731587
5006.8223793076195 9732.021526203991
2404.1807980345875 9909.753662544743
2287.907822208475 6729.527663619568
4299.603165634969 862.9883046115905
7584.259279713855 1147.4336126171959
2726.2532658538407 4064.549112310182
8729.974204807697 3107.5624272124323
6074.75071458982 7095.292873045044
1687.6232176729989 5484.231136552185
7097.47105309664 2923.2346127990872
6601.051792456648 1496.3335166249647
7682.932132467084 520.3859499772501
3540.575068618933 2525.0327911085324
4882.785926360829 3668.0006260726204
360.30363208408136 4760.886116918113
7373.845571474318 9137.060443308817
5565.852949004039 8528.362390453562
7172.351839857767 2081.2171181613694
2381.7109248665515 4692.354875032388
4864.941432808776 3442.303396153551
6311.045644271662 8420.431143595619
7880.548274803947 1443.9106632590804
7396.7543519651035 1756.204406450016
399.736456840315 6836.426458669437
121.07428580516277 2953.350216389342
382.72367118295404 9457.313029982779
8422.082209171487 2326.430813018703
3894.6273084445393 1883.2985509157618
658.9372826171924 1493.8365643144634
9416.221603799802 4476.544502324315
9523.725068719772 5319.78624452954
5150.7692337610815 4964.7439134821225
4876.286365794396 3606.4746087876697
472.2504546515649 4845.4920959274305
3269.4226842366525 2644.0934912775983
8607.579143417071 4368.168034829827
6535.3929982921245 5095.595621962
1405.1625862975736 7621.948231995419
3220.622186534042 374.7067542390148
8614.428027938453 9346.472640434651
884.0696553330807 6669.83806332557
3485.7001174686275 5482.068017806691
4315.711274560499 73.18610163383977
3697.0845190807977 189.32394630502114
4585.107984719329 5893.451254594695
1624.7759133016993 3093.2138998929736
6496.052080231806 2162.246154350956
795.4718950990447 1844.8358835052104
7501.794254492234 5588.404369614544
5994.347412980209 6744.244125223919
9426.371141312782 5771.041666126933
2949.2993751123718 6130.730931635704
5441.068940127168 4351.363796314639
9771.948107370261 3522.3096786335273
8661.07600394805 1964.8519565654776
6408.1354395074395 74.04004438288814
5455.8885490175535 7349.601517984579
235.43928132190973 8825.224998023086
6108.055155612512 9773.227831464821
5642.477539531095 418.40676378183895
7808.354969813154 8059.894963214089
2934.543927499407 3498.469461477968
141.5263711554593 6930.662128975805
7232.390030835114 6838.055292670808
1195.173350093638 4114.485516616958
1165.7234347527524 4385.887704547844
3215.495164598039 9743.84953771479
6110.264172583424 8897.48590834764
337.0016292739264 2918.1520418636233
5476.965290887994 4583.147028426382
7329.386566712857 8999.591982476772
134.26927016955915 4295.961286702862
7533.255337925561 5200.467577717437
429.03681491316405 2183.017051553495
197.41139950481102 1327.4191724805107
1469.0527519625207 8435.844363124797
2283.926692591294 7167.2978682793755
8339.773680157927 8801.53262209106
7473.232130267084 7930.98247043626
5750.255799437182 7853.852566050198
5579.985546084837 4415.604896247215
2237.960553023811 1674.1029831268072
8881.486272581717 5102.284897339498
2509.402842648053 2554.287931868652
7963.919657731047 3275.620562399052
2753.3729812921492 5610.630517737284
8607.73606772318 3432.812360321238
2835.731316885143 4783.3089056296885
2961.979831881738 7744.4500293227065
6169.534056950472 3598.7000541078064
2798.399955142822 5135.624373604167
2751.5211100578085 4283.302963731877
9989.692530062981 2675.1675629209026
3365.7575951676886 7343.901834322904
9522.235385056385 1392.4716695751338
3277.488383011795 2566.4262355718224
3332.1997681420503 6385.46863654469
1875.0330680123627 1536.3506916471138
9044.928407306745 4139.999044529083
664.8049059588946 1246.368440768516
6300.9932997124215 8349.940609744379
5784.319787713448 8132.465657496678
4768.359962053071 9209.098377403336
2770.305581567668 1967.4110325744632
2168.599395312084 140.0137348336794
703.8096758771284 9441.068743125934
7686.104082941094 231.4732207953596
51.447905597865606 7969.832915281325
5982.78337934197 275.6547287505129
3531.7224626746547 1302.8680858044006
9706.725628625782 5227.477443891341
2157.5841729818403 9830.737363178598
3861.8315008984473 6152.867271113396
9241.196154187666 152.38815331608868
3696.43878827132 289.2923813367432
3594.109360671719 419.35115611174245
8872.47490454413 8711.059058253657
9415.833408176257 251.40809873769987
592.6871968713898 7273.5013168916685
4436.048549893686 6605.866355448667
5092.018120108347 8004.3408917094785
9760.469562182723 9882.971778891098
6440.209960752683 4917.127618547357
4567.643913401697 7762.884899715095
3956.2331867570333 340.81914459554775
6313.720793567827 7795.030751944161
4701.156291749786 5291.195279440834
2424.5071420287336 3598.526832458766
9494.583544056897 153.9414963988872
2588.87942199127 3682.7845871192353
1690.808356548592 5.879447842748187
1714.895920517626 6360.266886457141
1554.3396248375198 2269.9642086545746
2369.713269311259 8998.779429454296
5490.480180587007 3081.3027948289673
2096.679209342449 4948.560758369221
8615.148121907869 2735.5973302790594
5387.738248083218 6879.827885977305
1189.1487112372113 9898.046569509685
2286.5549343915127 979.3249783822921
4295.618428052789 8869.894391381253
5607.520572091929 2479.8128898724403
7805.384507129208 4141.4349471414225
6578.079849333968 9334.329399274191
4153.487103778859 1704.4478172064648
4346.574854370677 7497.437193388346
4741.142703194105 7153.655485025388
8245.074949023621 8238.570754296097
1880.9257348803599 6475.95192716762
2956.4188819842598 5187.9830087122355
8118.976577386226 6607.781369569162
5806.971190650981 6403.682508500318
6496.550128568284 9335.196464252327
2291.349023349447 4648.141435903263
9854.235635261222 3917.7529795029354
632.6540581197437 7276.450123470353
4635.699413982775 936.5542333938015
8691.496386817502 5662.976867661191
4813.812848049235 2298.385119179519
6859.373738015501 2931.490163827342
4540.542772314552 72.02408046066644
8706.72939992588 7904.08638255285
3913.002736882899 9889.461693780295
7103.279070113843 2647.1563304998945
851.5754333157166 3013.8904807736444
7287.962406503055 768.0193909782163
3502.0289038489304 4857.977996374448
9938.14181727823 3703.737182124933
1802.0733608370454 6730.066705751231
6672.4342374001035 2644.017918027608
3893.811568713993 1892.5973705426213
7618.83083330512 4443.004829770424
2917.060888097369 6636.17858976141
5689.519704794225 900.1401798086362
2384.5297631858975 2004.3799598207602
5026.100214875103 2128.1797388766677
3818.359309711854 2048.45504621766
1713.6341760417163 6376.831190155686
8618.544643741474 47.849935146240256
3309.252878812722 643.3721902057321
7237.275832085359 5001.487048862054
9990.797827810115 8677.001787701842
2649.246099968592 6876.460923218817
4203.24387433112 5571.564565120195
1836.4975364364411 594.9162353847348
7565.417128763775 1041.6791496737965
8547.384276576257 5546.525207394627
3496.7828598074348 6690.195528521456
2942.7522147497775 9533.1179040606
1533.8502260384234 6100.2910019535175
8908.44945261899 3483.664263357401
4628.000873328944 423.41034927456553
7791.796635103236 6021.9387409885985
3851.316391482161 6284.64577220334
8110.661523560377 5025.8501499928325
5884.244477340396 7290.036717816299
4387.299088556387 6686.552483992564
7418.7127011255725 5195.672162196968
4675.133200274233 1257.092859018667
7182.556073638997 1886.3529084766417
5575.172527215708 8674.498554634773
675.9010095848495 8711.979864612413
5579.767053021197 6545.84143016293
4907.4057787274805 5442.706975658155
2434.928200401364 7607.960084372786
428.02563614575905 7129.303633830631
7878.453122202406 3702.1590763434488
5782.238647660748 3493.0512237001667
3589.605129955308 8549.350464130097
5131.428475016877 2119.89400061785
5477.123275120342 2167.7346867172755
3251.3951113100716 3696.45488640321
9535.843170947215 5644.267749037593
3365.717848680556 4800.916318694673
1418.2325323214018 6152.795049872464
2348.972363988093 1349.6563503142334
3595.6590966373383 8605.878075495082
4718.560573544895 3700.9226996686507
8525.221233070262 2133.9774083160178
1531.184193829569 2629.7173362073336
3591.4901011915067 6704.79479838473
2809.75303528454 3913.4545755257277
3758.5292321060947 7627.227357082707
2448.78736540012 8105.843874633435
846.0661706641448 3428.510258754671
2681.1402215329117 1226.8457350694373
4134.7175618526435 5649.784007298538
1136.130333294405 1559.432541165945
5608.672511994843 7474.448305414979
7278.939030854368 7519.280220742005
4560.264207377994 1785.3133297042612
6593.394556864354 1651.4083518377442
509.3696745162801 8240.696343409416
255.03279400211466 6208.173367594306
431.5957612696253 3266.2545046991386
5238.582779228554 6475.914647041671
6142.726220725517 6478.480785974166
4813.798765314208 9042.93789592524
352.91467668058465 1987.4398213813272
2205.8234231163474 3539.418607675052
5382.633145438378 3270.447439661852
831.0282931902901 8030.192834038815
6823.38977167103 5865.052877639263
2966.5506075983394 204.29295531786184
5529.758848886649 2998.8115188058573
4971.505972355567 8780.484558714314
5245.2672444094305 5454.984357171737
1250.1215621820827 2135.938895835355
9893.209020000446 8467.436956358117
1031.8071143256336 4065.577953355242
4104.468585758924 5244.6515511013595
1740.4354871788064 9792.511379735417
2907.951353022562 8841.909781781229
234.8796152612409 8875.380191384087
1675.235256516353 1532.3400804952025
8525.116307372205 5496.309130968253
5389.5722104119395 3571.666350615095
3702.967545969843 763.5629679582256
7100.384951207557 1308.135254056062
2773.8221012964605 6125.89223113222
9027.921355387016 7958.2405258467315
1835.4448529230106 1770.9415897546444
6198.7389431773845 9050.500846745848
5622.240598416463 8967.989934290812
1721.214474769277 8533.691564278915
7818.116271529144 715.676373369838
4851.2861524419095 852.5698278781191
4738.337475325113 768.2608288123505
7852.149242948735 8913.273306253423
4990.553169978281 7139.35781682056
5317.645740721269 7792.211157434783
5547.418854907439 2519.968841001301
107.60233795166774 9286.412307883204
298.02120138105016 698.0377909421231
3334.3870950922715 2959.931144173684
592.566916476801 5029.634738241114
1943.4677052865356 5210.0514163299285
8554.567408012745 2287.2697797918727
6346.776380753989 9058.676688031775
3007.017396907682 2798.7302772020253
2296.1971475548758 3868.4251606825337
4743.826561111002 5690.219448279049
5725.505618619043 5989.598527861537
2575.035879113574 6260.472643176962
6642.611805647562 8463.327705804146
4084.1084940793917 1037.91072679703
8319.970711508993 337.83965633698676
5357.857252051936 4910.786251593181
1009.537041345544 3898.9369849882105
2084.3316514692324 3870.6666794224043
5199.66070766001 1172.4103758282233
361.2536577607783 6372.488887210519
8034.834130022842 9425.257472424712
9317.36319598163 6089.810121939458
7935.217498254105 9074.213592458893
9221.28763551086 8931.771561733873
6681.382539869609 6404.242603614118
8137.329331240125 7588.684224829999
5270.73382561752 7806.28055554683
7384.818982327678 7586.028096775318
9705.580320374367 1862.659826270573
1067.4570021398276 9852.059334085801
5538.846042086721 540.2830983338824
7761.323604589184 6142.100460132214
5481.923603546418 995.7639837177701
3085.010854040806 5312.982892222327
2670.1909117939526 5053.380128513534
322.58878213408894 404.00294036825767
3285.227301693675 4285.835829337088
2529.887730198743 8756.14100203099
6148.780734704376 4809.465691061069
3626.846323336316 9989.184854670344
3632.050165905323 7399.652789681767
7863.430279020615 9556.789484024112
7764.868990883208 5338.878214520037
6743.9082560979 8812.395694532053
7782.885916525489 4528.953170659272
4.022621090650214 6044.319468336922
516.8583256332848 7830.634314442019
2557.8643725475226 6776.217098102394
3006.6844293312165 8337.954591402067
2466.031808222734 5779.519320848505
7513.823893045325 4351.249074813471
5923.90619789117 7707.320263838407
2709.2634221022327 2181.992087059944
4028.6561618393334 8034.5948895479805
1230.2063372929151 1604.2058086376087
2655.839606928532 1077.5141628757367
3027.1755938712495 2761.3358455702087
1161.2414662182903 7265.011286518122
5964.241096220994 2644.1384851037906
7820.848647024873 7548.647709609934
9988.590543955219 3874.2529020518177
9931.632734924307 8862.218564091774
8851.685980657865 8459.787663844012
4318.0727165461885 880.4240208394132
3842.757838666606 4433.373724455248
9624.118130123914 976.3242770358016
7286.408424087275 3839.7942412960574
5217.558986995124 1240.1949148518388
9659.609882252822 6409.427492573504
2793.53089045557 8697.772979637988
3099.396218755779 4435.391030109034
5836.15452753544 7453.7944513571165
5801.069991387415 866.4076745983607
8982.070690031118 9387.098555278018
6347.752462299635 4434.058935302464
4026.898306508996 8236.474522748153
4365.627086475987 2752.2317778330075
1825.4088686298876 441.8109919799074
4065.2402446000024 6758.204097330141
9658.47760313881 4943.006140469918
207.7383012810985 7608.954568065228
1774.6351558655915 3289.476870510286
1825.9357872939263 202.92507543991033
6761.309078527979 876.0078623561118
7633.62502194846 5866.602434008377
9160.614725229858 9896.061213490157
8472.555491144069 426.92815511415574
4316.810454758356 4691.565228231321
6375.021347258687 2884.6855836110763
4827.313573321554 578.5894405439185
6861.018360409513 4210.6533709769765
4166.420741518751 7941.201085016075
942.4399596462796 5405.455227102277
8060.656962346446 4411.193278157169
5972.805161601239 8895.677301074114
7016.935778630425 9289.261935231394
9959.517453548136 7582.965488310607
4039.480038783404 6013.602274993485
2246.680032595556 1419.451275103889
18.7185985215943 444.78220179697934
4580.000012803948 2252.004442409872
5535.139613132683 5011.146037940427
481.33269573943926 3859.43933887166
1893.3490673386943 1346.887743223556
7588.9348364320485 5600.9546921818655
6086.342711869559 6955.325635885303
7160.50721443846 4900.717523272513
4087.2743204029025 4642.802225727026
7289.626490869521 5912.6479554541565
4375.758427827286 6994.020106054778
1552.1786506109258 9141.09957963854
8928.02169398485 1997.5189529636739
2777.924109540787 9537.27429932145
2034.9738210332657 80.38792552921281
2433.339762702796 8647.846184901271
8259.539617913722 7274.198407152803
9705.398096302832 9761.411611395246
9604.358980612049 4009.529755294828
791.9602192341091 3680.027472271379
8533.225116255637 4124.35939219826
8132.973371218385 6737.232888952377
7874.399094052677 4071.969264706542
1357.6824792282239 1990.5946242875284
831.2028590368825 8026.918742663005
6576.576697618124 9135.958798872287
4335.060199075875 613.0205043929337
8312.813163710118 8622.226286117158
6798.418212042992 5315.148755806906
8846.365650443844 689.6155479252219
6959.750413206314 3287.099306028459
3035.177720409561 611.0136570939151
3960.106023919547 4230.610812314766
2781.096541316271 7285.159928365765
50.43668526875322 8296.04635744049
4224.395492221843 3512.0427913113517
6401.197076065103 5543.130096093837
2479.1986368020134 2775.0365702828694
9370.482216674534 7400.517568831151
3263.141575951578 9160.940423949216
9284.227138291752 2775.8720394362044
8128.114593026566 4168.226806969225
6291.766161339149 9993.512284307973
164.9554876186843 6585.442971739002
8182.3072029824625 4574.583392268531
33.467961102731095 9365.854259266938
3182.6478463709386 2025.0950290091318
7960.161605241763 481.053459623203
6703.722895458735 4260.062490592249
5949.625658642594 3105.4078117510408
4763.338537981954 8067.3768011631255
5871.460734825712 4164.847139602004
8384.718280526458 4102.917972052226
3313.211418945059 9277.646565167175
2655.2415791507265 5308.819124455069
4130.757844974596 6421.4900322812055
1327.0348196283321 4359.680588242772
481.13788960963745 280.2464694094897
2850.827127237622 766.9188979182218
5788.7889666411265 4155.529890516442
6556.7606240649275 9609.330714450281
3574.7167449297845 6572.252848926061
8330.59956136771 5508.3419525886875
3369.1055234054 5264.0268704055015
3581.057703974706 7429.301214552408
8031.411280066805 2093.4021756223865
1553.7229682179766 2165.565512810306
717.9842296948824 8643.58080132063
9119.326307342777 6950.024147731704
6465.7918199331125 3712.3736503657447
4048.8665758198918 4539.089350294782
2901.8207478324766 745.8222657267877
7485.370993990693 7327.075684811405
6941.259528372936 5368.03357563195
2831.831595206441 574.2839499569641
9503.57233559821 595.4281802738703
3597.1301465202487 8669.989434504854
8254.097236935744 67.73673118180335
5876.523500183035 2501.932867927088
9169.80923981334 7684.722010857301
2090.531402495217 466.79515508942006
1331.4136983943292 5406.744233535857
1365.831577580413 431.5345460218456
5759.941185219465 9658.926689209764
8514.035082363022 5043.349401011934
8344.540852878305 772.8236557567492
7948.977468588962 8186.4257549651165
8949.176404481486 9206.126414910803
1080.429513010591 6096.516346535197
3639.4482020949727 6900.090813801902
5731.896545189359 2669.7876838092648
4636.781719255368 2066.004888836388
3952.4389058460783 4840.2658574732095
3085.7357421534557 936.159070461654
227.21451283117534 550.599455551054
3011.2001495740446 571.4202597545337
5538.708061829722 8803.748468735017
945.7696249698799 2686.654594570136
3990.3791345666673 8558.600905956946
4623.5934439053735 9636.877848083921
7776.724487839731 820.4090488125737
5865.520285135944 201.1635010097701
3168.515353750044 6177.32411567962
7321.367869780596 4607.966814480274
4879.242718337094 8247.205141926035
88.66831981574896 5364.673407016041
8688.557973562372 2024.2618656739676
9393.250433829806 2885.8196765991274
2520.7713522094186 4952.988714223834
8495.540019221613 2658.5673581821525
4311.233225210484 7707.230196314441
6777.473051559011 3740.661065217077
940.6860341357582 1115.1163261754905
6568.432098286683 6755.239141675368
6277.445692739983 5445.99063251878
4684.63116515305 3228.5015683221486
7939.531349044111 8363.348916246072
8884.893413043716 7110.3875675356
1773.6341032011426 8248.193800134162
6486.776639318912 3625.0490893256692
245.07284734683 310.1042063335313
2240.5216477059485 217.05448873711063
5942.661316298668 3928.706494117932
5224.310017843427 9290.889470186907
4224.664479205582 1006.1246276913416
2.8392541865407406 2685.468089691614
9666.798669502845 6761.384296297972
5582.230704281167 3382.007539004207
9420.489004726609 6360.6214681377
6797.81087688342 812.7549472749163
2849.365020864069 3052.3556030409827
6687.312310114893 2319.7059207993075
884.2398620875836 6064.9610450001455
5130.566022925412 4806.581723503167
421.58921367595246 9423.873572678283
8577.762702379878 7433.985991020227
8787.802284014248 6058.951145905235
8041.886752014874 8326.79126053953
801.2528034561161 5097.803715662558
7696.9308531938095 5694.454047436474
6286.497599753939 4078.794659449262
4402.025412661399 6509.093713639931
9029.67663048926 1967.8084801825191
9262.625164084242 3942.8128331210255
9111.455591015772 3325.7696064351026
5943.413912575373 8134.875630073561
9313.617242615755 8749.288435076105
6863.604697003024 3541.0042429076484
2867.672804054299 1794.6986939150845
7633.8264952778845 111.19021732998723
4198.630567528452 7996.146394658157
2134.8050791932405 4849.062526454128
6514.323698023163 7301.273190660408
5491.560416422222 4924.990144026622
100.46861574352195 7273.435502913497
9862.862376443265 3446.7425537012996
3003.8839473859057 747.2889563847851
8444.19403319185 4235.666787380661
1421.072201443494 8274.95188472432
6373.49781948053 2512.9853615848842
556.6307668536585 2662.8644152318448
3332.4872218107303 4269.956898130217
7975.718682329945 174.838171495022
1552.32496440607 8277.282344040334
547.0812902704303 564.6933139649457
4660.9871383037935 1183.28082028617
2957.8907604220485 6002.256795209856
7350.6423954398915 7957.001421744793
478.9318602589532 7169.4040670257145
3196.8983515847162 7051.572417035586
1168.4275056068273 3328.197644652986
8127.774221430452 2094.7382672699578
3025.0605266465045 2001.08292474252
18.783716770102153 9657.666255788568
9735.519546057967 3053.482330587615
681.520207799603 5709.75420845633
4609.1562810359155 1432.023602641037
5116.65583736109 1736.3022781951643
6052.112344043893 2587.0267478973087
4318.280701102726 5177.562768095609
9505.536058942489 4695.768133224543
2145.0239195695362 7841.810453386168
157.27763859675892 2203.424852038458
3814.414537090913 251.72936845815119
7933.713260379457 5911.500013554151
3430.4551968775763 9502.54033413022
1288.119432254705 5868.916306382471
620.396654076849 3141.9447431418957
9124.27934185332 4658.85284537471
1835.2183358108941 1826.0939163416979
828.772293669029 324.80143933728
159.33472007833683 9062.434871146177
2832.661262076265 142.19501957594028
8578.564648253237 7219.428733288573
6383.058427794404 8717.36326210033
5571.409930919197 5164.77132840807
5277.3177499672665 6483.455802402885
8617.21757602058 4387.891298568271
4197.363893157052 7563.361997589385
755.8015112788952 7269.142711036344
7978.937251754906 9182.554045757524
7686.625751481787 3277.242092253636
9660.297810215747 8340.162690967185
8061.6611934577395 6308.151099986448
477.19732200386386 5284.491079209523
7604.546002124896 9122.738090235714
8105.694567781553 7489.560085707599
8479.695194192213 8897.195040975479
401.6524131974075 2292.1710177147015
8938.51823387256 1269.3324665435423
645.5253302027686 1124.3606650670367
4685.922571990494 8945.501891793474
6873.307668029503 3364.0129483856485
2638.794910261304 4927.055307999254
2259.2778837054916 3226.787905553936
9789.165920700843 9721.871979385456
5713.446190579482 8835.412493366017
4738.285199642987 6525.637876715164
1866.3689639279114 8627.770120719424
7133.840823091261 8289.198089412801
7436.268071075169 6603.122204041902
721.0810523772759 5832.441056041446
6608.151902834846 4556.174632181986
9009.607247216298 6721.820570000018
1501.9057346909503 6411.60582495024
8661.122523458705 497.7538682323679
5066.0806823125895 7047.050700947313
4619.4405921701355 7019.7829879858145
2806.3784339408558 5580.435659100244
2732.567590890366 1191.5211348177445
6642.594350217672 997.9448814303194
157.69174998368385 9134.048693890327
8885.046655317046 6211.790233736154
1193.429969229709 7995.565497395334
6831.283556731849 5162.34832551409
6349.691878608086 4016.742712376762
8806.130824355683 6417.118145496046
5444.044431671415 1215.3641364295408
602.9008571169414 5869.342306755954
1304.4692410855896 6110.479835959968
7230.8560483560605 602.0293818143485
9261.924555703166 2275.444139173446
8633.780487529571 5758.500225476736
9032.138797739186 2190.842519176319
9616.784524220166 6348.476048715057
9814.57486439085 2862.458716944677
3603.225162170053 6319.113631442089
6477.5266165697585 5976.0707175661255
7040.8995113068895 7933.286707569721
4551.818031498072 2980.005615168916
6286.426567000995 5522.799854319712
4421.5925454069375 418.02540603780415
1619.0027202855028 9022.114537333691
579.2027732810378 1079.252673136414
3669.481047117592 4338.556617952972
102.21268946179696 2088.49097570308
5997.988198318747 9577.864046375318
5614.053765715925 1929.4306102865767
3813.061575069666 8419.326220523737
1905.8850633217683 4574.874145933113
2897.552996938215 4522.656773929017
2125.722877006263 392.2556862860072
4691.309359862641 3749.129366732722
8981.921674669422 299.367049416408
3177.9109066920496 4192.4012268275355
8761.609983167442 1764.3478996505323
6732.50849361748 7539.834884854635
1130.6860129229744 2675.6344366484163
3410.068725363744 9123.025628899162
5660.511836971981 1851.7026783108258
1288.1043879135311 8166.623403139679
6817.443297899488 3017.0863246401514
6425.227246022768 4207.439995283961
2754.862117152066 2440.2813543431002
9756.630812404665 431.21159094771656
9663.382089169572 9110.802071246026
819.8741058038039 9762.287524665047
2663.425374973937 326.78232507221014
589.1048721223058 4941.897497778247
6265.372152512992 4871.1648902182405
7893.123305600532 9543.548617919338
2276.0095697025426 573.6563301235132
3902.4555556196296 2899.4881566586805
696.0191958007267 2987.271521789234
6992.871745320407 8250.059825863795
9631.75432213561 7152.425585962416
5927.546605980822 78.17587101272005
3535.581147195461 4978.178383569515
2747.3298945663328 3554.0108110841607
5192.564718626159 6639.372368166349
8018.356292111638 6290.421147721675
5787.306513490284 5570.047351940441
