2586
1822.8726929667716 4351.336591679623
9267.152642853518 1671.918159482243
9572.153490058652 7647.246550026817
6824.425655051903 4270.577152733343
3445.831476462039 9629.73541872571
7107.315816520776 5743.961033070871
2776.611487598759 5521.2279857013045
5518.270280290293 6854.506413874913
8261.712899622336 3673.7203020216125
1186.3453940234347 8667.196021993628
9987.910717973642 1681.0213322321044
464.0764619090465 1077.0215377363822
7498.023832826997 2941.3279955922635
565.9164168389464 8628.366775511573
2818.3404519961473 4123.3211680563945
1089.0339650394253 2814.843477751182
3899.681850568525 4975.295844041881
9721.704735564479 4315.700255027628
9020.503224340715 1965.670512120471
8571.48505497355 6954.996222094365
2358.6385919080444 6354.540402312183
9234.81212293768 7562.310580990697
7158.992261216407 5469.779844246343
7981.628375584118 2368.8398907278383
5707.6914177795325 3197.5159806082575
7243.075729636026 1090.3111210341276
4668.911611161062 1995.6297421482473
5967.265828282615 4428.215136519448
248.7897283091922 4100.267063280781
9347.58002725168 9363.447063816833
121.54863900483481 4019.1728906535704
7929.906591225838 9321.51573289068
8086.1512812658575 7891.983223288151
7169.680926429717 3056.060909300009
3017.5127526293677 7846.4475306452705
1136.5390284663513 6927.500903282675
5834.500760767427 1090.8727907071648
8253.85522267761 146.20334344517815
6927.651736204343 4156.914601507365
2712.385001285735 1504.6583889366382
1772.7434786676565 2443.167100665501
2511.6864734442192 9140.702896641964
4302.059186998679 4008.8302720615566
3959.9478529468856 1953.9321199583326
6013.385191149593 4428.064948147885
2902.3032156909258 2440.0040971365443
3767.486888139686 6439.467678398517
4949.667014482288 5912.626901773047
758.0120305370685 4111.434364961423
544.5781688615891 350.59221263491594
3233.469877470403 6292.999936120883
5827.490428248739 4437.302268307181
209.14235441439666 8231.079632678457
6956.403363898511 8752.809299462948
4627.482738744202 3408.85623374476
3784.6803445686173 6533.467839497062
2208.7630964553896 9896.39072134822
8616.352599925855 5931.8810680676725
8579.434502777836 6803.364490387094
7135.161378508229 5289.892557978513
6173.8638366621435 6785.181205150505
1543.0446046258216 6579.963680084316
9875.819418203351 9977.49275701472
445.72600958427853 9875.342601249415
4399.278865734727 3220.536091613542
6087.518672458048 3477.0232057252006
7003.83045789935 5983.501130748931
7164.408423105741 155.55565029300666
6298.15336699865 1010.4721137964679
4633.934741137206 9858.36050749951
1605.7533422827175 3383.3177771116852
8692.340162308672 3188.2692166805637
7650.34272401255 6433.231549529504
7403.9128842689415 7976.594502537453
6163.951149290915 6731.451351247917
1344.3999056015355 3354.112571786384
9429.05921463783 3251.0168109780093
4059.8211258210704 1865.9157499639634
736.7508102308518 7715.251103330113
5143.968826421824 381.1745412098877
3276.07845245394 4134.979641560366
1302.327224882427 4816.42309207805
2065.547596294729 5585.32911984798
897.1057126666926 2021.0625939964
3195.8181226675074 5384.278347467759
9157.52475199662 4566.35581732358
873.4362872156298 8008.955762471941
4491.453824739042 634.2609448972836
5538.600702846751 2322.015336193868
1148.948136947573 1720.0338502901802
5675.683264218144 5979.241191571365
9865.190167398876 5442.60540894097
1843.4135351932557 5250.866079642532
6049.786338731879 9399.318064201027
3922.353061614142 8912.915153663364
4591.333103269085 4706.683695131033
1610.4781641999555 8351.212742796924
1410.6100411122713 4636.4044877249
3793.399372368077 8569.519633506603
4522.717418563566 4585.974929735136
4573.943573006104 6404.597246302776
1557.924483178793 4515.762638924116
2466.535457592243 2924.822005261759
6442.951800311348 3939.5419388583864
4545.010091397463 6725.30111799048
5258.859326539142 2573.034216867327
9178.19477486021 3631.2679772988963
168.66984730139035 6825.086728003659
9395.804792744399 6182.870403461542
747.3080410937694 3458.6987329343065
3897.8947636421367 3198.2799534166115
4048.3871153301275 6954.182762818224
4254.313588204176 5698.3942573628965
8306.832308836549 6374.325963126186
4936.316912430129 525.2186894428912
303.27852272609255 861.4972454440762
7480.686290625979 7097.351089631975
3105.6386377243593 289.2208348327996
1307.4156733283482 5919.817518767048
9155.184816937573 9045.815277037742
1495.2258914552463 9701.834241097353
3478.9452927596208 6445.2789157370635
8164.86644294959 9234.903225976564
3187.1660789421476 6840.676493173767
3028.376013395827 6544.971137223646
2354.0474068813824 6157.85998095319
6133.168379142683 7256.215300839815
5881.908507572426 9272.440458540223
9863.0165155279 2590.345435693896
2013.3965161638257 4420.496112445133
7853.71294294471 8974.136087186545
783.3025350226841 6663.590737088143
3639.38188419237 9839.238873332915
4891.003797528137 2321.2454576065434
7566.129688451439 9872.14497453742
226.5014213571248 239.09057128200683
792.914099973232 6708.501210477779
5597.481688844644 3778.5023641015937
2045.224436830906 8864.8087745055
5081.773387395453 9493.601949258302
6195.362602431873 1561.8632646653564
1869.0362243692582 4604.080456771764
3713.819196505177 4018.120461245425
9457.460978650695 5577.383601242484
6569.44371347703 2777.5044864811425
4635.720816583363 4401.376020946693
9251.808891219425 5684.998790502256
6807.359602107806 7458.675457200467
3247.372662565041 234.68939888703244
9904.26642508441 4306.429524562882
9521.746567703312 8188.76254115764
6387.825724768393 120.38771477811628
6343.579009992165 5602.280404064532
7650.798471067363 6079.693015957394
9131.268344847735 3687.389733156895
1509.9316676390672 6548.902273022336
4911.920325107151 1311.947612084634
5418.755065515168 556.3189200603435
6452.672383805121 4351.37578923209
3531.97398231586 7772.800881141103
157.7045431767954 598.8798426795205
6817.316537109411 5962.78251470747
7419.964556546654 1488.0037510195386
8037.654057475803 7709.33394177794
1274.8356342152722 3492.814399689297
7615.661051496727 9107.648617907622
8923.680249407207 2744.836866202296
2145.2363778061313 2076.4400712272313
5978.3923369576905 6142.19744355695
4628.358468590496 4954.296928454801
123.79922598231951 1025.247923874757
4393.004349280926 3128.1295365020155
302.9542187596512 3354.2853343815304
5087.212237654426 2583.4176683066657
2501.062166344148 1248.7970703702965
1146.3199328795492 4471.045620488375
4736.989359457424 6734.001527617581
6694.86706478295 8053.091447578531
1967.0045403419845 3589.2710671386994
5971.6032008605325 2720.014576406453
6263.610692907334 3304.3615555991946
1055.4890977870346 7164.262094848323
8853.016953494938 4323.19594643176
922.5442416672081 5250.396658190301
8378.019700081526 1991.2764301457742
5677.834798478393 3639.420024405998
4098.747995771419 7921.635057808308
1183.8571945852295 5805.0532838491345
3651.9462010722314 7855.549011084637
2246.0209843077473 722.3046596254978
2460.159551326838 6518.087813978327
7017.892043977906 2213.7390186260986
5915.397202934666 6454.876432662364
1353.3055783334103 6706.440429354681
6057.547991791007 5385.297031178083
9459.415071806607 2982.7338075461407
1626.0285426096589 3218.667991779416
6394.195349271939 7400.317613216126
4083.844265914669 5553.781588206223
8703.870245500899 2012.5266028607136
2496.4508662458406 5218.49434673475
1810.1899570897117 1037.03277623169
6993.50355145181 7204.905205039248
6634.435345612074 3201.3638043241112
3949.783162621848 5216.9781009672
3384.4780643465224 3636.1974609604754
5992.299791767207 9971.292328209203
7433.183843716058 9192.473583303383
6473.764572424503 377.9402048700475
780.8931151165343 5325.932187243078
1148.3352615051722 8777.40721377423
2721.666707528385 1022.7806262437011
9443.739255705354 520.6129207177989
5022.447596435716 632.7534591663309
3944.577727094176 6353.104587361648
176.22402611011668 7930.92110189244
9484.826305870234 3300.7338582874036
6104.75330959529 8247.171499893615
2593.2401893006695 6052.969238712871
7063.341898726116 9082.37365440253
7943.585394704906 6201.330112579384
8439.641325329716 8272.806488480788
932.3118247990558 1114.250024483403
2640.366044856467 1469.5154071544803
4539.492893506252 7716.010065959167
4324.296377281916 7466.838113596383
4224.5572746395555 8986.209883558164
5866.882438021856 744.4182578770009
6766.540123397561 2607.5709175486063
8131.214226893652 5479.602253236362
7679.29118294733 1863.6957740134774
7372.081859847503 4242.197504643656
7115.265574170966 8624.735851403486
6414.298914772131 7601.142964335411
6017.246698356551 7057.746038166616
7123.416665369746 7952.72294242488
2685.5343093574647 4559.83479226568
1626.4092512446127 2022.536944126273
4898.845363053436 3336.046927953875
1741.864644353076 1698.5079715456297
4260.377514454691 2030.2394566760884
9643.666916297945 2119.8008078175003
7536.182259054517 1866.0493150729685
7909.111324359759 9276.58842234998
4411.204288425784 5866.365083615104
3791.8423016431325 6768.193650575369
2309.042404761883 2893.559776822282
811.9646317644158 2822.2016455339203
6704.696027696308 489.05350126445035
570.1247281548038 4194.726057944158
9705.254150288796 1789.6174546018274
9069.313181949834 3152.0806271856695
581.700792674783 2159.1473063539333
4767.597120233403 7376.693471614404
9405.699215381901 598.469609409733
86.93980519641764 345.17583866318756
8978.434653262522 9482.069589169527
4167.718417578705 1494.0374005753154
834.2859379973333 3719.4577928397453
2285.506124355734 1318.6139924127338
8260.30732887254 7050.220545308263
6536.1355195560145 6443.357376449944
2993.2035147117517 8855.628675500677
3147.0164380592646 3656.7114057471426
2538.6803860219065 9606.004885715703
4087.129756277177 9921.3770685435
1903.7637265198136 6861.880780811015
4525.0775451166965 7450.848983019306
6940.873446372163 6608.30071553921
3124.0166268397375 9085.6823165028
6473.149942855905 6625.458707398025
9164.263881441962 9408.026145680493
6903.730766101531 9585.18312278054
9048.804767421832 1300.542617250078
6107.377587711606 3611.6100368622906
4873.90080536524 5985.901838246101
3061.0579025364514 7155.716798065472
9436.43266615874 6975.627193072419
5890.787127285447 3207.2146474918773
5301.581586651022 4812.139865152637
3795.2452247687197 5103.626083636607
368.8924402599536 5.4302322680954695
7652.375178646737 2495.2012581580107
8751.726390226324 6145.865717953079
23.386717587080554 1385.659380590245
3724.5534553456196 3817.2147155975244
7739.279061902958 6592.561444517117
8994.498437410077 8639.05296739826
9288.209121816011 8457.457877085415
5617.998604234107 3535.2917296201003
4817.728963520188 8184.7757282337
4510.38913742067 6155.646156333999
8724.123064140189 7799.74142872665
8685.686099665356 7269.442966531111
3521.7762532577167 1389.4630989359734
5115.784317214656 4906.237746421
8968.70876081579 4027.6238635285354
3412.749076651106 2035.302790039324
2270.1145810579114 3582.065961915537
7414.825205078712 2656.1076192291666
3589.948618899387 8465.872405308792
6196.2454864076535 2314.510323614284
6071.302370858281 1316.3847770094328
3022.8744333827362 4264.440673056582
1099.5199899477925 4572.919092075362
4340.169161951902 1762.444438871018
7637.702816126191 8972.772817053943
6006.90272757292 312.5324316351108
9122.458835197762 96.44327909682949
677.5386351356972 1071.3541120779723
2628.45111167023 1266.8058328891286
8488.105876260439 8078.798131567087
2793.509121800778 3343.3304955184085
3014.87167947277 7496.69725007327
7341.763014871948 3251.236680774403
5852.065637827828 6618.393640033099
1950.469230662465 3446.826222672192
6094.360593911353 4054.499634011254
9676.896929583549 3944.048581607089
5511.767829193181 205.26553226050015
4194.846693689032 7013.692768670362
6269.060597749356 8897.547007718618
6686.080253073988 2215.4202715539004
5668.788644451027 6894.438903810061
3390.13648979795 6034.184901703571
1586.402850072276 7878.223225680766
4536.7174691812925 6066.4147018305
3017.9625235358467 1462.357490455577
5668.032652873363 4437.654726313217
2475.345730509426 5805.8045817112825
9204.184246048424 8932.203280640428
840.8450773186482 4483.087874463515
7512.888793552465 3176.5982613101564
732.4752241364174 4406.027629167698
8715.529417443058 9142.63917765367
1433.2798444284267 1798.2007854255578
2994.735276366588 6221.959195497555
7002.370058976235 7490.736366935513
264.3900746140837 1172.991460518733
9312.38797414437 1138.1411999453562
9721.171857872874 2352.4965429234044
9447.53893715394 6345.428709746848
8017.435612714903 9817.65336027112
4148.284469750014 5152.900471849755
5578.441962678359 121.03592065130454
8803.24915894188 842.5081915614962
9932.652887786286 919.6360626029965
4865.8431414332545 2609.802867778037
832.0056893588235 5880.409904176358
7512.552863163298 4288.056722757434
4409.785124579235 4788.6618433976
8861.814424664077 2016.2180261859442
2656.9219700051317 7251.905618852853
3136.8253403138533 2509.942023956556
93.23501757703023 940.6674239525591
2782.6141153145754 4425.014471332824
1668.3533246149707 6919.028822256668
8737.132296199228 195.06788313469747
4647.747422211769 5291.531885836289
3808.0933614349965 4680.5621985157795
2522.503559556878 4129.3976439600965
5421.730166141257 9983.585105672631
827.1830472100316 3437.839946295843
2886.6010339104573 2863.1025168572264
3158.3044590276786 3787.5790374381204
4755.020455370093 2327.8701864100303
656.6953413133269 6157.494561631344
3866.655148905559 189.29189931101598
9750.161148177986 5521.679694973504
1223.2640683000272 6624.090392922935
1048.621612778936 5762.99003198442
4970.530515513837 6126.7372066296775
6942.068973077199 7606.505895890079
7452.3722064638905 6624.160575453182
6672.405119760947 4440.1592024267175
1555.0803991063578 5980.331791672762
5433.416717093292 3126.1002391854554
7373.08478969266 5635.911212274217
8398.855519192633 8205.206753359802
1605.0991502789814 708.2054549562666
1486.784603016269 8258.473977723494
5028.849180519107 9519.275017578473
8139.0649338106 2612.840461478977
7904.545303526144 3225.1015576192553
5428.0534651224825 5065.342532528745
9221.710836944356 7986.307224828223
3398.2875464824724 8848.31443596908
3330.929040802636 7950.9941882018275
8709.135999200318 3669.6782104773815
6691.529940144883 7212.851417509221
7365.099161914719 1336.1964347022204
8218.184790699905 2862.7553366492875
1603.6413338338252 1203.8932918623268
9023.835547753033 9269.663263514249
2856.146656559133 498.66872025134734
1233.3354661016094 5806.688026674713
6105.787630760866 7411.466393539973
981.6302017014922 6380.804695648109
936.8018941493949 6796.181489529564
7712.265013225614 9329.735434400585
1102.8749261778946 9284.82147434011
456.4555726893005 517.1209689869993
7538.0299531804585 4683.263344980081
1899.9079355854865 787.178740662019
9391.627928918904 9622.276486265786
2734.0364661024173 1332.6141061593066
3889.7864672795977 7612.309554760267
2040.1717952264753 6984.638289746407
8608.725532234808 6886.870516624076
4269.809673627078 7951.5222555542705
9091.256383473445 7718.151750280809
9760.90306840256 5112.187151167547
645.8263825718113 6249.884114934481
3669.653579778649 2613.923018379778
5638.244394445691 6316.231224153771
7699.209154299888 4228.392923847757
6619.403760302098 4201.863661412717
71.13193662417584 6687.666022744765
1228.0332985975106 3847.1791043815174
1812.4501177228326 4052.097549858289
6965.703362636373 1613.9642473591887
1620.561382927821 2054.453024204902
2662.0186813602277 400.62281112548834
7320.210952691255 319.7506045625331
8731.134933991592 2632.4211046860423
9241.216642538026 3377.876547894123
166.43579904323082 451.0281068570543
9722.569065452284 8466.104414702015
4628.41185558404 9288.964278429507
3387.9873740881485 9261.22708153619
2951.489070323454 7938.388174108216
4839.965901210016 9886.088780949633
928.7489689688543 4209.989038173011
3983.7954659288075 2802.885273382697
9329.197597967817 326.5768547340031
4320.001063861001 7535.672240859853
3760.4331178251905 6307.290836269144
6233.089803101713 4557.108175796229
7210.269584586523 2772.1726420269265
5556.453755219535 129.5271271996612
5884.079588434544 6833.18349276779
7507.72722576741 3408.024572914765
3300.316159282197 6036.569740031507
7465.8518946774075 6693.307667269965
8514.882749169523 5682.8074032817885
3000.5542472051393 3364.649550703125
1815.719341637909 4274.189263404331
6066.894863369226 5728.355323463205
5262.178912318009 326.4433949593992
342.0010075120461 6784.733720356594
6039.467267612268 1329.5989200464253
6308.047030038284 5746.643377381698
7756.6300910889895 2254.645359788394
5875.001658590901 7035.256731821862
8537.264325733051 6676.358943719171
9088.611951481826 6433.77324412892
5035.342577305699 8318.999169268258
7783.550495885209 6097.378625755281
8354.23610818593 4630.40165029508
4918.600306951344 2197.835338662123
1255.2320673703855 6851.328524761693
3770.210342130855 5123.663205537733
6012.5337704516905 2970.7615652907816
8162.704812148044 2361.9457142198085
8804.948740465692 944.1515967774039
3477.881828030902 8455.382134788719
9630.1577785943 9600.466402059987
8313.693607567153 4758.273008345948
6385.675581198909 3775.2084369431373
8351.14925555881 4107.717145748634
7981.30705346359 8380.400101346695
7240.536186395102 1981.366543995483
4131.108507776699 3358.8648785660866
4132.513104407034 6230.6682444079515
8818.570883211616 7768.954544569947
3856.570898021662 2058.5994506907377
336.9364407939268 6607.212537010601
3688.823600687563 7553.482690049094
3277.2737112058535 8400.277351744262
153.03219019037195 7795.537727719048
6870.129352183539 5083.670551284503
363.226973023254 2320.4185210383766
9682.285029837682 8233.932897947709
5043.243273088084 1554.0482947774192
2828.348182580233 7331.906517395591
4547.935164352061 2725.6516675867238
2577.607840070519 6408.785225840469
4962.79318796083 4720.960155804141
8519.790999638344 5162.885905654123
8673.136212518457 4355.141689915283
5299.059024813231 9433.918721547114
2671.0067202716514 3625.08836864192
4333.784144656044 3782.866145884144
8307.351672131581 8643.268833329104
6910.351594190234 5849.405901957719
8199.019210947637 6160.436212871151
1572.434453679865 8145.14251205109
9564.559855386344 2852.0534898272886
6822.89311936943 7989.737957243622
8389.773422911127 5873.384726917247
4813.652418028721 408.3645979717354
5513.391487844449 580.7699381889131
2919.6133677574276 1982.727024113925
3975.245077518458 2771.686124357754
7875.861401835945 5884.229547038449
6783.714694226408 8313.77118911022
1503.1319544502874 9616.696057125935
5636.214441618673 2613.0697389924962
7954.702409019504 7357.370604106392
4065.919560995985 6014.331070385287
9888.578948243477 8208.766987209221
2989.891697442627 8931.276040027033
5002.049293761472 160.24812105111087
2698.21613605012 2272.320900246303
4961.382152815675 7107.0596819551865
2950.7150406568226 4557.328335508125
5917.645620540481 2885.859423476789
2037.2563358131922 7013.531875744705
3520.332734791413 1959.615302558273
6409.626333066023 1893.8583759137784
5623.676205153079 1121.0781718554729
4807.39458862413 7278.454638330596
2726.2407586288464 382.8539642574924
4677.143627827974 3700.294209437821
9592.586405412838 4083.436271816292
4123.898504279103 4078.3301982497455
1476.494758729211 5162.383796937271
9635.537852355877 8646.725979330953
4898.45943624835 6544.159488405616
8385.421790915103 836.2831583749719
6025.83698322007 3618.9685560214966
4045.4308061035827 8394.260026495022
9362.267385592166 920.2724267403672
6731.053167788724 6421.350450515718
5673.6668751869865 4272.470507790719
952.1227269846244 5459.676317140153
861.3059822643543 6918.582022218702
257.2516324903251 8283.218983514196
6838.185692404436 4436.578793994426
3636.9641249284577 3622.1984411144304
1373.126631574414 8614.353936111545
6689.98369379302 3695.4826594571346
6337.693862765098 4877.136796138705
59.08527722564671 5130.191275221568
2824.277185455506 1347.493160367582
8707.371662077972 9615.233125886956
7199.354497998991 166.8793748734565
8232.792496229902 1465.5977178046141
4314.166676488265 3319.042854926153
8608.168534029652 4166.795837928496
2815.7359294803073 5869.3959635510755
1485.9486618880512 6923.926981207956
2784.3630239365857 9270.81264686486
4521.369085083153 5257.4237865583555
7769.442888917273 6185.128081700774
5044.644819985856 6767.607711040773
1703.6376745539283 6130.9497441240765
5852.2726318114355 4332.762627601359
6146.154040600309 8192.215831880141
7889.480115063342 4210.517152255538
4839.0714761947565 3008.2638696177246
8160.307152240401 5779.897705036065
656.3728803006053 1315.0052984094084
6328.7600626372105 2991.5000034937502
4683.530904112267 418.1210821060888
163.93030078544203 4985.797373746052
8386.207695837595 3153.0314859557893
8233.926480876284 4794.6889992763145
7609.829161494469 6122.715776006473
8067.915888210328 558.964083874387
1497.4936393777582 5303.283873595995
9382.53080000108 3274.4394458805004
321.88611699710657 7468.536895092935
4908.342778912364 8722.105769272897
3697.565379420061 5308.573767178459
5854.064740105733 8942.691315102784
4673.194969808802 2603.8371307202888
5110.594254394007 383.6405668255316
5798.998225407809 3364.8114941888352
8923.958809074675 1676.569259104357
422.91265974493507 5458.921810075849
6955.685465777196 3895.847483643248
6189.626416439683 4920.006737981643
1401.0632818444867 104.03556614893562
7999.884967643679 1872.064829483785
8150.225012563775 9007.473133183306
4533.1519221655635 2797.8066865983533
6853.922485212422 9625.406792958678
5844.918927718167 6743.8693068410685
2195.330133143408 18.611702144529787
9520.657439228884 4978.3803011457885
5671.156080866526 3328.5479759107407
9401.612379551101 4602.882468878217
5749.8022148046675 8645.665810499851
3993.334174626324 6669.466433693176
4401.258394356241 2555.554486248043
1326.059316356093 8465.276859388388
9682.878457966146 9604.204308930595
3256.739514956901 7800.3937271326895
7317.130004219086 6378.7369961487
4985.736610361073 4371.413568099929
9011.871245260685 4417.526389657348
4906.892714239652 9571.887121235397
1650.6533095345533 1743.7205894031504
5817.8903994090515 1482.0951704933739
9420.007548416712 1458.7481294376992
988.5280951145226 6194.473293189998
442.62353340598804 8537.46998177057
7617.728684207039 117.32608989474924
549.7810411568205 2734.2209152314836
5805.809351251513 448.29695112983734
9453.350382414466 6339.054641478424
3326.7402829635507 2620.388593686838
8767.129623586672 416.0952636006121
5205.826606451041 4197.160383441375
7079.239062830632 2110.9648063612794
2391.4451282235896 4430.049527267042
4591.74946167237 8631.843731175057
5655.1800417780005 7489.60079006282
8720.66743825041 588.7936037130015
9262.891954822195 5243.709350354763
2488.862196087143 8518.552925479202
3929.970777637015 2379.81384975839
9546.467209876711 1627.0929165872305
107.21752797959616 2654.3052265156753
3217.740389055197 7049.79883499076
739.5052808229275 101.23991222203531
2100.326574665314 1259.2218534047506
7297.5757863610315 3143.7827852438595
1432.3127063509332 2642.9197345574175
4104.027501448934 2725.6237276877227
7694.422764097622 5728.994347015538
3757.7532097926446 7815.947487905294
3729.153381540804 3054.4935089686087
806.7947700469891 2940.3603031039793
3035.598566037272 251.94272841734588
1727.779158985564 2751.506864122416
4838.174106864673 3571.8375996152995
6740.8039856448395 8076.93817007883
6029.395628275834 6764.007154039886
3021.8486145466527 6368.119839815466
2151.3266976401014 6008.343408924182
9470.484497643376 7023.296602460562
7207.257081602617 7415.463932000372
348.86405097127926 8668.261964788728
1284.6335569993162 1510.4527131689017
8828.670694303786 1152.9026298365918
5722.211014405168 3067.9073201052242
1765.914841472066 9757.72134546708
7868.852276185533 2684.0942513382493
3869.1640696514264 2903.3677375771463
1358.347858176081 8552.093296149586
2835.00055680995 7517.535804304483
3264.094004921583 3048.3912444135563
6995.197707100127 8137.41121729313
6499.4047805546525 8944.462182969388
3553.3164794756976 6812.1867420221
4393.702299606554 4324.450338637242
8584.119582620573 918.984619411044
4501.768580657068 3620.149001326669
9627.41030409141 5116.858361552499
392.70768801086484 4567.047271978903
7928.600845728109 1837.371200774285
3417.2099598062346 7340.296123402913
161.52231040990617 1946.5786984231393
1266.170395172489 2647.0198318867156
8814.687343758793 3512.0701251079145
6510.662078025257 131.48089977717882
6330.424610798204 1970.0511909613683
6252.722222333864 7092.182285943415
557.0031554122356 9411.279681785263
3518.3557478650473 215.0688838560999
8107.068405821764 4190.992415490284
2088.622780336996 9794.571033950793
7811.420003187493 4616.792186459894
9091.622164273276 6744.306295207995
8615.353881240217 2079.787476612509
3867.639206671135 7591.838121753573
4985.506749614407 9668.11207228644
7371.679619894505 1606.9659965526628
8178.334734769281 2038.2732388273905
3692.064344073146 7230.600800704642
3567.0663649015232 1118.6096117764644
4140.711304712598 2051.3553359468638
2632.1695072280027 80.46677553734449
4810.185713624576 1719.5622084606155
3191.0792647687604 4936.524832750886
494.5520550355587 8393.502587608684
2976.1326750015005 9112.046166950808
1435.5155663797814 8580.216048875476
9765.361672684669 1383.6301196273814
4482.291672274553 3563.33160951947
5928.998199978991 1691.4002033736708
6943.097997253612 3002.944758745801
6475.250529201661 2504.368969230777
9658.112452999816 3747.6386945317063
7462.106482240501 5655.057925192736
5638.201989592691 1416.327987983056
5987.6323197883385 5858.279317858997
1990.667731161353 1887.6835428015181
3879.4297213320538 2490.3094151424752
5792.716895699431 3477.4693163445313
4674.622798998138 628.5164501010254
9075.319297474565 8289.207214687072
7514.946407885304 837.8327229663463
4144.557806122529 2991.157958792596
2177.213119728292 4739.285768784558
8094.541912468999 5102.688917425774
6617.636598660126 7.137220476846062
4555.3981325469185 765.6746492125521
2129.194486308912 4115.0003620440175
1471.8113625900442 3931.6551552837495
1494.41458272482 887.6381926197619
6022.039762823373 4913.056442901994
2361.6745304962096 7713.974466450484
1664.2831582647034 8326.852425938292
1481.3054509518354 4138.1716959481
7736.731779977242 6601.6308941606685
5408.494474371631 4469.465303502573
9039.582123117336 5424.096918280943
9813.183592153966 8037.766352756287
1391.7548837648087 1768.6344238995312
2632.865718144757 770.8761020534116
9282.006769496875 3483.6142570470306
5962.382384753754 880.4813357975561
3423.5770676929833 1800.725855138654
7795.530521019163 9617.93256045528
9273.46714487946 4588.6792476864675
7516.487519375599 5297.125051166736
2391.900595797204 8690.207323609457
8384.767722799112 5080.646380560941
2894.467420382809 4261.372615689332
6165.629405235217 4386.664891858435
9188.907694738418 2674.7664470573495
5528.548546925292 8197.875966694892
690.4428907537364 2253.2605959617126
4869.584040977899 2040.1432401351128
274.01762943923933 2868.551289908027
5809.160377879414 2947.2999333902562
9848.76645686121 1268.8181662614618
5774.995344148595 2339.9107617672653
6629.471742034277 3892.3904422715505
800.6069064071675 3419.6122484058956
3431.7380598525338 2879.4005136906108
953.0325667762429 5416.988221472505
3632.053683430897 4010.9720596274433
2649.10111988902 5829.755474383336
310.8669971043731 2385.580771539276
527.7961637843953 9649.371960435097
9536.26164077283 2784.791872484982
6516.960052849029 1498.001159175444
9747.759471539133 6885.663905390051
5265.780600809916 2584.094935784985
2764.241950771265 8744.686024018627
3210.2163593207933 9433.692720619423
7066.927190397104 3308.1894958654634
3196.7112679379507 5465.851980912735
697.7984435042295 96.7582234321751
7810.257484705904 9654.460695349906
9365.826757331652 5666.236649688797
2336.065401545234 8755.009158620685
5167.790408421806 3965.514614359944
2629.806083233691 873.7244308259928
2707.4420231333775 3291.3437119350074
4079.589635905766 8517.801917179018
2336.228237245731 2183.0211359708164
5313.553278221483 8689.293293917704
4740.723534793075 4304.853403438842
4340.127588523819 6071.541250734762
7166.38507442477 4131.890443089947
5403.75923080806 2905.8779734527884
9194.198514808131 1084.498365916906
1997.069430296039 5767.633542717943
5176.2304750963895 9649.91860192778
5191.129410609844 5124.3254716100155
1188.0584323906096 6984.038260311383
6728.736471938591 8295.234262268363
6670.504028687066 7504.175722004772
3171.2840887105654 230.39141629792036
4810.044974556452 6063.760644197338
798.0111531591583 9388.341117821417
1146.738598886251 7442.370219320793
927.1302659978043 7915.859042574208
6900.439169074073 89.65878541811412
1861.5289677826509 6319.143336103549
2070.545550190894 6329.294224118903
6757.448714379763 2864.821231959597
3491.47081646727 9559.099159331341
6372.740699653671 7060.438556634414
4715.475411551636 1376.1649854150692
1872.0109318311183 4737.935181218711
7846.4596140674685 8010.79037121977
5649.160086914257 9499.928273039319
2262.767315893063 5970.674479509302
7473.535336040031 1587.4627367005723
1543.9995413747654 1376.8664747669002
9174.1080461948 589.207558099929
7856.29746228946 6115.560510027842
3546.797721122593 2835.911404735103
2552.499752367957 6634.8963536457495
2203.266562659866 7810.257694166816
2808.0398650626703 7983.507259880961
2675.2070158103193 451.0831882195188
6740.394661610081 6517.633254707882
7246.3553891036045 7842.258265425721
3649.354479460871 9596.196852830439
4705.160249989866 9450.350804745207
1767.336097260641 9538.316512350037
1494.2423503564894 9811.527110123696
3223.4106782726467 2135.3131050229467
578.4863523902983 1366.9667227654281
4801.677600137851 7089.335454726145
4761.80091773868 3007.4037206714875
3514.0613925526086 8893.32058880535
6153.296784116382 6811.223453567332
8009.5672437149115 1872.0722252478884
5016.827861478558 1446.8878424896225
406.48162775997696 2371.8241379858428
9333.547489922623 5759.27284522862
8260.957936606592 4415.733286524116
1065.3320381284948 170.8447616952302
3074.880186481266 2535.3236467124675
6327.632779629765 6702.420655653972
9997.850315831434 6942.98119928171
4463.509579587991 654.5904481073584
3192.5997246488046 1728.1784553470936
5356.318676316464 8289.706162528339
2710.077564934856 6340.183670481369
5226.713337016611 5215.669608289754
1659.91792123395 4262.591481640619
8630.329861682769 9596.58137364866
6963.949872961699 490.08587523544975
8405.734453950043 2801.6383994985495
3044.859151379653 1185.4258259655182
5917.901256991003 7652.500117011775
5429.064664613842 4724.724760374898
1100.7053375120424 1040.6643377131852
432.3339878054111 3231.6678087076402
5522.610083614186 3360.231946649095
7848.600541098829 7656.394090987202
1982.9357180536579 1937.756119193489
5876.915100885403 7472.346858893384
991.7965358711945 9439.71151611485
1398.4032226735187 8144.4726147789
7894.997995152494 1099.43641028188
4154.562635401891 5664.72777677607
4375.889729742649 6529.237089019773
380.18046381322114 7655.932077705827
4599.3705055653445 2869.668164225239
8.613222310136504 4812.583926812495
9358.947730698974 6076.829360057656
1694.1128164000208 4777.3306856962845
1245.953793479847 6259.850723485094
1585.34503296466 2944.367107270912
80.72765368235979 1154.5647774573297
5036.198627471056 1136.111204601893
628.7712753733543 9055.69231750291
5254.428340277327 5617.085558627836
3970.5947129799233 8828.694614813257
9265.641413519163 489.01204991615765
9802.166176074968 9983.778567150435
9509.577496029951 1153.7016101640017
9413.58614052393 218.36226959377814
8887.593900067319 5235.405119471673
8126.809481100231 1320.6432333028395
8144.716545526729 5121.862885608453
1568.9401169550988 6875.732942006639
7096.571860398304 7113.373712544973
2315.8284721744394 6827.15776602656
5400.968055815691 7061.779237793352
2161.4027282584534 4620.345414806002
4325.847497306843 1336.34063779548
551.3708145314644 2391.050734696988
8279.781476483802 4971.057470523331
1565.6276371618517 8460.501056296052
3748.139301551753 5928.063206228816
241.9157745608258 9260.367660567606
3717.5096406794496 5554.305943116179
4003.976192194456 4734.5005866792735
7672.906268230203 513.8015608264524
6490.644034617027 2250.6892611456874
816.7503959191447 745.3237235218968
9178.03512228689 9104.543357475472
1285.5621381529259 1325.4790506887027
845.1804402787055 7808.913486995536
829.7617488148146 3509.6831817272355
6154.163190594817 1536.0987155841299
2673.9204511689086 1678.6434110130388
2399.021519400637 9316.42003087665
89.26505458691003 8435.522551997923
7823.37687737611 1895.563680175567
587.1845138964793 9679.041719807661
5814.958606473284 9514.425744575823
3581.9484352957575 5120.357430171487
6755.890116387869 2299.0213468608213
3872.7923982570587 7416.6228845513
3340.8128074754504 2434.345992556063
9359.983393034521 4861.7270640006445
5770.621060359871 4844.907169274198
9036.432339867206 8404.77876705406
387.78988201994434 9715.971793391676
6485.866131463912 3659.4837322078797
9039.974716028804 5863.40118330291
4870.538280156185 2522.637774236055
6741.770756437148 8696.278895699485
1705.8955833565349 7037.542336849906
2050.21882013245 315.3560808125089
5596.580995770505 218.22150153800513
7977.84939538088 2151.677819971636
2547.6045004084126 4692.899622239721
1237.761424319115 2473.572567085878
6466.463441545554 230.27997031411894
4148.429349758943 2076.5192993864534
7036.450164061729 5479.736047205623
6621.645101679875 1519.237645771494
8268.336868192857 7586.614183276241
5315.193018252663 2380.666758706006
2727.08144612537 5736.413970765824
3252.5694466086084 3186.3357009368233
9682.147905605054 1136.7019118686317
5995.255163745279 7888.948997738119
244.49466389596773 6463.182719306441
9798.75372595933 1086.844667261292
8930.229075107743 2376.436706241076
3091.8137533479994 9525.305240012156
9030.38758249123 7358.405908975045
5088.9533648625475 3849.533788981405
8668.246423333198 9822.794477077734
4379.610035872602 8064.435042594061
5490.0281069176235 8221.119877743999
5932.942497699206 6705.168329582546
561.815772469616 5696.238459513321
7115.5115959916575 1333.7654512073682
6234.946197020274 727.738526349967
2039.7745539603973 8650.942128692528
8494.100161973825 4168.677429934666
8844.527840243656 2248.5482691147286
1616.7656223429926 6090.716775325087
6354.133482020408 8826.943144654048
1849.7021371694666 2934.785825230848
4971.575602931844 7562.898706339572
7247.484164552109 6606.98309444881
1631.0882511035752 8237.46937745822
2820.1610011269863 2364.503093981567
169.30186838241656 9719.591481432088
3701.5165747719925 1603.9562175623269
6569.56360700152 5450.005600428572
4176.370845915847 8994.521003652775
3192.2792859541582 6681.421097504998
7094.814928456257 790.9568716036075
7324.8394983038315 7404.672558390603
6453.228362038172 2616.5719864582416
7167.886764177375 7126.943631342008
5736.373607090961 523.8277701598392
2720.3893919839393 8966.964201616924
5991.825422570391 8720.33432600767
9934.186424571653 893.4120472166185
547.4361570570042 990.5736689707645
3979.3748869922474 7356.58230360308
7784.498346548517 548.7607853949461
1495.110915153849 7049.713210010048
9443.715352767349 4825.834808185493
2296.102895890558 85.18246734213531
9568.045336350746 7523.649086550273
8163.271842645181 4482.125687317555
8375.936785366335 162.00591133533447
67.76436780177475 7535.843624867976
6110.426005269795 9299.263151189833
5460.702950859812 2375.7052485331565
4224.021699949243 3624.8129482381432
4106.760897214731 3817.074066159911
5136.254415522819 7201.81807426287
4347.852455068266 474.11424487561527
7240.219179071982 1281.160204325732
1653.936925319417 2024.166027672719
8836.398872339098 7312.643030142017
7851.130336708478 1500.7031939560368
3236.5012348406676 8047.061130208558
2513.026486115677 2540.7112060324666
7407.001160972049 1952.8326237652261
7659.333129370633 623.663807587952
8211.532919007725 8563.464098358932
3126.6284041745284 5513.08930166808
3563.22526852605 8827.200365434455
2759.2490947021706 9348.058284667359
612.530640835266 5047.78601918629
914.022994114514 1130.7444166105518
9473.0522262524 9585.345899066551
4680.762966397868 3717.543288259748
8927.320131600118 128.9672530657926
9691.141262945806 3845.0586545149645
56.431039699061934 2057.649439084077
6421.768599845173 9208.597079506062
4801.907618030268 5173.858162890557
9493.000633919943 9159.636480538522
9095.097350479524 2924.00586530539
4623.205203816856 7200.065321758191
4378.875420029706 7112.753351412011
6618.918118532119 4124.814628053582
7098.3746399228185 73.10932331849985
7064.526460356595 400.83648624753
3051.9159075104476 9271.880724189014
2220.815178831329 5169.206415963119
2370.2683517713185 6410.103536412846
49.919028813462106 7118.459466970799
1331.8158512525667 4220.665222206322
254.92587723752735 9401.095189091802
9223.168414740625 9370.407409954814
2755.5775795025393 6751.515453683728
2019.2021968846407 9141.571012221817
8117.219948317906 8012.488651146556
9783.468381439772 2897.5313577985494
8108.3548646043755 1388.5586823435492
1379.365096701478 6730.342947478501
5782.854848413043 2918.6484301907444
8334.417633041543 1142.6944531585293
2266.094344309574 896.4358022109442
9514.466471696755 7134.453694543912
1769.968939105685 265.90314435298245
9641.51628181147 5644.055970890307
7269.960821083145 1380.7978084001215
7628.450162044828 8937.573092082039
6748.127550742897 6940.561468383078
5205.76840132139 243.37388229747737
3939.0805488626656 9401.617780860544
2379.964546112566 9697.868447000335
8111.734603545001 8711.737268572208
3890.1016518342412 497.90260281259435
4577.802917303585 6826.524280759674
18.60943940453219 9047.952408282754
1338.7230971339914 1140.897122667951
5864.270495307905 6845.341883117806
7565.897189542474 3704.7668489998855
5499.822400353278 9864.287496480405
6454.835879416091 6890.942962853525
1313.5524831150547 3279.651304721337
8401.996468097392 9044.621744205398
4273.713944678127 5513.861917514009
423.81082521504186 5567.646938450203
7856.550713107519 5795.540258898822
4270.600653742612 1877.054290406579
6943.164783567426 3685.9477504165284
8783.780121957248 4726.243413302612
3117.416334964671 7359.447497486559
1702.9515405523532 7488.446940332898
9486.500920401157 9816.755020083017
2350.1993574272815 3175.9961630813714
1397.8006986814462 8664.822891150552
9402.093376572699 6205.208604978081
4240.053835310212 5614.794011254801
7305.616479423914 215.55321254920656
5893.853185803899 6429.5231739384
802.4294256131337 4613.076367005481
9335.921219760196 694.7574721598903
9496.595651782909 6931.898064799211
403.5749888201523 3493.133788197252
3434.0880831342893 1593.9207328146288
6790.242121472794 7827.736330635398
6258.103766916779 8195.712966261051
6969.841078518525 7472.03166340296
4662.4127325078425 4062.869340633141
1937.2956288790676 4815.5803476364945
1585.6790351802729 6485.965418175417
8404.404275505212 7229.997392199127
5872.8831576780785 9788.560950007164
9404.737774981562 8497.217554475055
2975.687697578265 1176.5324607453997
7138.193740199079 8922.194244894408
9671.78709434362 7179.340532235224
3325.2885465344093 8894.744122209968
753.9853763984017 9417.670587903822
4343.218742757932 5870.3221131877335
7172.950108217867 4418.209745810234
1980.1816667615935 4007.0959018290387
3213.293804150905 7245.150214747767
5771.392187922173 9026.760620620133
4940.836347516378 2829.345628071317
9569.690006097979 8259.117530475405
3379.605645601834 2049.8606929342
3255.5852777708515 7285.515823516366
3660.3361813393267 1858.9984343689136
306.0375755397615 113.83773465519775
5727.9307609853895 40.70367850080303
3318.2262227541028 9397.77945000281
3103.5491732779706 5553.581083415799
2524.012819734106 6855.766800185142
3667.695507594463 4833.583753132367
6832.756246642125 1749.915026358969
463.87683729134153 2917.7652379468223
3004.594089888788 7053.025063334282
1118.1071612363392 5799.311197610434
6183.251846946979 8761.68408512004
1627.7386170710606 7035.393871656756
4206.900449009713 3706.1186164359196
3993.798407514001 7303.227681111684
8867.5322934044 5162.523898461454
7454.220991086362 336.022594824289
9603.780105157415 3591.1730940807283
9921.060333635465 2469.3683494824336
8989.057675287448 1903.688813695721
9632.974858160744 5889.905922585013
4816.349103689788 805.4354001736075
7004.980882368358 7601.972640776662
582.9358095869009 9964.069093104114
3190.6708822549167 7114.235617360861
4742.792350664729 5022.862512109714
4967.797720382787 5897.155597551421
9221.346375568277 8807.498366358033
5216.329366917779 773.4494500771971
9376.740715957032 7467.601932440012
4478.780321931364 1577.5543138870096
843.6979800371802 8749.364268304844
1875.8317303768968 656.4160960647092
3510.5347236412745 113.18314779918737
2995.951486708135 8082.758529910949
9256.827785421545 8990.330464646586
8285.931865363726 1813.316223910858
8018.68924874731 6115.22697514626
7939.964657457177 6448.341576415063
6250.55828741541 5574.9891831405375
8318.075423220553 7735.025865687028
2916.870994538815 1985.4902924455907
520.4443504462042 2506.301054873745
773.9237800192134 6033.249696135184
3902.3409105418527 5357.818028996845
4891.699965671819 4515.054449448925
6035.106287893366 4039.7246358888337
6117.376251843836 9962.280456460267
5901.816821878889 5276.19482325367
4496.690064144946 7954.473142072635
8961.9687922935 1524.4904358749911
6546.287647355959 7306.814728327019
1127.724598940969 7046.660621708911
709.6395018576707 9458.689312629505
3664.9661457733596 8590.817429516812
7331.055778240385 8595.633615461173
2565.6017143279773 1965.2509903307803
3046.783250961865 3304.5367849034246
4033.278827183351 837.4757303405855
4619.132830213587 3892.0374457119055
2382.856383861125 8201.629171653785
3929.0211315493784 6888.635227750826
7874.691851595941 4131.471526379686
4094.281440784211 9716.119935899971
9788.007534994287 5672.56194897221
6495.533981378349 4013.4957208391907
4383.293815238293 6026.017620863608
9868.377516812192 5696.655574607545
8311.921460867068 537.5876475733144
5560.099346512611 3469.644100596151
5501.828541081511 6429.602651276072
7551.06841814668 5210.414721178807
9581.357371871654 1699.689961028663
1905.4204041755918 3421.580030531709
4499.014684828917 6158.971501334154
7942.599939247432 6766.716933139642
3155.1367760674643 4193.788794617403
2610.7794821872685 4605.379048512973
7582.140651671557 4508.829904728061
295.12451486589987 5395.037094811246
4493.245249531163 6845.860100266339
2608.3301098030042 7845.75456657843
6865.253387302996 9471.083594505113
6587.80534828942 5793.475529878293
5629.183241609599 4085.4989498186933
5163.338591793767 3900.3893855511174
5513.247723009391 6736.427902664011
761.0238963357385 1495.9042119948517
5615.874997703877 4294.738193545414
1473.6882210227209 6139.350347276478
8382.174316786213 6111.097642302291
9355.008315327674 6815.602863891914
315.4502328953357 9575.932852891596
2083.959431037682 9067.398741482286
3976.0724977686045 6481.5901221450185
2498.1938040080554 823.1963885174664
3603.2105447680997 4321.525351086699
5309.3966942544 8197.007929418065
6040.648067583508 2960.175968674986
6690.624475503509 5116.707795201994
4556.092293012547 2468.5028481982195
365.0764358256797 9279.903856009423
5614.100205242155 2344.0062098499293
3327.714474325547 9641.535456677166
7695.939796809488 5820.360517658792
5395.586992288713 7404.934473760894
6855.417901710099 5520.632605307028
9409.676256884011 3318.1725107250404
5857.899459992325 8319.379870178003
3100.534363544962 8970.088742031701
2470.4519334185284 7952.750645615641
9381.930696763293 8735.47552865204
7754.250239608909 3652.039761865018
9151.18486177082 2036.4715974470894
7056.079448092778 1874.9784056824815
9551.811627102112 2667.298997766314
4803.979056223599 6070.366882793287
1093.5592253772131 3072.048779041262
9182.77037591142 6335.484921701099
9026.87583054285 6670.306092813998
4298.417679168333 6812.044480420538
7933.288035017689 592.9775151435557
5535.87132376154 3715.2786690466564
3620.133845805994 4520.768483756916
8473.250206623854 1002.0848474966393
3097.543074268968 8710.328685459448
2935.9163891210214 3857.9712261182144
1667.5092485944087 5748.16811353881
1557.206407141214 2418.884850413131
5969.3560366054 6090.020712188927
6558.279433746328 9442.824540861107
3202.845426667532 7023.41346970521
9367.751160071764 6007.471443237368
9689.638550739079 8333.772209244162
5172.480159423029 8733.899492674846
6435.765048098586 5659.481867913748
8524.083547882226 522.7538356818584
5422.212765278678 4288.88671436905
6721.453981103448 4338.114389956548
7977.702509153593 1982.3021338451629
4847.758892561112 6185.591718943313
5777.169072481945 9294.68525040186
61.1036276240684 9105.026402119549
5761.414039264666 9829.68763692986
3021.2442343550238 4734.494653040077
2587.8608826072013 873.395495629391
1180.4376224497082 2801.1506013074904
6099.284333926036 6936.135478010628
2074.7212155933703 1755.762392111505
6736.8492288426705 4873.310850782277
4722.615735305498 5691.626706917099
8825.738490804617 9461.29977269955
3771.4499225780573 3674.880878778899
226.1103180686319 2572.0343666017475
4127.207525719105 7662.047090562851
6969.0726809697535 7419.956546183324
3462.0016133264185 4291.986738769617
3186.818583913812 1747.6165726965232
6213.980567561388 4013.258295265133
9898.018067480969 271.27034190334575
5477.679770102623 8244.20867391048
1024.0170907623026 7225.4015010679095
8528.529169473699 1561.9492539660462
1388.3453682681202 4425.1728328016
7633.435541880648 1277.7043216391394
9391.487919678235 8908.394489875958
270.05682750873336 1179.8376415906064
6554.829865454981 6923.670317587098
1910.5938119244358 9712.200904633708
7192.136247549639 7798.961664982154
121.62315036735704 5404.267322240066
4093.8817993690536 2054.890018184817
889.7013945521314 3980.851607692605
299.19814271549996 3019.6744613241167
6803.171250273124 2253.0300393686452
2782.160384766729 157.67766497936654
2003.8087533926218 3628.225020667446
1193.587054976174 5341.115265639684
667.6437321636897 8876.22200085043
3676.48108138235 374.5596387765915
4182.501141043867 3649.2345926919024
2212.690736884677 5224.448527393289
7160.503795781506 1177.9503694328407
1960.3289174064753 1610.8820815895474
3956.986305610274 4551.823275841012
2605.9300724461377 5886.580050438774
5462.970700930071 8040.7012790589415
4882.292191867658 8457.93838252688
596.5565266737427 1026.2163384341438
2092.392816721653 4395.708588754142
8139.284992891035 1285.1785015963092
4731.725554726965 1337.9000585932731
2346.734137832429 6603.55387533159
6115.856926213463 6305.085231719159
108.31311079746663 4998.432207564339
8296.958206269825 2628.359828976793
8339.414796588955 4186.714728839304
492.51193867353214 1832.7965486945197
7759.80625441793 363.08403967130977
6751.359120330884 3024.30331824309
3245.3195213672425 4836.14655132143
5646.6936037531 4095.3767710780176
1535.6257398499106 4620.463248887288
2412.5700410474738 4895.319155586772
4239.069234899105 9693.513201594445
3129.9452150242855 2403.067738311283
7796.243833618537 5300.467338927363
1320.2204673573092 1895.8599567521928
2347.1946964048852 2425.9701083832874
9618.714064762959 6124.536877901545
8292.83892669589 3350.959212156498
3077.436343511546 6586.36984173265
2749.3910169550973 2073.884976895172
6086.00086786652 7128.864718868747
8065.291728256856 1299.5106120059763
1901.4557012433154 323.0864300060488
1103.3353773844844 8684.810970018561
2342.269160685496 1312.615859467019
5086.398583971985 5080.310038894631
5328.662748345445 2174.3334879566924
5463.3734923608945 6616.528771627559
9640.931999601937 2219.8055591430643
7472.611802402987 659.0412839603488
9519.353425780075 6121.114926956073
5863.392322393305 2891.9669731791278
6543.725423825114 2262.5744599701534
6581.621827702602 9088.550385065988
2607.5454926957987 8299.821930909746
6134.189718282053 488.81681855441616
5741.28190941822 9550.383682026099
6817.092557794805 6128.1096080768275
41.14414981828296 8544.86994671348
5025.653507906553 8946.650822837382
2024.2178238806719 835.5421274016217
5460.862187545497 5059.093352147223
8357.777080153848 2989.0708344206273
6204.06227447551 7174.357351174262
4100.043712457199 3582.880994022348
8352.922440721533 3829.8774877400488
6341.611482093899 6979.560263325177
9194.821155698772 5840.708496516741
5451.214927271216 2671.384428244378
9739.489091788902 162.77501445981946
5006.464068133268 67.0876624191985
5840.9448385000105 9230.866711375611
1929.6309089129804 9735.592434993758
7109.474927714398 755.819919952102
350.5178708890178 7326.482180412404
9347.599365095866 8951.648351951644
6282.89683178395 5654.584899904021
4339.679615443457 3212.212946513997
5327.957947219907 3766.1103829286203
5483.017234740692 4368.355177705924
2307.661510763296 9196.36351277434
8969.006507631468 1830.2398800695673
9982.839300592403 1084.1335541314445
8006.095405305809 7155.983545580277
3825.343268841217 7325.438882180575
1922.0221188999253 886.4767387072736
1190.4975478715019 8529.380255888062
2890.992243614311 9847.627631842282
6175.554161512118 5181.440897160419
502.1668895843856 1545.09374203199
5951.816619257745 2124.644470415109
8419.032656171285 762.8869423061379
422.5386534148712 6236.559998333982
7974.933043751425 1026.0699798370465
4685.6655821706 9010.22535204459
708.2357355770097 199.09198521224968
2969.9364724609613 5639.634955689413
5561.32121318962 5165.13192794759
3464.816419108017 6165.516008327285
6750.7770599893665 5268.158143999436
5779.184470339031 2254.6986151910064
5161.88574819304 7998.227208200072
6640.656116881004 5266.45845369875
9528.697969266283 3261.8842319557984
4886.866693095974 7401.794156701337
3631.6859747777476 4503.349199100728
3802.0051207704732 7936.6744656053515
2278.174774718322 5928.503605313779
7416.328757281828 807.873548892295
1926.4517545278713 5132.520094331784
7513.354840452926 8150.085686519309
1472.659257526764 9543.304540292887
9778.866852945657 6775.593202328179
4940.276955927231 3266.749878293378
777.8361867364503 1042.8365015362951
595.2042323211303 8156.128868242689
2259.804712254897 6077.815749680859
355.15522834338896 9226.779337390582
5670.232794529056 9892.329384200088
9270.286052512154 9898.564903837303
7684.769684589197 1585.633624812457
7322.668334758829 6972.423756689655
7085.349793493732 5521.1882519045685
4825.437759368362 8733.642989921736
4361.483566561214 8137.724934307471
8298.139571770986 2123.3262402167743
8047.052005329677 4883.961386162733
5853.001547682578 6530.850811548383
5992.376422088984 9658.855430544629
9847.566779786755 2433.9355908898265
5523.283695732778 8094.374914238814
9842.319241905536 2849.2761322517867
3753.3398605361513 9035.337899454278
747.6454602764893 4355.5195510016665
8192.382344364507 5650.951462171249
9452.667145912923 2311.694477629007
8233.929125631814 8755.262548534183
8199.195683449178 1818.0270726467284
105.99833736484432 118.80490117678333
4497.251799614663 1952.4093447678747
1434.3284515294763 2821.310080798547
5474.303675742901 5864.612132642921
6693.933865302284 9025.425424934407
9208.577252403711 3421.6614940150234
1514.3928385129802 2943.9605186924987
6817.493484125782 6271.63015363749
2056.213452637201 8228.26476215233
6855.497629938345 7429.417062294337
5490.074669738621 4522.909836175904
7921.23804197957 8786.922004640377
8987.698134992896 7511.937773573457
6282.266125795844 311.3484467644945
7572.553462421941 424.5069414680802
2796.124064985649 4119.194631016998
5680.5569769092945 2672.848375177398
7439.89337492772 5099.821050787524
3345.376653317741 3063.0241862443686
355.98256047715716 7311.315149829111
5549.905487682072 849.0564092635367
5480.128650134336 1982.6948491080466
2474.9254650708917 7793.573124212284
6538.298708124792 8630.32664099184
9127.927831711777 8353.196459911229
5482.37467782072 5532.7587070925065
5149.519937268362 3124.4778752943294
280.21013870515145 9607.0009055136
9471.791422390268 2766.259199531339
2383.850780850114 8590.605591364209
9942.472772927498 5756.920277036777
4170.41191367334 357.7403700946991
5030.669082315533 3550.051254894235
3183.3143251932006 5183.762359852513
3294.4061587567785 959.6652306638186
3097.2740285390532 6821.639715485588
6417.178625460852 7936.143359784545
988.6552526953341 7364.888303562295
3310.1436686156717 1286.6860113317969
6713.489668262055 9045.522909653417
6028.555565630041 1349.1206219994433
2978.674347211996 3351.8514342162466
3065.4911849924138 9145.492809102332
4037.5623473462383 4149.7640624894975
1962.8687323189486 4121.947577567199
6849.3590478593205 6852.5004898722245
1119.215744176658 1223.9855367877628
1012.4484492146557 107.70979476309006
175.5927846813754 8761.257911095026
2814.968425205366 9956.937703860509
9425.538996660658 5283.6369279025075
4341.663521062133 8971.510420467022
1321.849267364752 4520.386507011995
734.241506678045 4480.11217178833
1342.455157021387 2326.823608112529
7423.168764262033 677.1754745921843
1229.6290813266576 8537.9511029128
4432.038108323749 9137.54176768296
4931.186186009566 9646.112131991962
6701.346747076037 1061.6657283537977
6449.310323077488 5299.79815503013
7786.728221837767 2436.977707073654
9242.088027905704 2763.3193821126424
9257.380917098384 224.83372213363273
8824.779820606216 8682.127265092982
9653.640976645658 3668.8238059030855
3782.3189322355756 6766.152161607204
4958.351888991128 9869.02488365524
5531.476268242234 3333.6024456051696
7194.884383079305 6878.123266469847
3860.5834593878517 50.24485569086301
8985.36128514574 749.1525282550981
3526.6635122276766 4654.267627539412
9685.85157029258 5200.925113798468
7004.263720766924 5974.404240113481
3060.9951362521824 3866.06037338866
9857.247940445459 9129.074016928986
7368.722415280353 5447.844231225615
8144.250782471396 436.87442606835435
6196.443654381016 1535.9805743219633
1770.452625896789 9273.836182811698
2423.275457081928 5317.623467814424
3762.7893477532 5880.4352663602685
8278.58394663586 6968.906650094868
3072.659271646955 9951.426196641705
1625.32189825906 8123.516907286258
7699.646933614285 4734.14698884185
2317.3422584643477 3488.6864009801398
5681.733810582764 5316.020097920717
2763.073980026426 2415.2998653553914
3811.9216253713116 7799.551029159468
3673.6473065738696 7027.654410041862
7818.1439509856655 8143.208166832458
9381.760948735024 6379.722544487549
3182.798655969803 5589.14243652095
7088.286000628067 8028.6101985928835
2780.183552688418 5803.782757091361
926.8034844760464 9402.218649914856
6074.571458500143 3124.9262832179493
4831.976168408375 1386.9590204515537
4748.616818685133 9639.014350225409
7855.8613741276595 5672.681649097189
1321.2358740749264 1204.8677146681607
1796.9669130643451 5565.827250756149
566.0538342012744 6995.230255056396
3790.065374117999 7218.119903956691
8355.974132095524 9645.050678413449
5850.47875844544 4516.9610840927635
8936.36768137862 7675.506837114969
9274.745884558452 6245.004624674114
9568.837657596416 505.3580235771182
4270.2999480850885 8540.226085630518
989.4721866681888 9066.289031201411
4219.970944642496 9174.123438995695
3189.942565980327 1806.483315350621
9582.845465894268 2714.518172665018
8656.764941150668 6696.7488413934225
8591.207288551215 7250.750918136038
9393.491593698483 4746.088918658065
623.9962617224493 4032.896045177492
9802.553682301885 9488.696209182839
3420.415556150452 1112.9475866269568
4817.931482311657 9921.92211117916
7143.02919865093 874.7519758040756
1556.7756693118463 1454.8526874438282
6707.891237052364 9200.803898098411
3197.5636623056203 569.7014701989433
8769.94857415964 947.830009247178
5794.324191667166 4103.303908617707
1285.1680302617851 2389.437053556985
2300.9147954051036 3323.5856659939923
1666.5362140375585 6332.90527777374
3206.294450808651 6305.939124148566
4209.289908067922 9728.556175572548
9871.183755161177 9507.039662938249
8681.427936439804 6763.937878674866
4908.458707742878 888.694325095476
9758.771174105008 2671.4070676998213
3764.0762984218836 2461.906512230466
1329.5304792350737 4776.51181658201
3032.287928308548 9701.408636565764
601.5501336901885 7675.908868795847
3978.3400586533903 8923.501153036725
4416.094660167759 8857.373723112874
4243.828701389381 1425.1075901687316
4205.255442844847 9560.797035309737
6774.311784273699 4949.53746068805
6625.749847775883 3227.8807391551
2635.749309013051 8874.526468907148
4060.0924677411654 499.5816084444016
3575.789229448767 9410.699370791144
2896.821398547844 5394.1745819409425
937.8664803427328 5053.68323088659
7784.664921184047 2035.1378069698867
9850.543271297589 550.6711176883749
6901.235020672049 5096.89006463387
1491.4672300414322 9722.31934716056
6685.043354701122 9997.736785000905
1664.7766259857945 3623.4382356888796
4450.327857217246 793.2124828770848
932.7369404866259 731.0130682024452
3837.394506252256 4709.332328919483
106.84779239235498 115.67056171084111
1146.8716647079546 2304.0963828558715
5030.6056296237675 6882.785465979051
264.4800273932624 1356.915430574651
6275.569799578623 1562.0007504019472
103.62840147348118 759.4582626785817
2624.3263206510537 1579.0066718431428
1276.342687724542 7917.747072016274
2028.396202762399 3461.012893139329
8048.743378217453 9474.154455029482
106.09693378331175 9007.416026203045
7545.48746287226 519.2857037490761
4184.806213706209 7299.748269970902
638.2932304483269 1887.5586055434323
394.03998881646584 7130.0700421918455
7986.87344316444 8616.617293072393
2380.2059550767017 1194.54692371872
296.2996021648867 5199.549771338172
2840.8483349907874 4229.029291591013
4013.0277690456574 4870.204051962678
3265.6503486095103 2156.0333519049746
2402.5200634901057 835.7245855787332
3023.415890740135 8267.596252585876
7234.592836526951 7106.763520860353
6248.706575444223 5486.060609878677
8148.3327395828455 5374.644736027169
3858.759002122215 824.9185803689962
5176.6226725804145 2246.088529882655
8470.76518308575 9314.425069611401
4881.020138550471 8069.934023015962
1991.5473280112362 9861.76827554697
2080.9369670602496 4576.622917573672
9216.115828548976 4783.163221813671
7256.772008453133 3600.036170292529
5898.550829423482 8075.310838837697
4364.848139519119 3262.6049443235315
6448.096488857834 4886.246118601653
5022.715318826012 1178.4454935047884
4655.320504458469 6100.675259542619
2806.573131251231 6465.589927806712
667.6315638337671 7472.479044569615
5748.28516183998 3657.2252505597035
8810.41175590619 2317.139149798424
6027.641501134878 1963.165602193324
3789.4689689434003 419.4235781197553
3326.2489153579054 2756.6242140028485
7312.464382218635 3516.740095610148
2342.6133782510374 6647.672101012369
3231.4320156694253 9486.152834654515
5563.69634542 9053.60189380836
6935.45158066896 3193.1268661178756
9546.420414472648 9787.73969289181
3911.994016506143 1852.650869501068
6683.308213932826 7862.082263953057
3147.411133832624 6708.461179569967
4709.639788228317 7435.456691595084
3351.492529630766 853.6708319692355
3055.215100519875 4637.738449042857
3867.969156557116 5096.184934053723
8552.016116268602 7861.9780618756895
7572.292148927403 9914.86336995313
2979.759972883851 6040.129788987205
59.97143719974396 1757.4641229970266
1464.5433362953586 404.3910913772042
7993.211785839325 6198.989205925542
3841.4770342024017 5284.998282843801
9600.53356986395 8809.121139742256
750.4173194630281 2606.647383501647
2013.5255722438928 6970.025521090211
2454.597774204238 2919.5391988125984
3376.821558652375 2340.8692989091774
1155.1746283735554 3037.3744867355044
2481.8525112618563 4182.980888104886
6920.398615092523 6653.45694932072
5051.877443428415 8339.661949400383
3256.3273600099906 9667.38066218728
3745.2454208057097 5307.231294866706
816.702047537966 6378.621539717871
8445.801404587046 3538.967995109241
6782.807477573698 6189.663497122673
4473.79362622658 891.1892430580237
3039.8430402052754 3010.133932809088
8977.601692577015 7950.78701774775
8434.534221454696 1164.7371328499312
9956.049723346914 1876.1167503106635
9119.414033645726 2281.616308296673
8113.027490459684 8338.215147302039
6272.414352515597 7374.0884422124955
9060.594942744227 2166.898784540863
2326.1002275137034 7127.538465084561
2263.6943416130607 4386.376886189659
5249.092021668277 1264.575807454349
3559.0545541602846 4467.585053586503
5392.919589527038 4785.392247697644
82.81717636051566 1829.531424923193
950.7552622089743 4866.583441418406
5.8750851861655295 9889.515859134985
6170.176985449037 7250.52770346092
4602.860942161738 9292.171114045936
1120.316569443177 5068.741848105342
6870.178294870434 4339.843737869473
3034.4479760991026 6216.462330150317
9160.424541697681 8101.918767499021
7032.2779168272455 7632.029228198298
2115.001366720903 7198.262351990902
8371.902202210495 6133.477046254277
8553.667114911597 6832.041536691539
9289.591638187898 5826.065096133155
8919.237591194968 289.75561864219566
956.2813816014626 1518.3100200405297
9377.591102739178 4831.389595054968
5112.832070100621 6070.4078595817455
9737.591397991528 7661.181893153361
541.8423610189716 7147.762809130981
5982.4947793744095 1499.576105754744
6691.988862447516 5463.6709806889785
1393.855675245962 9169.500756710047
491.57838447610015 2269.0286801804914
1000.906083100952 565.2066378345011
2671.194690567269 8583.269097402204
6402.829482772157 3389.459831067456
6761.031479133901 2459.5579328914528
1888.3099109950042 1124.975472041271
7336.70013966289 3438.6041793796385
8216.184021947198 7848.5514805921875
4058.008599008187 5269.272258628344
7422.982123139777 9701.436589078146
4578.408569385739 8960.510770914187
587.59280871438 7097.052726434559
2498.512266883661 8277.939307079663
610.2429431981849 77.26372679466853
6195.282015627918 8909.764211377587
3752.435774945282 1620.9603937823813
579.2008134074367 700.521055853347
6936.441287350327 163.8154201942721
6614.932949098335 9587.47170518509
2617.3919780378665 3105.634295458052
2786.6891772617796 2173.3091681098394
9417.982633936583 7661.809203473636
8597.712426173863 1230.1545276281267
4655.232059601681 4057.9605473157867
2664.0029066965485 4853.657282334429
4390.714573516087 8771.927220966796
6995.607588955753 5472.33565063976
7700.123270461918 2294.8495323343823
4654.4969968734 7466.126921125893
4484.980192989802 6713.158990830765
136.26135970270403 3759.443533531943
338.7605125134696 3305.8772561010387
543.5549600170452 2427.8543553998534
7731.653657015413 9306.695000177862
902.4275100881717 4093.848225414548
92.63390497668334 5997.885728168757
8818.37760215727 9685.95563242454
4244.468810915457 7383.186784763672
2077.171938796579 5996.8373205855205
7086.746996138242 9829.35416672086
7766.174444765409 3399.778817720893
4423.95554083499 8271.182329058429
3025.1329653769308 6069.348435142776
3400.098586820481 3842.352265182608
5631.072853004426 100.81879659954107
5128.2935977631005 1124.5513222237125
7280.155422676256 9034.267310729105
793.2384868664233 599.8900749282953
3650.053711076949 9463.104206907256
2756.398844691973 3346.711415502175
3109.608450044936 1643.1085861897388
2008.2109904477463 536.4750721715095
288.22848287302526 1316.871923261209
4688.554092219432 9869.469644013194
1625.6991619331175 9329.886480408706
3336.1997442442093 4729.689696588261
7493.770298198027 5038.3384408262
3029.893744921599 9544.289636921525
9514.097831017345 7994.991309516518
8648.184292528893 6600.6029844987215
2292.809953974758 9948.38424946546
7102.060905806701 5403.7997475472885
5950.184301785013 5801.8830305430465
7583.922047713571 5550.825784361147
9544.61029026407 7852.96136588406
3628.3429574270367 8051.350715727672
5773.228815024174 2369.415276016541
3094.5678330337078 8044.026381153396
4177.3319911663975 1358.0354207297396
6057.6031493730225 3936.4394096089395
3488.819864872719 5242.601444111652
6034.24422438678 4139.714303762072
3724.702556814993 4091.8786522520877
6972.316967441145 2773.808227754612
5169.852194368693 6024.635489283567
6995.873720416324 9987.108918437305
4483.899931901337 1467.522148746857
26.029249577843583 864.0343990684652
7826.386135545421 1052.9803936014393
8086.586340384429 9286.902147055094
7114.967081797683 3118.183765892131
355.5404513620874 9573.420773074926
8314.692517600311 4002.3359951427096
9838.01643563988 9228.730795658168
2.0638608165823857 638.4796886741084
4913.139590750615 731.0010714568327
6355.792635547466 297.30027124862943
946.7961302428151 8912.167161465
1196.8755184104064 6764.236436538246
6664.191157261509 3200.4711188873293
8733.811153667455 5717.534188380638
1040.5662546046624 759.0455644863403
2264.4847093913468 4623.713889166744
9095.392546744593 7384.86058867779
4244.447189333475 4078.244737918535
9164.807493838389 7924.931013247285
9852.023299236873 8193.050543582654
9979.012510663979 6921.7558127030625
1463.8830161491135 1368.7979832736685
3185.8132852301555 3217.5487683413253
3300.4138852991637 7588.7470189054375
5838.422636187085 9326.886179469162
3908.4379416569914 6232.273682920007
7805.110986323475 7529.983322994419
9119.515313326732 5329.9964117550535
1060.237188882862 9843.888916615651
9655.283594803806 9168.775922419532
1380.6457699754017 8296.459678406807
5646.98427078515 2203.6762520306775
8098.370428597086 5258.062025003015
4994.528848973301 5345.309755422918
4250.039355811311 978.5210209861051
3711.1635856005655 3864.8147598804794
7715.32486766231 6931.918149020491
4182.991286324968 8395.039404308973
3751.238854001644 9089.414412640674
1618.3141546903423 1805.3425028040758
706.0260640154825 4820.355483258202
9869.965440906744 5088.736902856768
3635.86179581691 764.4964405784139
5284.497331108399 4823.94312227954
5049.510340329221 6723.252465208748
1265.2997343905126 3261.2375511777923
8070.558065808149 2385.472747460008
6832.424619663749 9629.815048420458
4933.784970537487 9533.302726671116
9620.095843671557 7875.710990796198
2921.6936924820593 2266.281674718189
7473.585756670792 1713.1560094097754
599.1664052977696 1736.9027904691714
3090.343829791089 2608.5640465871275
9518.674157579948 9908.437206490751
2995.9671808124576 115.18575598880032
445.41570524151086 8925.90324821048
5553.802222568827 6837.783621920509
8591.217470741933 8833.64226654279
2677.673833419889 2230.5151569636073
9347.97757311874 6578.0358311919545
6450.43899810798 417.5375073538412
4575.889975799769 3501.483904841359
4946.766518667199 7274.677756559451
9628.640440055106 6863.831655032232
1216.7451022511677 1121.8386325065587
2987.2167001016724 3320.025523977367
5607.629028583691 9549.63485531191
3625.926902753701 8737.839399352755
4384.230869214229 2140.093229162688
6048.68047971121 9257.106415499202
6954.173761609182 5140.065660471152
9310.528316075408 3071.958628581696
9912.421235307364 9507.339254798257
4278.921299354575 1060.1609996380923
8590.202647298038 8173.257665427407
2891.0955945449446 7088.700367963947
5826.659277406695 1851.9887645518306
4228.44613115063 5592.372583343854
3277.2332234846535 5275.407537535321
4855.700548756987 4852.185297973928
2731.0327094870104 7343.890639118435
5062.167491026375 9292.972018454255
3630.1021336618046 9357.144619107232
8394.275116363802 3074.695779033757
8266.734282489066 5225.520129522059
9183.076451998038 269.4933182018422
7980.661329808464 6361.0920148188325
1647.3489976006206 3996.5906541232434
2086.1693052219034 1809.1125948224906
4592.368109703058 8029.8017547820855
6229.875895657228 1104.2756566637001
7726.390149303784 9597.396433481017
8413.123839276786 3322.552289554207
9181.328443112792 1361.7031434253868
9008.63840310891 848.1947550782576
8951.066337697883 3895.8902909883795
5759.302985857078 486.8263498899117
9650.296766015113 7367.950059214234
5967.61162251088 7729.365144960707
4248.737046784332 2596.981547395241
5867.555872238728 2207.8614663431663
250.0162139696227 7164.454809675165
1516.4121898267479 3683.1499037810054
1161.4895467650422 1843.2096776829364
6452.095340155378 8265.551529357557
9040.683705609823 6249.524238834523
8832.446380861686 3993.687334895101
6406.032219129723 328.66782740326727
4806.03006140983 3382.789786789132
1864.0133876168795 51.92581323868461
5459.714395367091 8102.7319598591885
1431.755143044382 1533.1671185737328
1846.5164124536382 7557.319089541771
6723.624629710312 7665.601332226405
6317.889607323141 8810.216303177232
1922.274243419233 5334.450059416064
8667.845523556596 39.21219974029056
3769.068206451207 9278.836446355277
2441.99089785644 3499.351869992339
2685.7672916599986 756.2716912792744
172.77782619687153 6836.793428020983
8578.801955720697 5305.702847810598
6272.957730840988 3519.0768766377832
1879.4179849750392 4110.154328342756
2852.437459555499 4133.816927085636
8937.430668256406 7727.581838239267
6819.441095750678 356.6651857505887
1013.2782578874588 9288.632809807086
6285.077146112474 2500.7095553374693
7802.5185923831605 6652.583381122198
511.1224365031208 9733.309891822126
9678.861699063307 9467.802900196426
424.02939900102245 9282.697288529549
7656.29251207033 7600.675081074919
6063.873765368835 7255.491762057669
6447.7818778895635 1976.9811893124845
3245.154298588262 9047.62033652926
3937.5434099230665 7522.329460242797
4177.070708156571 1754.9476920529316
9885.745846209791 593.2941193529329
5824.095901142727 4476.256613681676
7749.0402773972455 58.504942756021364
5383.372350301037 4950.048859618889
6127.218482296293 2019.0045652400468
4413.662061911134 2577.958943392823
535.771161896953 3049.773015230135
1871.278065441897 8561.4039597803
1956.0657817983029 5799.391733027312
1591.6381708429394 3614.425570909853
5929.319574120495 3802.403025469503
1600.7754196377123 2514.4971297734473
4837.494178355351 9438.99392001686
1049.3478696515258 2614.41092954107
6453.692909935673 119.21641680726847
5532.392834576583 362.17542552786307
3846.595116202405 2974.0287838683766
3091.2734091189354 5862.191838450265
5287.912574772247 7603.02610707014
1289.9661110381555 559.7976191259246
7938.809647775963 9758.802825000737
416.0481937923588 7242.601516192127
5780.679559085903 6240.4693078286455
9077.43495466035 4725.855676952236
507.62309821157703 2723.922717910231
6249.134396496713 1825.4427883271007
3912.42790959644 1774.0498654502546
8169.97838174807 6520.882997706612
1674.804644247757 7864.120121200833
9397.49632716635 6572.093692846318
1400.078429244207 9870.199835226316
4799.805519706256 7277.461738568113
2258.5035630602856 9213.504464595535
3296.58459908862 547.1194694481674
9639.804081992022 3591.1751034914887
4756.9113503868075 7014.140104934255
5864.513049734187 2066.0536290906584
8619.941404533309 9517.699144508142
7183.12204311979 7178.5963336285595
6525.109813112423 1966.0739436796148
8046.017307705085 3699.1581361092417
1521.74186835484 2323.6846465912677
5941.622753552 1656.4468471276762
3273.659850637134 2265.2049309682843
3977.1310972436545 3358.0277932399526
2082.580375930967 8901.101185889342
3815.6489072085265 261.34296242379395
4524.792716987287 5902.786490814697
8585.546030704603 5758.775890876979
28.8185576583877 2341.9021385665505
3942.2377846569666 4207.885049920133
817.4557579136988 7607.071449060865
5589.597195456424 4867.992803073784
7295.803751863185 9872.792310296305
3257.637552376966 1796.9066885665763
7187.585825776126 3768.9727824819374
4385.05895428952 7216.621479222948
9505.272318666548 135.92976523478683
5569.713548617967 6374.429064813716
3785.2210575856816 7048.511244170707
6226.986409945387 6505.946158334382
927.2511715178466 6654.321510324399
6835.552269434385 1149.1383718405102
4448.768573868849 6794.861150407168
3651.9126501631504 3763.509698250521
9996.767801116177 9864.722997655163
2839.5791503854707 1376.1941694401269
6556.735411468448 3912.8071415882914
9585.714758113258 9806.768243867611
4955.6823819498695 2600.8554681785654
1967.5022533264219 6915.184599816784
7977.240322450996 1308.4249160576367
5082.462206387507 9272.297956149436
1689.954843878302 6409.753260170289
8271.392216830911 670.0393254045889
9435.614422788078 3546.7979298460996
7139.557862700394 7968.36796492639
8332.658636340337 8584.052647044695
2521.2130383632248 918.712731199941
3120.406162312781 1854.5826886344107
534.4861940464318 7808.687487237989
3703.0548871775904 2293.0370846323376
1438.1163564201404 8040.449822340392
848.101654356862 3100.236040558968
128.48120714841093 6085.143583891626
9152.037417058189 4695.2487188898585
7804.809404918208 8648.448924043478
7606.873824912958 3884.7140414335945
2582.4234220290323 8337.340550733737
5884.2631310530405 415.47917150833837
6648.311766738139 2635.7304108887556
8799.67223929134 3375.4594517932856
8930.283706453109 6576.753319486886
2327.2796639606017 268.95519133656177
5190.412067277449 1142.0280312481523
2006.9652034703988 1016.4852766641663
1955.421703450837 7123.308174328862
8617.961597182548 7615.52615411498
6761.136978208248 5949.511681318824
6589.449499883232 7747.372823076036
4815.05302888483 4812.20099839898
7776.56958243786 7226.670861081955
1370.5461309829193 3315.156331918503
6951.037641205985 1863.989078518521
9858.19960228817 2828.7706032385818
5638.744509681653 4048.1342697325863
8134.164043685871 7747.569166247159
7782.434500117438 3153.7438970139565
9082.432743082 9929.232512473547
4115.746509662083 1741.0052742981763
7247.36258626829 3736.086428025319
2105.620127635439 1438.1949997576871
174.7222778127988 9305.091721321309
4853.256963451921 3384.0501180343763
1704.0062053512017 5939.954347892856
5439.5462221571315 8155.811665749943
4581.705090314001 5849.044795119157
2859.049509592061 9220.113970496366
1454.6720180234174 845.40467890309
1907.3611991634232 2117.715773700211
6554.685987903048 1080.1828994163855
2169.8466565615795 8829.401005058156
5199.757666371936 5398.438687455394
605.47706066171 3069.205631704447
4614.681558803725 7486.309030553489
8127.674473216782 7612.448117557608
7512.790159758494 621.1316951230694
3054.7884694731174 9189.881628505073
9382.819670387446 6541.182752904518
3336.0254829087075 9965.601801760373
1489.245988876593 719.270304086147
5054.358494037008 7165.179664374732
4221.410126300729 7154.5038490606275
6866.144096566672 4031.8147381346557
9616.19760124785 689.1350721781075
8757.88195037963 5962.131171916345
7630.9948852415955 3812.447071543855
8783.747169148928 5409.570196019703
8058.096894721056 7931.2421858665275
3293.2401363674126 7942.157100430743
8848.692688899862 6166.56290410204
4566.4899169286955 9702.750731174114
2054.0097010456725 5878.853991450194
4745.45885346727 3443.7123644644453
593.1508976666289 4328.852721377808
6482.494324870809 6294.258757246222
2621.611841577347 149.07409346107013
8823.381648489249 7467.589098764328
5401.415581831816 6630.8348196244715
1500.2466307827212 8226.208676902315
7263.26154675106 224.3369550594454
2030.3718841674402 9597.696486850444
4503.032294346027 9104.412463976572
7800.18079197771 5569.494947405276
9869.45844885044 2172.1059957771395
9659.356092595119 790.1239408118444
676.6931177197644 8442.354091954434
4458.259214999808 2165.5552448387684
7515.003567179833 410.5919840422456
1432.5191656319946 3163.3051760192075
9034.736972212424 2696.2035987387744
1371.8631092941214 8123.137348600499
4343.171910777972 9028.304602253149
8105.967189060795 1422.091373969464
2180.8222796569767 6469.4262990405805
8998.303372843038 2952.8828753893968
5233.209957111477 5665.249205352777
4859.666909989159 7048.5494123343
8686.078448532136 9863.609310666176
9976.268021436488 6722.542519280518
4446.470898485713 3463.582172211438
9792.97756976823 8892.296559177354
6329.052070878255 2935.524860329114
7200.51610102126 9115.632425339627
6946.500585163494 9095.535902193707
8346.08461346459 6293.181575441744
4044.76033163902 9922.870711954645
5420.130145989839 8776.345086772591
2588.3848962607926 7376.427973804845
6967.650784639504 3369.12935961978
9028.162678147826 9996.50046485935
5930.642114742774 7823.52968297373
5872.67377708993 5470.564251193475
1848.9935949314463 5601.958557165854
7937.363473858302 3796.9538242323597
6430.342853728249 8916.549362509604
6459.192748525209 2197.852020027937
1045.1051987365668 2353.9838296405337
3641.8597387759055 7513.1033910968345
611.0896487638706 4755.8337411636585
8136.053327265351 448.9313739011369
802.8259721630193 1448.2195822216504
1461.1442419984787 8760.72650955623
4553.92198935013 2400.934491607205
6439.177409398663 3216.641603333532
9416.480748502245 4444.991554658164
1338.9787193749314 1018.817302893692
9499.800924344427 7288.898495026094
7617.646683616236 6251.631628092968
4431.298322618895 3747.7750859593684
4898.647258172521 5881.450044032314
3065.781315141244 4335.77201920398
4140.189220752689 2849.9295112674426
1514.9172905438102 5171.066681412649
8824.504398244477 4883.00698026784
3476.933333302843 6004.045550514151
4438.116466668138 8780.282107466299
5817.29712303819 2103.10746870491
8515.12940719876 5154.58242833381
3884.321242187364 9718.85535202404
7080.023604714745 7859.076530824635
9139.346256592671 9896.264352177042
8453.400012460994 5669.3772282862
6339.355287978053 9515.750704612126
2073.564056109942 1180.6597850986611
8730.575595310835 1617.886930445903
8238.796675203344 3334.8935096224063
7494.8292845146725 9302.842083737485
4489.6119040235735 5510.863845684254
6036.095540134331 8794.450382265715
5727.251508596227 689.7449757087093
602.9523412560311 7620.141836464905
8104.125319380993 8851.552461340609
6213.264566330125 3281.7963508930925
1223.853297883667 9462.89333048333
880.6938007797982 6278.9089606013285
9253.022166486177 3684.0009142589693
1738.3048579938509 8894.285235577248
9173.722054186928 6753.12419086407
3812.74722744532 7763.811115168467
3595.380195914649 898.9204614041768
5923.195181158152 3925.6718459337826
6296.364037996595 3086.5739283914895
8462.430352957264 8780.718518805405
980.2759085066737 9920.942793588341
4663.155386672883 8194.518051341032
7608.821205798382 4110.122050135337
360.8318123447807 9832.937277390552
6112.573231311836 3035.3722863966414
7235.033991044774 746.953263530279
4282.927580414748 178.4601898661642
1044.518521355957 3208.70000122648
5212.97452469355 4425.022944046521
9466.911214746679 6849.596160991398
9781.98418882763 592.649115770143
3812.112368113911 4262.7225196756435
1367.6472221129532 6924.951461084742
5099.230937840741 5405.449610952319
3222.164695535336 1747.9786255051665
7770.054763900059 3374.640753794447
3762.738994329787 2002.8957779171863
3657.7729838501336 425.5837621757974
1403.96642994696 948.9410643239793
4737.865565242507 8467.140205638165
8499.090194685557 973.2376331274229
5658.77926622953 2689.414868489347
3459.016626187368 149.13266651014666
6083.213943599679 466.59085818542724
1182.4631082232795 7952.294241747976
8466.544984851524 226.39667893695537
4557.5480522754715 6373.892785300396
9057.108981415775 6588.997336851621
3984.5928125014107 7562.758869039051
8623.788779388178 8751.93679734582
7621.85660376368 8083.49573307974
4699.526751274337 8834.081522382432
2370.3782042807943 2895.097440595382
8975.113399533988 5690.346130017454
4491.051984063179 9234.706265598423
1885.7832215484527 7570.306348509822
9186.520905668636 1733.716413481804
1403.8704264203616 3917.639561283425
482.41531314164087 5298.512761444824
4583.967286582242 2593.653876342303
6306.929784334489 1555.7128490143114
8502.738742522784 3856.9972422337996
8794.675308358652 7991.84905601757
1893.745723493775 6542.972264830501
6530.198130830007 6310.021986393036
9998.334531241706 5059.697852330215
3698.516506596435 7981.117267597444
2936.853405058597 8054.701376518595
924.4692159706625 484.7699050426102
2250.159001685429 904.34014825159
3959.6312459569617 7315.326821593282
1169.579155153675 4539.79096737036
9315.002710235072 8470.649033557944
1644.2013963186241 2547.1622970392573
439.6274605727002 5846.658359777962
5187.5616938080475 6965.624701653304
4109.753888343973 9728.125955756068
5201.506680754404 756.2718061166496
4320.106018458886 8396.267815094468
5593.209709124476 1525.7602898851042
158.2763873409765 2766.2945778662497
4222.023014661991 6762.600092104487
4895.2195814487295 1923.1422445745882
9996.0520839623 5580.299512366492
5839.26439014486 3441.186268027424
9284.037583504034 5760.392042314995
8378.025301529144 4453.819497200538
716.3401377554491 7749.702971158969
3072.044332343268 5581.353980932891
7419.5190938252845 9190.045728433186
1665.9438541590432 30.785320908868208
2262.2060487106164 4544.8558079450695
6447.32984352921 4448.534006670034
4785.672308057011 4436.111210658441
7510.636452335556 6437.358420945007
8150.694324870588 8416.20407350696
4172.5505424908615 6041.209136623378
653.0244861807944 3073.2654544595493
37.61658882113106 4956.879383447765
9142.978610420589 4604.769699894638
6027.0699621779895 7748.874724820387
1030.3502278031763 1293.0710316177551
2060.9007742220765 3924.0118158037963
7464.07391569423 6677.857726049192
6022.60285122648 8364.828680873467
2746.7501861422493 8644.33451012388
8138.020010220554 325.97109611071204
4077.360655076345 3132.2690178646817
9964.145861365581 7965.292907867866
1311.1964804711674 3719.876451434998
9810.698277307278 6211.492436050086
8584.22856960246 9947.829674762434
606.7320910067508 662.6799942857731
8369.854839595824 7922.524672825812
1976.5126982654012 9165.351041805852
3819.15594987672 6474.050438267147
5603.325505995511 5740.819900379478
7081.499804684575 943.1427678459892
1836.8475427115195 8606.245257765468
9710.537078985468 4532.729753350214
5939.163100121954 5179.954711136825
6231.330714347241 4083.5081503218394
4366.455020310706 2165.858383365764
3477.567872104369 3119.309104163851
5047.861337911965 8079.317015815695
6403.505619845159 56.85168941938268
749.9348044541155 8906.907142094447
5733.503452040205 3585.7988197856216
1304.5982440676917 4985.105723137824
4032.701672893371 398.86969943430995
8730.44530852188 8637.995547747198
4565.60188423616 2688.080959940177
9091.680753039345 7631.667347032256
1655.0186123960686 4122.023108540711
6315.957836955943 9083.078794190063
2162.0629676043145 3380.406358730721
6131.814569055564 2103.6987326871435
5178.532774989313 3745.934495658271
2788.36909195717 5163.3571803258
1056.278167359347 5739.8968321895545
7284.386522623435 5927.283504631121
1493.819969365666 7336.697149117542
3460.780848351406 7149.408496309972
9558.70185281584 2903.8625496286695
7500.070936878349 2097.573065702344
2244.753819690909 7687.9069107888
7128.261904909755 6941.370761582586
8446.657318619988 9402.751460558386
9129.074385637348 5550.92599324836
2079.896651488756 2276.2302888018658
7657.40343434778 4234.990818812662
3482.3899130464742 1771.5405536376084
1278.3307290651512 89.31792801359694
2204.793772134692 124.32206121395173
3659.9820207249977 6831.3492587112005
829.6794852326228 3822.3815925927497
1412.9587971497638 6264.834386447329
2555.482184364576 4203.90265000329
2696.0400908590677 1848.074125071888
4939.325145532835 1461.3140112953195
1897.2943833794475 3232.0594114527535
8413.528980781655 511.81035039074897
8951.698699028311 7089.857227756288
973.8143273480038 4431.858879533943
6670.812718614063 76.1715237345817
9782.91053227347 7451.838918384604
5837.014085210472 4336.083948360915
6341.489964176779 4868.304162979202
5754.246456525804 4624.561006352861
4349.043769514562 1655.174036928737
7449.190805463017 8803.389546719096
8410.52516254016 5041.49511437126
7781.221524584251 249.77976112300348
7340.283874216119 8872.240728171379
5346.462929198656 1540.9565037594887
7973.022090252758 9179.942031085415
3250.7137112924 3671.636204847828
4112.2019889784715 1068.775455752069
9577.958709664621 4016.3613640200037
529.5442371747283 6749.058545553308
3695.646331991812 9266.249498759622
3774.9504823792113 3358.9325259323446
5414.856124560042 6649.786730926098
9964.396011202934 7071.341268084607
4462.936239786099 7889.87297145482
4684.034072018638 6908.2403941130115
9728.148343884439 5554.411124963118
1681.9615833501678 7670.304619119132
1300.3026379422222 725.301103205146
5114.796055788832 6439.219199197005
3458.3257023878223 4240.786471892982
4774.417168188376 1220.983980134256
3445.1519952891076 1158.672241607742
4940.932813187451 3472.470885509795
9122.288986884474 9543.01764477843
5291.125896789925 8489.817498464647
8410.849572165322 194.47851073174039
6637.3487326689865 8936.056736509197
4802.80948199182 3524.5576267612464
5180.030437018307 7146.720345811447
6165.692125034026 3416.597393403785
6427.665248395206 1275.9724133978368
8565.84156935391 5621.426981410575
3971.3569141449 8832.165267470826
2899.8925208343694 3.1548841680151263
8896.694875778825 8700.534801329515
9751.00697469545 1780.6755934303453
2773.9382085915963 9362.078677204849
7075.890009623681 6803.036555208176
888.1944507227946 6691.492767979469
6080.560406573621 9851.893503896748
2654.4733875255665 9453.36755039492
2957.2981531783003 2981.8530800060985
3008.2082384317764 4414.672635396883
8032.14711300588 2989.5873872044554
1970.0336567859733 5852.888978103916
9311.802444473878 3245.1791647274363
9554.315340215673 6162.974120694154
4420.668730857785 5324.233591711878
9724.128982165694 5252.67428192604
3483.3217763813896 146.8750398120833
191.09154262110795 6464.52627989256
5634.568177686428 6659.820193444812
4516.644648940757 5874.219924779517
3528.74318679643 8490.301787662167
9192.101601932643 9988.81719882206
3471.844074964817 5455.690847493924
1157.9649634086165 4104.658980166327
3614.5470932761214 7330.246885968217
568.7302457345112 9883.609722109733
9021.111934387967 1850.5032589944403
9517.591502682806 6067.625767583107
368.6293896631432 7583.369081898017
9906.167512045577 675.4571876719606
2533.01864737828 4986.11423875965
2677.5728929876873 6511.62316977649
382.63903338151664 5754.975623927493
6226.859464433168 4366.627359925544
1727.3287760896806 1389.203494904311
3961.0558323808254 9898.709337346345
1560.1398055636605 6789.946703485187
9701.73863701977 861.2536700334872
7480.99045262682 3668.4496901514985
4906.270389338964 1076.3132218843673
3505.908986734664 1555.6164824051743
3529.542640085003 6353.519348697423
8342.495883005902 1285.0709906648094
8756.26353996611 5414.993482483128
4651.687069137134 6964.425483854201
804.5387819497696 5810.692293213698
7817.848211381163 7654.541922465902
6534.6900264519445 794.9510263668658
6313.690875893535 9244.155585373004
9692.963063339199 8183.8199050895855
873.4474313836016 337.29972985475973
5277.978746370043 6324.109504961752
6377.199961258426 3363.5600820176314
2738.487004068706 5478.898387175412
8601.207472624981 3576.251828375273
494.179657624787 5170.575739790422
7803.532610965249 4121.203112978761
8617.027736301343 9321.32730123094
2491.2179687775906 4938.898664330588
7418.811271281569 1392.2929838981956
9654.720497356197 6905.318013938413
7161.208044192465 1146.4636513644
2257.260674614423 321.8827538269375
8138.01572874598 3146.698471655153
831.1976377475505 8632.500155140751
974.7846898962797 4649.086964814773
3660.4975401931115 4075.776499716921
4149.33654363755 7163.197492089203
9217.812487201627 1873.0434549073227
9457.354760488352 1624.5865807776595
5276.638099888302 3507.9229121821654
6430.43040066629 1861.2696854252863
1433.4800807563897 7670.73694813732
3559.6511487154803 4834.687014587902
5651.901023787453 9521.139223623131
7586.026825258916 8997.015700166501
879.7825347432541 5064.9308230406195
2089.7436821553338 4030.5217883954115
4793.083226101775 7646.09804513667
3143.447488772013 6220.959537863267
4283.832661575747 7822.684952882924
2890.454704017288 3765.866156723544
6437.046982264766 6225.198364929054
1566.9966533590496 5429.917479621134
9430.713850516948 1388.8140298565143
4708.30316147525 4133.346494121272
44.938821899066504 1005.7367891141411
5061.536383973649 4295.748846987562
9280.805976919373 5561.640167187594
8074.288910490356 8056.433420537218
3966.452064934415 7900.194230970848
5735.559894221173 853.7968835650478
167.31265311359712 902.2655119717926
6016.832559613019 1270.0357610745316
3719.446395528412 8171.449268673457
4194.072853744916 3533.8355315315694
4269.300999049597 9385.179385633299
7927.177867856441 3622.5024902605196
1830.2356705205868 2800.7297267844133
131.59878057379615 1516.334040200238
9055.566489152276 2298.0088437147083
2397.57581892716 2831.852067169963
8179.858027623759 5296.1177993425
6995.616483472685 2796.8504869333224
8894.634575035805 898.2291835498102
7352.556567340903 4329.035342960547
2301.638670519305 4699.417066086373
5290.7467953093565 9841.368457222543
6526.2152913227355 7834.6442601018825
8293.606814087376 3321.0474983516624
1575.3606626590333 3049.1994763611506
1593.9978290778868 5215.388187768219
4589.416509242236 9841.448295642318
7977.56186211029 7706.701674610083
1763.3534363880133 4057.8380445448693
2851.382644831235 2069.585301782043
9903.035994061102 4712.685972592124
3349.0267055166446 2977.8765518241303
8833.81323160399 2260.3435550598815
8026.2210178544265 6864.848812875143
5693.23904860901 8064.919142439843
8047.136669380217 2739.04867538471
3516.6677782709244 4392.815118625348
1669.4382277555808 4219.512942366496
9463.937354097494 7895.912842239096
1306.9738166984557 977.9243921579905
2537.2957862177946 7258.317587903689
6482.175017497809 6261.592712739803
6705.18018633665 7447.156625697323
6575.946137594851 4719.983463866848
2973.4188464524414 8837.996940795825
4441.0172462066785 1368.8359994387777
3134.8701167761883 9378.029802539608
5665.447450959493 8199.744674311678
8680.47086849774 1905.2493962529127
8556.161396433037 9679.408038699194
669.1180272593211 6759.425475572043
6758.1071942882945 2181.569595767003
230.76347754375058 1900.7539552490837
9832.827812467123 5256.016230730298
4816.5469402128865 8894.644129796898
7090.942592989726 4562.812521504536
2311.7583818818134 3326.1803319867868
6506.2316464018995 7286.290416380055
3691.8586735983604 2475.372035533111
3634.7291649479007 892.1341453893805
5028.756566246529 1414.3890460308085
5120.42733734926 5202.230713427748
1343.9767711548388 1080.5526121911291
7589.89720873346 5935.787070005891
8057.322101559959 8333.930499541972
5521.337867105691 5101.535184912005
594.0757684509501 8525.968324335588
1019.2691136640075 9924.688116556648
9090.746030861434 5685.659437777538
4334.27932775888 7353.619649155172
3078.8109158290254 4072.341033167479
6437.952963215183 5615.089466798756
527.8696865391852 7549.276906941551
3996.297334444041 7773.142723455963
6694.062367566195 9999.767704507016
2680.6972117003015 4795.659959476471
846.5762514085374 837.6100725818658
6913.623211038235 7243.847293524242
3134.501625342251 4556.298129810145
2867.028387724765 5373.791626252393
9608.263138724462 2216.4447693319057
6814.567003542132 7175.534108333046
724.2978961234159 5788.474765049574
2784.4759337809423 2673.94062892785
7538.608548527402 3347.7219647577717
1868.1559194896913 676.9753397004707
234.27341915057355 4261.639481348124
510.2032297632708 1080.8177574605127
5629.944700904426 8713.910698428761
6638.832938455288 1827.5834337474594
3880.822963449495 5177.82591658495
591.3519645073274 4660.2410033311635
9710.549985977454 2781.370690628676
2447.527544759981 7930.649128514423
201.90677406903944 2899.0454256120956
8604.416742464246 7890.458736750888
9426.17215867161 5760.51725633178
8209.410719743246 2130.957482877622
5.431795935834094 3383.7830086219487
4413.95969731744 136.76308031221106
3079.0965317090067 9720.598813134355
6318.647411300603 6279.596610612075
1085.3341043159048 2544.511438820476
4950.978199856909 2.1983567909322765
2270.0692832242285 9316.902971527004
650.4583945360076 6428.7723605845
1900.6723788827505 1034.0406394990587
9831.238784679344 8187.182639080272
2788.3903539874555 3888.200378611527
6250.804219688815 5839.438943057269
6913.048405120397 8468.510606165613
5633.889116430621 9990.852718887918
695.4874662418364 182.24178210689334
2784.0035337132094 2884.5603077088076
8777.663322473822 2594.844104263954
7160.661343676302 1086.9446362188883
5047.285366611999 7467.117560253955
6308.598546175712 3730.81383797334
5083.325230446249 1410.4685557291618
6495.978288587721 2707.02254496644
1200.6793663987091 9286.296451062097
6451.780447389303 2181.548708613834
9836.720075805391 8743.121333251185
3188.2751499770047 4863.870515325498
1149.4295913965757 8615.150565839129
8552.686431862685 1563.8118867413286
2386.255695151036 6298.551228255656
1372.850626560206 8747.855950531517
9834.786281148485 5676.7846870462745
2844.881656523859 6042.253452642273
8980.795331848634 7683.92651167809
2156.556934232252 1929.080038203137
8876.157855907895 174.97909608799267
5248.337563279128 1242.725189202528
4658.591768179998 2414.764812232032
2084.646126005756 2498.1263724831038
1667.1375301465296 2202.0574490733115
6841.2211619654 6568.3831477141675
5661.731760699003 413.19590179955236
1010.0786866245115 778.22249670359
6282.196689105691 8579.497216302889
1581.8045425885264 4091.1083623711775
5071.407507578868 5.368663836973209
5185.613673148884 9741.621255939457
5139.3619248158375 3889.088913606299
4350.810479504255 1401.0566447575757
6859.326102537614 4925.817730266757
3898.9870440761597 7763.023340192274
2864.1835755536126 7952.460523696592
3884.504365010012 8297.151556128269
6050.5676691579865 8336.599796149747
471.4955856478997 9842.843511726145
6300.31244164355 4016.779966683425
7668.846174335714 9701.332159338412
5193.207377019372 4369.012936940304
940.2947915409421 5933.14182279231
3111.9960233465395 4404.444939860213
8365.014115112139 9679.367338541604
9830.01255499865 195.71139631014978
6244.725943925689 7499.02581903647
7923.802981621005 2884.5749975633516
3836.612396706367 3951.0508962158997
8167.526601384625 4141.028945826027
6236.984551884431 5948.340787994864
7442.8958846782025 5524.118991015102
5348.8775292176215 772.5886940973093
2637.854407935869 7837.322017868277
6337.440254272757 9062.457400734294
8509.15699230989 4276.38834310559
1010.1923837733706 2573.9904829578686
3548.459134881449 2935.1462346161175
154.92518589415582 4060.9707513041303
5518.4846822181335 64.82890549651121
4026.2245845874077 3234.2796994646983
7515.285724546629 5375.0785030621655
3892.298455379284 8433.12349481669
6164.570411226134 4619.846417856158
7836.996005728159 8377.33275747004
5874.519724004358 2728.9968832716904
857.6020200064683 2168.7641830976454
6944.470909873444 2826.494367800626
2707.203742855042 8571.160143393216
768.3000081842273 2618.631517436233
6901.1204487322975 7521.65595741446
2373.285428768589 9840.840090914691
840.0965761563073 7813.4440467941695
9099.68972700881 2719.1969642919235
98.65635689598973 4937.943940509617
4353.251766627023 9732.819027014311
9585.226624193927 2186.1407379801744
7052.226675692274 5355.922430201789
501.3333333141423 6282.5984991034675
642.5766353144979 4913.391109379088
4810.383110615409 6061.966521564729
369.3576352885797 2201.2880808040104
