663
8910.793163121576 2153.3147152668453
4381.602920073373 7008.844987696538
2557.3506237053266 993.6136667440953
2765.190009925592 706.8596278721328
1768.3585692632464 4492.389377082768
1269.885076054087 9726.153711190298
9052.058350511681 2837.222889319614
5558.08630548648 1206.6401062463194
955.7547009031531 3034.4697228195614
8383.63988383661 2147.360732367437
9600.177819517437 9859.354788374589
8472.54946260597 8376.033468559108
3400.0274937991217 7981.158045683309
1015.559733024256 9156.733471553649
3406.55182666464 6809.203556039382
9103.970804509509 5509.740066543989
2577.151220375353 5865.133446294587
7715.432692944782 4233.6037752921975
1458.6446881272052 2559.213759416008
4444.3672560386 6347.999624269328
5264.967365753748 6133.184649493636
4072.040802912632 8216.9481275175
4136.719701960038 1229.4318417931115
7284.2165068061195 5965.50277491103
489.11730075599235 2056.0240427254794
7369.696082071492 8969.018602128759
4786.542265862065 3439.4238547826963
2570.9559276523596 6172.6297288766145
3826.030132543101 8191.4481583772995
5908.470545149295 9789.582077298282
3668.6686347360373 1164.31832938381
8763.209964516567 4530.5814353514
2727.0290879629442 9127.404346263616
9277.185041372697 6932.333017705785
9198.384809329167 2171.53755256811
1719.807194812869 8581.964911300076
1027.6184808246935 6731.526399939996
8368.220131913162 9075.041889887483
5890.35695524773 2514.779510153805
1162.6496097569716 9398.394598221463
3306.013351572029 5633.704321964658
6423.2104703503555 4095.000568083571
922.057322089087 8061.814433115133
2252.498064447368 1046.673432346541
2254.9755442075825 9168.24734100423
4898.685379984387 1001.3291054528439
3730.024752304254 8532.655600390666
7316.733851444217 5075.114967036877
4731.017638388184 502.20469535073977
440.7185080928955 7375.704408474228
5553.027549330567 24.67079402920458
5268.161010201891 1621.5703075793365
4645.036638898257 6176.4059034493375
1757.6481333774286 5173.075263909772
8336.186378997283 4501.192197091399
8753.91163777833 1244.7206755935836
3358.4432362634766 1785.7836203935074
7679.931528235753 233.92433065465235
4910.12087592433 7220.191949709723
1573.5150133811017 4080.200182812116
748.8439958578663 2025.5411735162654
196.19696376130923 3359.6408752965203
4859.185899061487 5579.582718346875
1405.1958569113576 5423.109109908684
2609.342512783874 9829.72616240062
8754.551469194228 3302.5665773432643
2992.854477071507 5355.70654484749
5379.460373397199 9338.48204661744
2545.5233718837135 1828.7763142570768
4618.213521660554 4522.275873261527
9834.314654303142 2811.575428142599
8539.037862169233 4401.272902452195
9034.175487924158 9852.59518019537
6564.526170220913 5059.655325953434
6040.338842679509 3651.424297498489
7724.234680024712 8167.41734447202
807.8245512717564 705.7227457511273
1716.4190995129802 2380.3423712267836
5166.491623649094 2298.1412457797123
5922.7669216227005 9477.539067245141
6229.131377618046 8941.165768257812
7795.377744712222 7539.087108322279
1691.7370642163664 7470.135160077263
4623.132853187599 194.85903584703036
4819.2225343104865 9859.443899222128
5584.984610333991 516.6005407911034
3716.5060522755 2534.205096631041
4210.5888550602795 478.8703072485323
1604.0122025170767 2459.4218432170833
2894.0941083510984 2080.4482409206516
2248.290154188025 1610.9720589382337
4944.788493563835 4196.344797993148
7442.582169320976 4567.483536945083
3808.7030134119036 21.556941821025966
1488.8216802640109 4909.438643563838
3558.1507874031827 3571.228270525767
1001.6777913860365 4871.615396235567
9521.581948452373 117.8928068527152
7036.902810303123 9267.23534989983
3014.017959617791 4674.992215751954
540.3857067024776 9086.957222332816
9528.7242615401 4676.874931700333
1420.9465195931948 2373.117751790459
5463.665536557092 7859.000319800438
6169.054786838087 9979.387740732614
4481.6834441907595 4008.0864795573334
8875.292679063316 1648.2795112520844
941.2273945778471 9730.45573387626
5746.522008384858 3473.7031404059517
4484.852546268608 8677.84797330205
3774.3606543787346 1263.0388011883276
6835.599584508509 5773.488250787576
79.70734372965805 5572.953724023348
9126.755024077935 2897.2097062061544
9638.701256133974 3265.464085904405
5678.3821818185725 5216.946936481305
5589.638530274968 7315.499346697935
8034.406064692512 1894.9347240958236
8127.010632530121 1298.5013711755767
1286.9247061714827 2250.4590338041507
5107.9700417557115 7496.3483813318635
3239.807490136478 8627.024348617711
9928.16858416367 7882.164625842658
5801.537711060394 190.3170360397166
9968.056003191123 5379.340217531911
7147.6396803062225 7674.358216070677
1967.363817807102 8737.351412183703
2655.9294561885927 7696.75929229237
9054.643831809264 8126.736106684664
2393.2107125202915 6680.004154216588
7840.368991337573 127.84833276126228
3019.9348081480293 8644.202093460894
2976.2454397566994 172.77783861651685
2379.72950934814 8177.765773711876
890.0265020719844 7697.086468349147
5753.595654586839 9745.991357587394
4024.2547925877348 4267.781670132054
3783.959243797038 7163.526002299571
1839.0101803447933 7776.210595074249
3411.656028611556 2535.2302987025478
5082.867988793438 6419.323638094813
4819.320550222788 2260.9522777350967
5392.923468057811 4640.024367034126
9337.536071492288 8803.251570481734
3153.8742818358232 9457.08494394266
5545.500566526121 833.1239372655897
2727.795295230615 9687.374730985232
3385.8445286436845 1097.2918334550363
5660.376221604199 2447.914957912131
9013.636089401733 891.6455079792129
9276.041312332405 1022.535300670917
6312.494726513826 2378.9323942082474
193.50279190487817 5687.677624137515
4536.127091719284 5154.806957384895
9724.945805465251 4414.155310145349
5371.485886022244 1444.8716884275436
866.1794578483228 3496.442167660285
6870.150448425187 5106.355130079615
4641.733367789884 9108.333352121846
6157.410473348253 3211.5854331152914
6938.015199948797 9543.5814258231
7603.929151469056 5406.437802392659
5639.288559990392 4472.380807068208
8232.753243506913 5465.44491369544
1875.3705233064334 1929.3390776129704
7534.824401452072 1506.2825692072502
8496.587343256766 5945.834243583366
4579.041708938342 6179.8481137488825
3510.669275401589 7749.4303600265275
1328.3111464133324 5818.174751563767
6147.904403540332 1275.2829623766438
7410.912421948943 8000.93348254497
8465.01505712174 9369.235980400083
8246.90080466693 292.2943785765864
5954.855605706829 509.57252900584615
5392.154665875485 9003.432165696677
6498.176774184349 7134.154633341256
5238.070475507163 5751.976804797818
8175.340366894448 5731.9451777832755
9792.793038084126 1318.226780472025
2950.0043370933336 5742.674650768728
1170.2661744907305 838.9581341470176
5043.447583544116 9005.683221918096
9626.274468483027 1733.175168792508
9937.336896124238 4008.7275859937013
3506.038279526178 5920.169489999533
2374.382674346195 9509.814787682231
8305.818697969085 868.7640057014612
9470.468717295038 239.8867190412135
1201.3726266601632 9807.64003595386
8108.485259529525 3341.4452509533944
6858.997089935157 30.154198105976082
4153.23083898675 7957.973656673919
120.28311588880402 9643.074947539037
4708.393325103449 1961.278238776587
1239.6015559731045 7337.17930079084
3630.755477815927 9188.633406613268
9753.722187832125 6798.6663767372975
4823.420784775544 7758.886817582858
3775.86571218425 7233.862088257746
7448.981844963833 5046.441620961351
2531.8776393030453 4145.703982112053
2135.2092800447053 7714.298358177634
1294.1004197615969 9979.008795754708
7489.968478919281 5842.1084861376485
9518.914448288933 2542.5455251080143
1798.7165863381283 8632.454965736099
4956.808284946961 219.44624255474275
5647.074257612733 5438.337217386928
8779.226276581076 6893.509709470966
7392.604179325362 9927.113337446966
9354.337707405492 6247.461574366181
4904.069247090986 7080.9043918873085
5204.256885191968 4630.254819092067
3793.0878938999444 2430.7449674666527
889.1379973826563 4044.0097634278327
4482.2385182855205 431.52060005539283
3088.9569503596913 1967.2051077067442
7885.311473246941 4206.999593249725
7991.682781702904 2709.25076383976
2219.5426967269937 2029.038276548486
5246.936291761838 5782.58797421244
1526.3083560972068 6842.295261609207
8207.116736969963 381.97572373584563
9845.895620044192 3905.5646690201006
4953.374840069863 1476.642461424953
3673.611574092519 8193.096492962299
9691.69622278926 2249.4901868191496
9318.623538652148 7584.044645460446
9504.754814157961 9658.56546479889
1093.5770328565875 65.44280452804863
7158.079821947891 4749.512567279185
882.1663089735443 3183.877482159976
6684.477509603117 7013.7543262868485
9563.480123201885 1803.2928707285967
4808.535411564912 2565.6509877347
6016.085685150368 5861.126447169009
7923.425902191749 9202.90899611316
9981.449520457012 3262.241440659913
1295.1241679899294 7518.023544249456
935.440935072518 4309.886140855398
4444.535350482487 6144.559068653567
6298.300279012888 3145.1777926565637
4245.92492571312 950.5811392568586
8807.594875023582 8551.370804275773
5180.436059832111 2532.575075400557
4685.3295585318565 1176.4427713106006
4396.35996361689 3716.6977229235167
1349.5139015317181 6737.282969026905
7753.230262486452 8940.227329548945
5852.135673307689 5091.051473335564
1864.6877995006905 364.5892444559673
2969.6228050459094 3194.027670949495
6305.464721405223 1362.3553559659408
4928.525067819252 5915.539894234407
9610.721756529207 6624.124291235484
3118.2787635893837 2434.3345070773294
2471.361586928392 9547.211126574488
5824.567537436815 7517.001335563641
1616.8393609947996 1796.5886858606816
5010.924481446584 6362.848660384804
8277.371566714335 6969.535931164445
9482.865265899234 8896.873492455692
5830.344985828926 148.96754052349138
1387.9862866458125 4402.2538422780235
2261.110724423859 7796.436115317146
7937.0935398293905 206.03851941890295
4406.245062306315 7914.305325164665
475.57707778812517 8766.49118310886
2597.7425579003066 8697.620123161147
8590.88131960933 5957.799899803601
6289.504309346953 4999.707225316975
7811.066283200096 9607.634114930806
3522.870472115979 5851.555892662785
5631.088856330226 1415.297150354976
9675.838652075137 3003.5473379712607
2097.582757931327 7262.983500293396
3840.9998389434795 9999.115884046734
7989.548522481844 629.9221117353649
4390.113353546473 3643.4387112290324
5751.509428813049 1328.9453609739921
8808.635578586063 4896.268714544407
5767.3301439159795 7107.297334896046
6721.404340982039 4196.5381521515865
3307.033303418696 8788.252107682489
9181.074380219809 7017.382072362144
9535.591859847933 577.3832199075902
1753.7880466709544 9053.737306796418
3341.8144960201957 5917.093126410581
3711.9569751410554 6860.697149665756
9427.082492296226 5845.269872274692
731.9209486302369 8989.31137222901
2087.836172747317 1198.712418711494
3894.640846570604 4707.540087037255
3432.3535459982436 2199.223090059359
3500.4719705147845 2247.583724529114
9391.496014305783 8970.040567192149
2234.4573737978303 6186.829849636417
6814.747639765869 4352.542607506735
8556.4690003722 4048.1682113306006
187.00519628079616 6027.921182195249
7840.9149124032965 5496.447058947572
7058.222905929061 8395.795675503965
5753.624401368818 3611.3544709656044
7147.154516806226 5921.4927679597395
5628.910392632687 6633.025957059091
1262.0762100237637 8735.990884594676
9197.69935847135 305.1970581765473
2675.5119579925636 8157.292795253901
7918.012949317426 5481.730972617892
5396.629868272718 4499.2509150369715
371.9711146466187 3015.871130763543
904.1113853997051 2043.6423110662672
9718.881047827703 8117.581779039993
7333.940766207823 6373.549939191357
4031.865548267042 9342.856743729486
2860.70032273214 7400.875860691891
1495.8749058197284 3169.8889846716816
8067.59901467421 7368.077266452911
1907.8166865927037 3720.5156228774085
469.60270624652026 6863.979150618496
5694.92977308229 8601.360992721067
8035.672885896333 3465.78856017161
1755.4173206512314 6067.621197823712
7550.263885496942 7004.194682695834
5825.748367471533 5753.448566497122
7960.868432444933 2645.708675466685
1791.9207517643931 5066.405989899276
8477.539064820105 7996.162034823756
9387.378550779666 6009.4851790843895
6121.961500360618 3251.5475218847346
3058.1583565832548 2672.687209407848
7667.785523145762 4057.1511559971595
8426.23655418332 7927.189757496286
6470.5686766278195 5183.192478266828
4744.935310560824 8958.635030242742
5554.825692493283 9384.952892251718
4015.639378425626 5192.089527906114
4507.315254783878 9887.638391245298
22.96461186983678 8889.743725779026
9219.838825036515 6820.990550272389
3445.9080939880537 8243.431583655502
331.4668333628079 7625.920249357373
2415.4055454907243 5137.571251629292
8339.246168429427 8965.212468377687
1414.1055919002988 4924.139019994218
778.0852386617242 2992.606509458323
5252.066207936773 3529.805447523416
9614.653116221763 3969.3294761474963
9002.469094833921 8006.380033733677
5056.770394640477 2164.4216691941233
9244.333177603477 239.2238595107332
5348.907665121736 734.96041615708
6734.604629912527 9944.307992436447
806.0523332153413 7854.554795617624
5719.892198040024 2313.107068378587
4332.340657591748 743.2459583005691
498.498482971973 7705.538263620852
9977.495489297977 449.2199960050269
5556.30094747316 5644.667682608264
5703.249302202572 6242.496487869798
1625.4158904414128 3032.921969271396
6463.575674044384 6303.031426915312
6352.476644294289 6988.060767720939
8946.685799447454 7020.432435226615
4913.744596281903 5988.180295465676
9883.397160577284 6669.751153451411
2877.1617225084233 9118.532580422447
5695.613981051889 487.58424384483857
886.847495183084 2128.9619811001403
2440.3046877112324 3244.9796818289524
8333.428613222286 739.2767321607607
1498.4975041140847 2298.410568077439
1073.9860872739891 6170.886199915048
8265.462211786418 8797.34397543848
6478.288430792139 5236.554725010791
8217.380198431863 7236.698693675424
7603.378444007844 7486.132342213873
7161.451945541762 3864.750467827005
7136.463035086682 4884.645737669456
220.5232259381251 2591.8101682565707
896.4531869595138 5290.141071145904
7159.963502476532 2992.264066766671
147.38668409592924 9602.18998055042
33.65883103672695 8752.333921116962
1752.361912596737 3867.9882344530824
2807.630336415525 6488.175819959011
5284.495630754322 1861.483419709895
1613.926458348024 4243.708294961521
6611.813576420574 691.9939948930564
8594.07889888454 6174.820013025165
8185.871356668305 1852.2907962960999
1910.5509421500956 4936.3759825800435
7289.291704914293 2782.129281780157
9436.252248865334 6110.707170126628
4835.299000366344 9501.738094015047
3876.326383356545 9651.033067527533
8962.719066283189 9160.783342466573
2633.0703337870996 1760.5309711520867
9632.803170988678 2451.844601276899
6593.969069101383 6887.536087329483
2709.630146883937 9753.453378618346
8204.490091934029 3589.6148852626484
4593.722928552219 1596.261308451028
681.3998470222172 9904.028243765137
1378.915691796927 3586.9207166607075
7029.026775562076 3559.3588444110324
9715.390580399495 8277.774818318536
9640.020128876147 9872.84785918551
87.20002896923762 1636.4733796603036
8693.800911503222 5500.250042993455
7050.474808368359 9748.14000837747
310.04484130599974 9339.781619029493
5128.915956922316 2173.739882547857
3471.1701378819857 2839.0003479181714
3526.0516587042357 1991.8051679436965
8096.95105946747 713.2256249890468
7589.137542922982 8966.69642762878
5336.012941425652 9656.369860395245
47.46487782712472 1515.0911350690833
5133.109590142522 7009.815234364837
448.23419600155233 5183.407479407924
5437.721969371079 3552.244254632113
6926.040094550636 202.38584653999857
2038.657867520607 4583.087231604004
467.4089694188721 8351.066440530123
7940.973716932123 1294.523870117583
8169.712618231686 9840.919774785494
6445.680310685914 61.73776625299831
8644.183041355733 4221.895588298867
2649.3339779640714 728.389127940805
9675.633427953973 5415.681504289784
3949.7556235793395 6224.036399567516
5526.888806885876 9897.46819377864
1325.7625070278557 4922.50464367039
8863.815580915465 8776.038697820992
9652.93457877019 4034.9603645647194
177.2340515466342 9063.017719890357
7124.080825344618 7028.724148548633
5790.88270939654 6775.623928588193
962.2121616488066 572.6109463816997
4070.0010551787645 4683.293667744096
9045.463415093727 6831.85941108987
8282.982057996476 487.0515972141731
4807.554561637138 5070.4745231034585
3718.9398925998685 7011.527402996709
5834.015563992562 2466.0735572043877
6126.926487229747 4593.024590072116
4943.543918452936 7802.090993488212
8317.922983532579 7263.072225344253
6225.502053418889 3274.4651846865913
1858.624393396896 8555.396972379413
7498.705109820709 9034.691908235875
1186.4190407648623 9805.277809187131
4963.286450241253 2288.401211497212
8187.865174571155 3663.7514471025925
5436.57398689225 7778.37080771013
6308.351308295215 8215.16231000249
6495.544972100825 9303.165226207344
4598.516435900739 2565.05690449115
5092.572908391778 2557.3477102309016
3753.4030813174836 3056.445766234562
767.8180390713485 8026.479950586296
8163.200489562171 375.9675500090332
450.7532032659256 8929.89241451599
269.83010988589575 1727.5056325459548
8024.960277690993 3276.4697631372073
6111.511930500011 8979.326178766773
3324.4688482316974 983.4655056506803
3837.8466779111086 3231.8174036882983
2036.5532078798676 6705.622564114676
190.83482808584407 8606.432711693991
105.04315067101145 6531.64314377436
3472.642947671102 3222.4442195733004
3659.8419002775995 2027.31730335734
5358.8273498021745 3306.6448083861887
8242.491605677833 8239.385642450077
8066.100585005167 7172.1356540878105
9154.258865939291 3221.474886847778
7846.633921705991 9405.866530964948
8122.3621961659 5403.214053260902
556.265819996703 2020.5998017513439
161.5963914184404 1695.9001989429667
131.8852166912643 8555.493736530625
8502.756081325611 3612.855136128057
6213.644946656346 9150.511025428059
4765.893188878336 879.8721366237805
2860.5536003915445 9473.37522728467
6175.593444110962 2020.921241574687
6333.383130044663 4043.8153185232472
1547.0915823715436 9226.55051029388
6256.721420015481 4978.352002907162
3016.1821531328883 447.18064155281013
1122.3886186195032 469.89557037052765
1042.5357937947288 5100.756483959055
6059.327307264834 3419.9404242950504
6085.156617343094 1043.9902739811835
8070.467179054965 9557.160103850134
1530.3671771294348 9528.691609521255
1524.9539155980929 6104.716641357668
8946.846500541486 1749.4438299084024
4594.527137683513 6599.617444496727
8548.881227528997 5286.159355081551
5535.715929995746 4820.970105631795
4868.139470341648 1254.8036466760993
6244.9181321747 949.9962942945539
65.91048400665711 3301.848594050839
9351.314973239998 6063.184787011509
5061.897723133281 7712.778798233902
4262.966416293592 6850.979555377093
1712.2928623728562 9852.243923537968
7044.321364452052 1057.9124135822449
7638.995216390841 5913.208085720445
8778.768703765272 5556.108024067708
8993.490803775456 524.7238434360435
7157.74525608042 3192.6000046387894
5433.033189198959 152.7135232117538
6438.3071705711245 1591.9207378333178
5893.421297031515 9425.41114313598
1623.9619479607848 6948.932812126956
3361.8005298148237 2524.8872685822344
3748.9494643483836 8512.89363055787
1784.5602974592277 4608.3346646428445
4484.0505518795935 4942.258442361579
8489.538433783267 8857.571261386065
9932.392391410966 2000.7377417605953
1058.3848041482945 3202.4689496924852
5446.61073075611 2168.650814568944
8454.075389884098 7023.795721453912
5574.11782392884 659.6201997877293
2390.2138086973537 2213.21190821945
5825.120485671197 9061.179355577282
6422.889627747427 4852.936738688203
5858.416592057507 7358.871832305886
7052.511302850937 3474.862321907897
6892.895020991793 7456.943651825374
3242.1678211313474 7368.655754990643
9678.049127072272 6474.740228283254
8190.713675651677 3730.6629081119804
3194.711374452891 6076.43798943739
9942.917255203547 5580.184223543249
8407.599439862744 4882.756202606079
5475.64416599957 3316.9669580812842
5854.160556079511 4616.808164202413
6268.198240164424 1553.515575824308
629.590232266779 7052.270624871489
2046.576030681775 9428.095839399728
3415.789573130492 8060.560298340975
3385.5343520823144 6989.066813005088
1602.4189293489278 7094.7277008589635
3159.0092544331374 2438.4454510792984
261.09620253369604 5301.2885907512355
1448.5691459235873 5032.371777602881
8759.175799085917 3117.2354680176018
8451.21955636447 6258.407654618375
5137.438366453796 8687.980172995185
5172.025208014626 7544.370284681369
7026.410280557701 1732.9984758844219
2243.645934929095 6200.66603606466
4838.921941037719 3589.4636251884826
3084.0345654475263 2557.853156817124
251.9061655659638 3080.1697619863367
8785.1767723634 333.43254393313316
578.3275873802196 9580.559696583365
8619.897437253598 9146.628012675481
7530.525421785134 9200.69268207648
1860.3987291151236 2797.182644385532
7089.1402112372325 7351.499369397872
3721.3346940720016 9433.96682199009
5717.189572512242 1130.6865015078993
671.8685237009281 61.45531500432511
6996.744695267528 7942.171908500195
8105.297195119534 9966.89866117906
1916.0543233013273 2553.9448909849425
6411.473393128949 3598.279169352192
5497.847561522606 3402.7622985543194
9866.390738172116 7182.908309862969
2234.9449349384445 370.10622538437786
6434.939658775565 4948.785594726129
2887.1897725872664 482.345554113156
5576.985230287874 4195.606581209251
5594.1112367926335 5029.0595389743485
5453.554224276621 1659.574889162978
4970.611446677879 1446.9951435969685
549.0634622210844 8625.931908781162
3878.3683643885647 5983.148388484453
5657.158802851408 5065.39456647197
3903.5318324556747 8628.972640114236
2421.8775727162147 3705.445432031321
2221.681593695588 108.73506174475689
182.48401029956173 3394.6936546826887
4493.907181507183 1808.5566596266544
3739.4738755435874 7378.2858831463745
5713.261728507948 3448.6868618063827
6840.879023269901 6174.615807468535
3508.727852592407 30.078571944428532
1682.1467593910822 6628.342121540249
1314.2311270444218 9127.349213941461
1519.5072918026299 8411.993936347044
2023.1191482580068 1953.7222254897024
5615.887325362406 6758.208501115404
6273.923471380842 6789.565313778327
3170.0624411219637 5526.906575513875
3351.105206259306 1344.654351750395
5623.88650362089 7846.485461443785
6834.87937750058 1415.3069894639636
4799.074777174847 2515.3629339428185
1597.103054091622 6801.047137193255
7684.15764337706 3109.986728190729
3515.6023651867163 1861.4777627082346
7373.865287607615 3317.6730468124993
8367.204882476017 7322.552103471985
3657.3388392996007 6397.41633349738
1760.1340817913347 1982.4518130264646
6058.211666717588 8869.072141560488
7679.31274037355 7820.794159774029
6748.737827879586 8541.078704290067
9243.514267681157 9680.910053552334
691.7891420301536 4809.156450189415
1611.1894443201702 1173.4420624154718
5608.68411267013 4793.181080424458
3622.1880081794243 1740.5379913130791
4927.447874323476 2326.6959323412552
1725.4864028834727 5923.421686836014
2735.2482462049256 8073.297098568377
7018.419724832967 4792.144568682248
940.3900812804244 8116.384642537272
3810.8113294695722 1224.833189980873
5343.391958942325 5253.545662830502
6027.779952597264 5264.767329454244
9123.309625165353 1924.092939501102
5977.8985559380835 3137.1345194138758
9364.611670741655 6208.056098707209
8538.765473355501 3673.3261609939373
4681.554159967252 2657.1829415147117
2649.9448457476715 8869.154805840148
9741.137212573256 7853.274679930237
1153.6159466380036 1094.386113028204
5542.376229191423 6536.448818021498
9486.17215249143 8074.498232737554
2678.7491135328055 7905.6806190610305
3499.3884275219357 8181.593109154598
8492.33273918892 3266.248462326876
6777.680446061997 2799.9025903275365
8022.275908332414 5583.47070923375
8218.354775222759 9572.346404395275
2956.8964424911105 8699.382547675179
1354.6542129740235 188.11511924126222
2417.836384960932 8978.777057108304
7926.781181689 9037.267507052054
4336.342357811465 4973.2892251867615
9543.981804276194 4536.845753292396
6425.88517294794 1326.9779139992866
2931.1554942640482 3224.0294926965375
1311.9697064438797 1594.1150107882695
6216.354590341682 7815.363421450462
1249.1274114877403 899.6680568989058
5990.921338209137 4347.110526370495
4036.725197446089 3445.2219984871444
7461.904425416977 240.2964870016
3239.365144688715 1747.847012726269
2916.786277773148 4675.030826964682
2624.287421773601 4196.6993231981105
