1791
2213.0079897180453 4975.478850821443
912.1455278030621 9856.665173957465
8987.80997594681 6846.256520809422
859.0864148471322 9235.966761126658
4834.090030977075 4513.282806433511
5524.6239461330115 6122.776293308656
1158.8658844392696 665.6920307726077
3593.670467841362 6756.014724153332
7522.40886476849 2176.8136034079375
9613.662438156727 3948.3880106518977
2289.9685739231845 6322.152961272462
9284.901489102203 5225.128515425212
6753.010035318973 3254.436786570163
9833.725952605422 6695.66368892878
7501.767005766865 8230.904853059012
118.46798473697962 4810.617982089029
3207.8605944168294 6668.101961949637
6026.37218995002 8517.877957898345
4915.190603574519 8742.006203445224
4190.335390308235 3755.284688702675
3439.257683190312 7956.4060401201805
1087.5488559600144 703.8405846662321
3539.527903628307 9870.015755474811
5177.813877041125 1774.1505108069866
2156.4053158229603 3002.898582261354
6897.511018819824 4910.1373613457845
7193.830248948274 3835.34619130961
5045.905641123186 2467.9131024672197
4080.473728433158 1767.4362221234574
8383.674581470814 663.999984235939
9656.953865742556 7925.075095947488
8109.2417459266435 8385.935611435496
6813.450925226482 3778.40315810964
286.71595763561595 7019.619469351038
8741.551016064142 1681.02647882044
7269.922945573066 4871.585056384183
8666.1027968048 9643.607743395767
3700.2319515361314 750.7138120886725
9487.324683033661 6922.9363270870335
5751.576124292445 1322.7326258202154
7890.350623176837 5337.668517517062
1954.2707493257406 5962.163616306823
9168.858898054827 3614.5119763959665
149.9383213049088 1000.2277054270736
2261.3806227206132 8523.70216603374
7913.048096752895 2503.5263260906195
9313.335068562641 7080.200933603305
3120.2843715197105 3017.1565837644366
454.7971163572972 8667.124144001444
7257.161284710141 3067.2442010902732
2423.449917503888 4580.479160737556
6522.003053728123 2641.702038914823
9164.132850599814 5199.379590759344
4820.610919366463 1354.3571902511776
3600.8462126538943 1753.4736351312729
8340.64455661322 8546.411552257528
2404.0273781834544 489.40923679138496
3552.946600309823 6190.531597986758
9765.367352114888 1930.7285244611294
9207.741844573224 8136.691469546292
1944.3872634592685 6880.670388865152
8176.845961857182 8975.220689504089
1665.4512309309232 3834.931654260264
6838.724635862013 4591.335824046465
320.84087390265137 9551.520599930302
8111.440742267273 4346.765819652874
6374.973635600801 5667.409489057775
9209.237590246046 1747.9040871700747
366.79817215661046 9456.77777698748
6731.703880867565 6446.2541575019695
471.85338767429585 6093.20648514529
9790.172850513587 5465.760361160677
7712.43072865372 3108.2717094844857
6534.206911988151 5662.942261566357
6593.734177078917 5131.558600747403
661.7303976806265 2599.5856715631494
5195.882741765306 8452.19384241065
2279.5624752778454 3244.060907336438
8566.05418877541 459.57674709013463
1826.8221011764663 1216.1780346987039
632.025826830247 8601.065119523562
6681.864713068126 3651.810645550002
2797.8136205118385 7136.9488485570655
7544.125845801773 8187.347860060962
1884.0706706919298 7678.127156257201
5715.43857456409 7050.3646104458285
6140.357677279573 1259.4757738867002
3001.1071813640187 2791.728205730745
5683.347195508653 5531.976046204957
3109.2105740106413 6805.685895770886
2904.4834266075004 549.2528613387537
7147.319421637253 7458.30588210347
9142.566104948597 579.2444332556357
6099.015077351124 9380.976986355603
6231.1841514900425 7389.30924504483
8.293305557631747 9284.490612346877
5407.875468191423 2533.1504827236627
7008.148142985981 6510.570872709096
1511.3445769743173 2310.517674046719
5300.331245120966 8461.531150609368
7395.021564063116 9275.722885324474
7726.4790423409295 2035.077089617957
2049.698148510426 8438.587552778388
1666.5169003647006 2240.0941507863613
6054.931589533858 4631.514045331189
6658.435583671567 8280.594317857214
9668.36025963084 9908.95277690781
8354.253392267039 5568.8152084056355
2114.025145225561 6300.616621733833
210.17239623842943 9364.804205607363
5445.248383545452 9757.368955939872
3654.6409684514238 2038.6371978867612
2734.570835560148 5708.793413068838
3386.2394158664756 1312.757378133862
8282.702782700862 5294.029435828103
6924.010636278755 1265.746147299478
7040.3997390725835 4032.534488141367
6566.055482192109 1365.1624925268868
1501.6201665007534 1469.0161286067937
7507.920629407847 1345.9196983703214
6953.286647595919 1156.8522238604762
8030.507343349755 1361.99563905121
156.41166155594743 5236.894040750623
6387.933339993575 7513.097872321698
2285.3143316152436 6823.630611101236
4308.982629185567 2584.2374441311354
4266.0997743410135 6428.265134744303
8871.482190306435 634.9900717056267
1532.529867852641 5728.336435075781
2917.1480735477985 1936.5528668404008
5656.864593038878 3136.0927252493498
9145.142127135256 1678.5319876240744
2315.2092549555227 822.9084676099985
4555.790710955512 1853.7269298805913
8611.352790863259 2124.6072014731308
11.615224413524805 778.0017976439291
7910.039278844635 1582.6353325458686
4341.026995201674 8813.666385029033
7020.062285343553 7268.609269016256
3630.745896994965 2038.6116334785088
8819.532481065087 6494.8355739629615
4136.200470918754 7839.782416684826
3230.113806182058 1530.9809812628473
1584.8757954084936 7708.384374295942
823.9844152141062 1527.1520040494013
555.7731691802447 2875.5656500926784
6286.723492766798 486.21531466591426
5088.852362977544 7851.128689988232
3461.288672259837 8833.272444705513
5711.529346509518 5414.164768077137
9762.688146478911 7897.780890985871
8665.003881848728 4153.3261900574735
5379.920722470045 2453.889163227859
271.3987500261694 6265.784100686176
1871.1945021630484 6357.13193028218
3103.390891495487 8997.741888819488
5510.401658922489 270.7126179297681
901.2172085373771 7845.710373989644
3057.267794684182 8492.174747803914
6027.651202084238 3436.5701289477925
1500.5584782512726 3971.3451830293434
6659.731508787055 6865.781821763179
8763.169569329031 6753.006317503075
886.7463746119431 196.92978176141352
9359.888034793214 1282.8365036313282
1417.165686118047 9812.112006971442
7563.058149330305 2282.7353957526007
7692.924133487739 351.5207917736163
758.3428684104676 7231.723989465426
1867.6588925097992 6091.881929310333
7362.225062033249 5881.198226220002
1326.2092773333623 4787.253872248325
6924.844924566374 3688.3774905042733
3205.887575404203 6232.0104560420405
4856.218378291108 6569.384460379164
5725.736287076323 4104.66594082194
590.8469315526632 8953.457102047487
7038.18548304332 5012.519111074179
5945.1661921031855 5762.380471733898
4788.233738418906 3080.935560628917
9924.247825974031 1644.2985975408053
8598.4717710401 1917.3995458833438
7298.613504762078 7558.648901985415
3293.9761764486043 8329.308219273997
898.9775955456724 5639.0374483735295
2839.302737562531 3785.800546798198
1766.1843249134768 8153.451244688273
3680.511994851118 287.74578559527254
7045.564114291667 5336.284662324568
1468.3578343813774 7046.343125759833
2829.379790103507 9884.230143958606
6984.485287171509 3169.6118392061044
8027.993241380489 2988.1674115570545
5500.671234331024 9417.379580499039
5789.829411129204 7915.760076424335
8771.85820092788 9009.206095172998
992.1761742958413 2364.5452231402496
396.9253393806138 3456.005592788882
5889.301848924588 72.88436057986458
3376.8503464128607 4434.959395300036
1131.3345080152194 5506.217459713511
3358.114604138569 6838.64147422964
6056.793293873365 2828.6441069969205
2269.907229911106 1303.1028609060013
413.61855551633744 1824.9299575446144
4846.8941963425605 6755.99304383478
9478.002315972337 8955.617575094688
4875.007334128128 4824.6229020822175
5917.267518638667 1307.9984122423605
8905.927010058587 8305.202807951226
4682.505455940461 4848.279200705376
2656.6248074476753 5318.314560730125
1718.6277351724766 6085.356751904774
9343.538412240643 9262.009302857388
3343.9450334008025 8024.19117220294
9796.656863272332 2222.7465960001837
778.3391558245478 7116.845778282842
1356.9936539849548 6115.721023741241
3488.5426226665063 7811.841960331692
6281.629647314883 1499.9499698672469
5771.003073183295 5257.553072455943
663.7112759379527 8749.822278861287
3307.2495977521967 4732.941028718026
1720.494430809978 63.64202387690088
303.6449071169711 8459.016986907283
4710.721255210096 3651.0195532610887
3266.8490167057994 6586.985545812328
713.3290051006825 3364.800314477906
4468.28186497801 9364.108626221936
3032.6847250275723 8029.544305229871
6715.318682260277 1745.9089957965268
3091.251441703692 4767.396386318467
1173.9103986342868 53.40098751133393
6328.78408897981 9733.522344501785
1676.7706174757368 2666.626391617275
4847.86668124327 7847.103823450517
2203.225735391957 3200.841621478365
6328.799541530954 340.22370372962297
9031.27776194691 5129.286360209258
8082.549315561532 5245.792720464853
5439.383412941628 1396.5392518256458
1018.6804441242136 1307.0038227777836
4774.901264601274 1209.0450265860197
775.8833989242075 214.6220077749239
7208.119938269932 8894.476318078578
2295.928686134333 5564.750627922556
6555.228806133797 6489.170849275712
9717.565856379137 9478.543039670778
6180.540041976656 2542.9616793218534
5625.102107468029 9436.64899605677
7177.740828876484 4523.298090493997
2407.088886262808 8555.028040029332
7781.886083317559 1155.6341773223078
3763.7536964573846 2265.0736842139863
278.31294648029916 4054.634571758624
6247.514108894092 3159.83301450642
551.6025163368898 5080.831967089056
9129.117247549215 3629.427206398301
5857.167760423163 6999.943708017871
5852.647823480176 2832.610139707028
8400.00478842782 227.13704674510504
1875.852882755409 537.7294912039787
5869.590539703494 7706.106396491596
1787.9343721048112 5415.180951792764
5206.869679504131 3302.909075197501
3255.164238954379 9474.778111890972
2568.721022157515 6487.0796985590305
6565.3767493064615 3515.284227435853
707.2538454181964 7527.622752357603
6325.601395560848 689.6855498715248
4795.72931175468 2949.064521908792
6212.79780533196 6588.607867921945
9109.86033052337 572.8171134514793
8585.859183985758 4605.610718651981
9912.697294523563 7111.692014222071
8237.75542840421 4771.921436025865
4393.257056301027 8990.473470863617
3599.886220002201 2734.494710957885
1573.5072144690753 8833.044079354122
9306.423042432778 3100.119327014825
8725.268764583925 5886.631174617808
1184.61556703788 7979.613749255547
6028.059949720422 8546.319291906948
8457.748581988486 7239.986678549082
2950.846347790277 1098.0563603164628
8230.630359853249 1708.7625061478218
2155.1275359971123 4815.955672350579
4173.204845592792 4373.502545688704
593.733033043482 5629.773824217712
4726.076265201279 7480.879359246956
2919.1592738827776 6721.026441463233
6122.441930451464 5363.490732142916
9317.235301399609 4611.276821742506
2054.132544306118 3808.926970519676
8446.346786557962 1573.7158204052005
4905.1565123284745 6834.433176499698
6289.414209261468 5529.224854585271
3134.3578405874982 841.8395311899595
3415.267140964242 980.6931558651255
5609.489493253489 4301.2545709385795
6398.006855846531 994.4441682145266
6478.217167555952 8348.350881758497
3957.413049835318 755.1922130760902
3507.263129974407 9978.896016890736
4760.391801142373 7801.042589558936
8729.108678997287 4885.514028660467
1762.9223385274795 2687.6136926227623
2706.3738597140787 1405.4851285506154
7473.912276036221 6535.449924892335
2757.198260993291 534.7264906380155
5586.8208349857105 8682.458931424118
1080.648136346547 9511.918228034858
7051.866891232969 8493.199347509297
879.3776221707184 8088.072070854875
2851.090047213964 269.409640063325
7297.479207185509 7270.665544865583
1490.4829532469366 9161.258536513189
5274.655337335794 67.79311530049958
6537.873563068446 8996.365734668625
8263.55236701773 2556.6139459867345
8412.182019575923 23.727560930218992
165.2962973689065 1461.7051201098352
5069.132270143746 5712.254252871665
7808.975949021864 1352.7560973338027
8230.454365964766 2948.71055683785
2834.0208831818736 557.3663327357937
5368.063001122912 9247.419549401968
9930.125812722834 9933.5430418572
2781.65043324503 3914.1796073314317
3047.5741757118135 2757.81383707152
1797.592117971618 7499.411113605235
2411.5196200467526 7158.708424467361
8369.004064012866 5330.638245546452
2956.982703735923 4761.681077139515
6171.257522760412 6431.97793784551
9147.03141634134 510.3811252844126
4664.200290497494 8718.399935822194
2044.805539708313 8990.50585075309
6531.789788931358 4995.083916433704
1980.7599017003963 2006.293116050195
3411.7992801326245 1997.29394511322
4189.696574850941 646.0454414007644
4892.706422333689 6473.75596075736
5387.861580009553 2621.902653846739
3381.8292746891243 8146.609265868676
6418.588434484292 2280.407100195213
6638.231361455089 9273.578490690308
9815.664033696985 6354.237317298973
515.8603529986605 4493.091163154231
1416.8112140453427 3261.808981515447
6776.852608586141 2650.6444233350944
2005.36745686828 7560.27588181871
4711.873417748516 4384.801677788884
8366.457763377177 4018.7850340960695
743.8295798039208 5393.778479845294
3114.6521535007387 7702.677338863775
7193.234224720595 5508.656944637911
9183.30862523198 7445.641873140706
9947.96239496001 7966.841515770225
7961.499760847272 135.67121289193017
4907.087078472195 1609.4537754212913
9722.629622170456 2351.985531056018
4757.938048320181 1118.9328132562614
1209.5444891148566 4063.9227708957005
897.4806205347941 6868.198141661458
8024.153186142665 6339.126931947251
123.5633713610429 6470.297028890552
8815.263553178025 1307.181988285504
2098.536236309091 4697.547336577458
4166.55769153203 7986.180187675636
1527.1974186909142 7081.755790259305
5557.322118816885 2003.5333677801027
8492.973369377696 5212.179867159677
8801.755811441666 728.6653173334157
1460.698180489224 8515.46817631493
1968.383950896888 7884.055996612403
81.30428107047783 8131.903141598687
9939.304444371272 3312.428817384534
9123.193346705242 3394.839702095124
6489.6998822302 4251.707436936733
607.0099363007497 375.3154619939614
51.250434813402414 4205.693311797769
8534.98920684661 4971.388140707516
1168.7865571345912 4297.242697390799
9483.009479001501 101.8284387082935
8067.721580179288 9852.051423053868
2762.928826208778 7706.379619141094
1720.5106231677357 1884.9840413667985
5864.73728785983 1459.8705831246239
3333.5803513327 9147.21174059218
4452.515296009332 5375.048610730218
5271.886727233521 1441.2495271836324
1315.1365739059129 6799.076183514332
1096.4457213226951 9022.315082316414
5362.1069514474075 9701.211759059592
1610.904266020836 6078.257004290174
6.888055508837976 5604.2783581285485
1596.4020942156476 8516.628553195984
94.50296285537175 5030.092508897241
6259.695642813979 7586.313323336682
7907.17842550467 1909.1162761802261
7327.704975448363 1222.4329888793472
1721.227460561665 7047.162679147774
6192.357180839071 4427.101833459829
4890.3297537123135 4447.067766730514
5542.795893597562 8484.914194082236
9494.827394882337 6050.820710127814
1517.7359667262413 6360.882767495816
6223.593123952223 6297.721851001319
5568.9391207139315 8239.874085207837
1344.4953465982057 7786.7123476268225
8947.495189862284 6840.414596578035
2371.427574317696 3286.103982749525
3007.793371668329 6872.068049142491
6350.328838550686 7351.5110373636
5369.77058066131 6804.414307595037
8563.570694551865 2892.864285393849
5388.230955152503 3976.988129456822
4891.542206590603 4173.968933202331
2348.7289489061623 6003.3637163897865
8072.217255414351 7933.142688116852
6342.715247101928 2408.8985754733326
6663.938929728549 8581.04960875654
4870.344628937767 490.4792486353049
5643.614533570679 1761.924304371142
7877.551864909575 8497.940310692291
9261.96010519206 2956.9573245525426
154.70162909554165 7410.653716878
29.392569533537305 4263.69470818136
2807.322699564643 9819.115102867889
2520.6209170458906 3002.874312909778
4855.139154831189 720.1847689689855
7062.934222392911 384.2122514670643
1923.818258590917 395.96114934914993
6312.6469842845645 7105.217877971596
1464.5489734512273 3970.102634193989
7226.10527052093 5462.2043210633265
2969.7796375871267 5721.734212738769
1996.1225115592829 4320.23138074707
7249.138043079673 8785.907148456381
4151.650986610372 4118.804455146684
987.7613264130192 2480.9065420250586
207.96592824446236 3982.7199380219236
1529.9721008593824 176.530633631653
3006.575934459781 1962.5407195161704
2114.4301166312775 353.79480851373546
198.54024514022404 2446.744681481734
9632.606256908697 2305.33579288401
201.815874555753 1867.6884636409775
5390.609751627044 5787.131154359861
8402.716571230918 4966.0867784345455
4325.1228339060535 855.9619933137263
8373.518451359538 9083.800464627651
9657.3857664513 113.38910456731743
6442.69764726697 3222.2961780631254
8064.882126290158 625.8328975220584
3081.240282749783 1934.2240772455132
5108.582915524727 6901.675832552919
1257.9185719914533 1508.133080844336
1874.302221129095 9480.138591944951
168.3774970576568 7361.423688075422
1569.926431498606 5923.005435869003
2557.3341854818455 7074.220298815534
9165.98093072073 2299.102565839081
5230.139051779645 3076.913994101248
8075.19988593842 3612.76433965252
5289.407230690371 2646.7145788312496
5337.469198949439 1051.3478063586113
9134.37712268948 573.6221802917507
809.7142478879937 2413.1817707609616
7325.1087693101235 1623.81066064753
6456.011490153124 9626.17437526295
6040.586207114486 5758.488912334793
8991.397558218556 3878.6161966457366
5049.243408428439 8958.89172991263
2853.5643851707114 4557.560124990639
2862.383069429375 6463.12003508967
759.8195923031503 2926.473875672965
2055.4137198211743 3238.1377282214617
5952.405242539571 5272.698335250037
1618.7822272708995 8590.304331843343
3643.4636856355905 3116.568252273935
8639.933055588059 7960.40391371376
9141.645353262722 9997.882363239969
8619.576349811518 5154.20662723314
6675.558381300862 5341.734630001671
2290.0027066047314 2527.181804925666
6024.957882493361 5954.553398330967
6930.13604307806 4972.050769357821
3728.7807013871097 4812.512655671943
1861.4628310090275 5950.457360066262
1859.8340579810479 4978.320594756475
1060.9411503684196 265.10333856154534
139.14422278679783 3718.7070988574546
641.4315345752053 8786.2754696907
6508.682443481317 8193.767363464583
5327.156776153495 4926.774183034537
7189.383833982951 9450.643706744486
5991.144733943343 1301.8253914240786
9722.077529909819 5877.857194499042
9823.563404802644 7715.640232872407
1522.1510238203218 762.9277128942913
5764.308427842766 8383.860302527
2074.4774743317494 1144.7497363220627
460.15976144366476 7131.211896487644
9053.32986522388 6763.520364308217
4196.2754857361 4196.260607067981
7372.719380236119 8584.84072696506
2003.74279440658 7230.2481184861535
5455.789258497977 6110.945590192994
2459.361037714389 2094.556483173642
4857.604573110755 1490.8379190301857
5570.784991184197 6141.438732350119
7783.879883535066 6302.438824063917
1579.6076064944332 7805.220424708915
2018.8871076449877 3803.686220899747
4516.916760119924 1536.2610066039483
4308.993884258907 5435.850624122998
7910.312947761659 6377.542953178228
1343.980419267553 5411.153972658963
5168.327309727535 9813.827155159395
2136.4932759395583 1328.118519160113
3857.6333043316104 5915.90411684505
6820.688278295055 1931.8909713859289
1340.3979418352162 8257.532616243077
4674.3257692573325 5373.116968199426
9053.57362476308 3600.2520902156043
8514.2808453572 2617.775752249709
4088.8791788018475 1921.3186668528238
3523.6354173633276 1021.7016178539218
9671.679910587543 2002.6035025408962
6039.22086878707 2507.3590892859097
638.9233313178655 9503.363274965383
1861.6849171685667 9266.756926046446
6080.741144968604 6207.37583990738
4245.857320869747 7463.219657668748
8937.286981776686 4965.008466529719
8887.397343638379 6016.062665507872
1531.8199157638035 4743.365580994952
6942.396952561418 3226.0430681799066
6773.015064234874 4152.741909264531
7399.8357129459855 8735.788897251396
7073.917174145774 9835.184422729326
6972.466071683243 2118.2365649086764
6911.918259232184 8181.042107881293
9079.927035674855 2247.4336608349
393.59076329571474 4981.966734366858
3468.5769730098414 3529.893502610144
2190.1566510883695 7833.899026792801
4545.746499208923 6061.016473383257
8773.833530855189 371.15798853567526
9601.809015576722 6819.918330133969
7012.243228593059 5742.825867922018
7751.67522052862 8127.338382409639
8867.529244038935 9135.201405590475
6648.018105074209 7765.124482716995
4198.7781650488 5599.171659002838
6801.739534453795 2392.1215899019
8480.79368571659 9958.930101113267
2690.8882274367184 2190.119858359939
8629.227086054549 158.54777228435202
5747.451442533335 34.84259646273635
8061.518032778929 4045.481600388413
6782.134544663989 2910.7895243665794
1625.0561236348826 2295.1824248727726
4440.454685849716 6775.0688282316805
2088.42375774171 6948.544170352584
1879.1729655818147 8624.190701794749
2518.5356985034714 5864.012629838132
6010.294800339593 1129.1139619762946
3055.943398187839 8278.749523167997
2380.5693533633844 5877.670940496219
6352.525456537081 5628.329958999878
4037.624695950206 999.822283609686
3250.238297646141 4792.022608518299
4579.577247548485 7750.021477756733
9156.554014882176 8010.788617943007
3993.1548050069664 8482.295730899763
2011.667289978424 4867.702974269604
856.0809131661729 5377.481536090702
4744.503783102026 6925.592119673066
6012.665078059088 5268.376265307342
8679.017356367285 4884.248040067048
927.2528182155926 957.4010083476414
9479.216079408288 1449.6671319674538
8578.387202026335 3532.693572934038
3910.810301482182 500.33268900355534
5977.240191442154 3362.379148329967
3949.32747793725 4590.641604395217
5177.0733503383035 9683.096625475719
4578.996552421994 8349.156639518264
3986.19222035536 9997.687236619933
3003.6491053418245 4909.434483464082
8505.06021241833 858.2730661921667
9930.348711401319 6153.772140016172
7078.940678780351 1034.7924672862819
8088.4028773974915 5255.274643407563
9290.643345604725 6555.376665422264
9210.869616563195 1771.2450129883562
4213.6457674068615 4653.789758569658
8332.627511480401 5370.9567135999
9304.074247645953 270.47120649791754
3448.5225499965045 4173.460920572094
5030.721670261207 4427.560744874154
9327.065399889398 7626.151057582634
625.4907970198642 8534.60352149961
6589.6030412065165 1872.3895058011797
3182.3504068153243 2480.4656845885374
1041.8425093179162 7636.576106231252
5741.095172847167 7228.3200726770865
3684.0567013671866 6797.619399072887
9962.902878501047 4554.385976442623
8828.256340255213 4026.8479903656894
5537.891764294391 7557.43778732131
6315.063803202358 4133.976222541217
1560.571293501083 5614.926818718431
3949.9816529313193 4094.8203691988947
4767.297169579741 6572.882424324097
7968.195265341888 1127.035911410612
5750.533284195196 7130.595394341594
2589.0083230329074 4635.225153096333
7047.933527878443 9617.406744833497
4535.459191377959 364.3460063804449
6349.955253894318 9657.761210446268
4771.622300403144 9680.426346488357
3977.921084037026 4582.0010946890625
7649.546720286875 5540.167757755086
6255.149828317248 6864.2200104092435
7159.744704505006 9416.103595367009
5426.977876631919 354.80859653928553
1043.5894094016917 211.5505778827731
2381.198152192353 9624.164832208487
6152.937273146284 7029.6720772737035
578.6438648921022 4345.358825924034
2631.7438356409175 2553.552949036786
8324.35168292149 1317.3827253753989
246.39210397221058 2749.2561377732704
1792.9374595269942 6466.929561521054
7505.91198539412 1621.4206528499087
3067.5235511362907 7965.487480424312
3090.2127876368145 6831.025770012366
5859.760357369011 9459.852644507764
9543.913640310373 3127.5356088518038
6549.184512613096 9338.000103000215
1195.3039035834845 5752.710584642903
9713.363040714514 7938.573909766407
1824.4198509309583 5240.948348888648
5415.973933905689 9661.091186424326
2731.1785850490564 8371.103570458217
178.17842211653502 1045.2798711225498
8543.96243881359 7417.3043602366315
4779.338973516972 9061.796840372663
6360.997622448997 1301.3656422380716
9816.345606761945 6092.906264245576
3631.3310777811835 7766.980527938312
4296.515008671935 9380.520168698891
1559.1522704496374 5275.94364867927
3447.2255162393894 3080.336435535411
3754.6707342740137 6969.240642574716
9396.159649949199 484.6321148049737
4356.704004367571 6740.918424843438
2409.2292282435933 2462.6065432692744
5916.591091944155 9240.224937403495
968.9521272348089 5715.983444053455
4959.99316768478 1447.5883349355422
6134.268152097129 1058.92742197781
2332.6023050929302 3362.5831426166674
9343.470016726475 7605.1390739217295
6187.728638732501 9297.106454466655
3105.1369853630517 3481.336574551559
7788.187737514782 9284.56907538629
867.6591902713083 7485.15061921143
4171.8717249310985 2195.9825745615703
5766.145351457868 8966.791856680642
7169.826615738014 8296.401857609033
7916.205305980745 5137.6757553100815
5267.626785167991 9180.260056331936
6457.308840020784 5995.520839669244
3365.279413894149 7291.712599581892
5644.12070974894 7104.259894289149
5617.849628032517 5566.183411941309
3942.4116991642477 9578.437639745207
8228.44986778186 121.88573933931801
1306.8615486234526 4795.590490469118
2317.1895392510633 5385.167459846631
2601.2539130184596 8596.438294179876
1804.1330825959355 1551.109182018221
4467.28456981193 6031.5383526486985
7621.272633280065 8860.88087610449
8856.395733258738 3074.390421146238
7507.964153427883 1819.9433975566337
8909.756245605271 6144.797248204231
146.2437980105291 9186.254765709262
1904.7118764878012 3772.6263809853267
3456.879519723447 2325.224738679539
9581.73003099447 7280.934611634459
9503.976492163589 5358.2336207056715
8324.068083632783 8978.75470723347
2645.4039081817236 5424.114851111213
383.09984940743334 7027.665760343872
3318.2638645346665 328.0750422118861
2625.4308376187473 5882.599993655832
7163.075457810193 3870.1057010205386
1123.64568784882 6.164653757172456
8067.304850508284 6225.015667601522
8320.725543181736 6417.087421249135
4148.3185288590485 7888.79753056243
4468.881855560766 8557.222778994195
7697.795362239837 911.1122876838862
6576.754039588903 9947.879801779032
3674.082973331073 401.2591920160713
6194.621328795945 1155.0694227152858
6455.939792548303 2625.074775566938
2025.483844402356 7694.583843355635
1260.5551219594868 3402.7830304824633
4570.568449454389 9681.666029953523
4880.69272539876 1972.8970553275126
7801.021861699399 6266.3353772578575
210.2587438093617 1004.8489065426014
7193.252133576789 9194.2853018406
404.5452534548544 3023.106084934525
4373.585921461256 194.57645171395478
1460.8551822027837 7148.107815205252
6088.612527997959 6319.191234815644
6507.1679562484405 7764.434560009065
9250.784871886244 5845.8391727495155
1150.9563782691469 8494.199916063051
4404.554537751915 4904.227549474078
6867.2220337201 683.735450221975
7116.52141090332 1597.3449509793602
8594.263338582048 5504.215568340758
513.7770647128881 63.13153120973247
3457.6523623113153 2721.9457885463225
2477.8293472174405 1658.234705006879
9857.341448504205 7211.617836538873
7847.196073929506 4244.38423258017
29.775681995535265 6365.916856589902
9389.95821056398 3419.241288010424
4636.347795405032 7697.432303641628
1278.2692105493932 1457.408322601349
4931.471944481843 6133.919899858719
5330.016379962985 713.6158883842191
6628.018997645893 4775.521241982258
3378.5362839952904 8288.926395546763
9704.798512983582 1212.6414614385283
8789.487661307277 7872.124364879184
90.23537404991066 3895.753864693221
6364.689079237037 2842.295867334572
2408.332785094065 9503.48082070667
2655.9318125229315 1954.9195301640343
7787.4734515242335 2772.8835238523775
8057.481012024375 5232.626343037876
7109.560768493349 4835.960570823215
7954.181637956159 3043.109590083045
8016.456610581363 4748.9461859560315
2672.7898644075253 5770.4981913049
3492.6211298359 1606.065429316864
5017.350502986381 4972.8294230830625
907.3210073280269 1396.9912743472191
9765.148364241446 9467.091412973874
3026.7177016889677 3597.318899904338
1657.961772932437 1394.629468162314
6695.6045600114785 7373.957942631487
7144.050257065225 7993.537951733912
640.5149597605298 6242.413252387687
409.5118665833586 4540.994642760684
1160.3748720929884 3030.511370481399
6083.348943732566 2727.3101849012105
3347.8265495601454 4083.202066239241
9408.782079205108 6584.806494322061
5923.806487641599 2785.6456638569116
9644.059684946045 5018.458071609564
9769.90906505162 7686.870879224463
3989.2079596283024 5971.558548256827
3807.522084419245 9773.873837001514
7430.8758150543745 2308.5085160484377
6999.677640445937 6776.096304259475
8555.62310990188 3608.140663738315
1941.0073298980224 9772.810638677416
2602.716001235652 1234.8360702862838
3753.150416792738 8831.007293208393
810.6849255189863 6291.001838520655
7817.414378109757 9918.96475119197
9457.609637664542 1353.3217380620133
1253.4377739665592 4920.760177415938
2903.2995172290766 7256.506752671189
5992.065446202196 219.55037150952373
2412.236889245727 5612.11027068103
5792.588828629949 7022.541387197884
6569.35564212254 6236.296311968756
5618.969287933576 8368.132989367392
9696.43472134254 6209.27697945163
9416.605202810986 3585.808660520926
1835.0797441011734 3900.465767227479
1520.6620774857283 871.9195952075354
7582.980587205702 6967.219894722067
7678.937767426995 2599.584121553897
1353.326476274993 8071.372979977335
3986.686489402933 5998.508505371649
3472.9680152574983 5856.5877744134095
5907.777482979056 3920.611156909024
4943.117177927768 1590.888548116005
4996.021903647 6549.907025714541
8657.083160233162 3802.555843300781
7932.450006778826 5120.190183888659
1402.7352396678893 4223.901628561976
1058.7746786983953 2971.6345997750504
4073.10050914246 8406.2634167226
3714.2330120419165 7607.500246667189
7166.696119319208 3480.8917549130833
5372.447158640971 9804.721078269713
4879.904496373282 3714.225066453002
4826.902535448026 2287.2251855080594
3876.901314697474 1742.3826478088322
4488.091153410436 988.4114230549368
2168.351866138971 9668.528066806739
9232.323349694414 6509.293028579151
9438.288318879957 9568.08630434394
7181.663589568654 2021.3920702583032
2629.289806735645 7370.627555194323
9296.397351740883 6568.542508589039
9629.290706991262 7573.55314071401
5725.894317614866 9489.35123430028
9499.036424666794 8791.554454876692
9490.678928302608 2512.127514475767
9837.42194473485 1757.1389331323517
2257.9790793301127 966.6829385830878
602.6423828974991 2061.3451354455738
2724.973151934097 4512.475243015815
8990.290585688153 9660.102170530543
5438.409632822748 800.149364248014
1815.2418359174872 5970.508976365907
6756.227333882565 2563.6072959629487
252.36514145658973 7242.644426726853
5096.25530537001 9782.315400597237
6761.80753706765 9816.34333064714
4619.028881327587 3758.6382209859426
5557.797707314648 8858.70252269773
5056.205960066761 9222.563655587934
6075.621156535683 7226.909744299796
5523.023337946541 3906.2627536716354
3549.6193375171383 5212.313207769358
6842.690720882193 2423.507311767649
2035.771971841921 5095.485026463425
5162.561457603413 2744.0449922635858
2995.620350728131 6678.351903301283
9456.385347862046 9070.609458587693
6903.996980877787 1258.296779031408
6883.892840884955 4506.322327024718
6251.227293151943 1870.4689943939268
2918.4173171648786 542.8229337022916
5781.173140626359 7048.358396269056
7655.214015706291 8104.535046214256
9839.690410365962 3839.0275228720006
5777.586638570584 6652.065041137328
7303.777091307422 3358.215154907216
5284.887374122867 3677.7968992589194
1719.891790817738 8781.859881116949
9275.909006458087 6819.3349949544745
8000.621802477832 1344.41439355106
5833.138921076662 4771.5152294286945
7312.090043642913 4650.654289040377
3367.7992423845894 1195.2915110326223
8630.184681265686 1406.5104333108102
2662.5531098586807 7901.877074184244
8851.90891705157 9535.782469789734
2288.2030408736387 9733.10010922595
3318.8384419142726 6573.41984619728
1072.6711553937462 3764.012006174653
5142.88981775892 2212.3841493555565
9864.991772794714 9721.363450701187
4820.298755273659 8929.936158567045
4964.010876612183 6841.642525117112
1277.9118379117826 9730.516889945126
7270.933647853835 4784.946880416624
1716.599455875244 216.22041572399996
4476.8158746247045 2676.0385104842944
399.79992053906454 9432.187850867333
8410.55055165405 861.5125740512697
5880.908654674882 233.07498132858373
6049.849639273541 4552.083788516224
2071.427973727331 5278.076359322615
637.1778076530277 7161.574682864078
1022.4983977450519 9185.818562343347
8844.546786618625 3859.2716960114103
4325.632870683872 866.7611281279497
995.5331247385535 2619.8852250071604
5634.180399437818 2599.570801741621
3979.8314319964643 885.4371728733968
8965.249200626457 4029.2671867526597
685.1144394407715 845.968108661942
6162.518776665514 9938.76137496991
5522.918999029826 5301.043532466209
2183.579888098277 381.74002970150167
2939.7325409729315 9081.609619911826
8721.135963605388 563.6746891056132
4681.40990460393 8091.831069225835
5075.613216199525 5719.063464231122
2018.4958784394835 9173.120153017126
167.41893367903992 3156.843109043913
1141.992388762778 9197.644236970873
1110.2992106657516 9632.232461232454
3503.555897094904 1066.17842173227
1862.9443668044887 7252.102417358644
8001.061215907754 7615.246420004667
134.19882601087286 5232.292350364502
8599.930526509499 1831.0713647091104
1937.9298142658818 7999.119079409721
9232.569739769557 3222.9377638533383
976.8168790082077 2363.659314056612
7632.712602903637 5726.1421012134215
4380.02629544904 7796.205479033552
1138.4260073433106 2084.7873974120243
7227.932990291286 4189.632403877571
436.98002894280717 3307.258777669403
5767.765264746522 924.2323238599481
1726.7442102760156 9492.290372443138
3257.240510772329 9532.910171243484
3835.7182530510504 91.1152456489428
2968.9696459333304 9814.453566028107
4463.266107703906 7501.266985192435
46.60985432851983 5853.925637735651
8901.067624704205 7780.179317546915
7624.44507606662 4083.0529628393974
5341.262760453399 6221.810857259013
2905.2840527855774 249.80979127397052
3194.2088154637604 3557.095889774744
5737.259789611796 5965.2294857646475
4715.231722143841 619.1033659792112
5638.323476189414 8356.799494085448
5679.198936718538 5456.3643304980205
3187.929955400659 8281.628988710114
7843.699505565106 7082.904154221811
8238.60790692441 3538.8982750798027
4506.068489156937 4321.096006140085
495.8195676762056 3569.9382263727807
586.4430542579047 6523.530019942263
7672.712389128434 1245.6049239963074
358.4961707795531 5352.668139927704
2647.069096126534 5514.451986350423
9201.443241419562 3252.1370562939856
3830.9677986779866 5921.523351822789
561.369219783292 4761.086060682661
2309.3646038657103 6306.426520110613
5686.882114406333 1403.1163309876715
5212.016520223292 350.66289790391835
1643.5446054932324 9523.866235339257
7253.860867711728 6068.032197152537
2613.496087391138 3156.416262063112
1412.179913493775 9818.245155942921
551.1235865507724 761.2511748161044
5304.569390155606 2972.7158107509467
3892.5991101278123 5517.603841409648
1989.9465397434558 5972.826573819605
7206.550255668537 3735.5703203557023
2635.525507923987 5194.7886633657545
425.0858547123326 4913.478980786824
3775.895967911528 7771.553122946303
3608.8491978637694 9982.559862605363
3736.0458590583144 8321.048401415044
2076.7303639024603 1361.0516729897538
1198.3673548850759 9391.354727462673
7170.312061916834 9582.451651745252
3864.389891872306 4357.250951012388
9925.08983035723 6467.696913463054
6695.1912702237 7488.896717566433
8484.94720339108 4078.645566547391
7310.135560123713 962.2440261391263
5223.328726840276 2020.2975965484836
781.7907559833315 2692.0975619029086
6224.004806663887 3051.7787044211
7285.58594250014 2042.572376870625
4026.272286196223 8421.190704199144
3845.96688824937 2706.026641537579
4353.8903777064515 9857.000321404861
5766.5132799704015 3340.371539039374
8924.00656280085 4728.727820909297
4239.683846218928 6915.99512023062
9371.776109335697 4532.268789886494
4102.5602238392485 9147.357645250733
1828.3329567071805 4560.259704757188
9738.161081344306 4870.650320776341
7754.2274065184265 4385.480918621984
7717.603372446632 8777.731325232899
4257.391973496615 4615.363771419518
1936.5887099645895 3527.888822794899
6314.153998945289 5268.248338212887
720.3974737390017 3932.8016908149643
4063.7695399810905 5077.120868293754
5654.776925687111 646.3989152566007
661.397340519223 9044.12853989786
8745.809320461543 590.1502961598093
51.39595489961124 3649.257438872049
7920.053543288948 4205.644713399755
9462.269757946251 5259.1304117188365
846.9551703446921 1550.1406960166398
8426.551912342211 7486.963850345518
3598.7197998479337 237.1069691649197
4693.356228509402 7522.299252214188
3758.5545178299117 8272.590735905107
7528.293390678249 9779.201929844632
7246.378748390731 3949.589234022016
584.8900023827131 7604.200286135534
4351.811442004875 3136.4175928383906
9783.60842911176 240.31523900925
3247.4483814242726 1531.405222877047
6449.0177924434665 2761.108121032131
8601.1371768569 5755.069943782324
2332.6163180420967 1268.7523755792652
8814.172404027768 2512.2580495916127
1088.2632882480113 4292.716922368571
7883.025948078664 9480.557503975395
269.12572712542993 4030.717800274841
6915.438335179966 5067.624873121999
8979.505685704813 7841.185377036432
5927.396008901477 6728.893280882151
8941.85939148892 1226.56144623271
8705.721295922755 9148.457401293625
928.779977453319 8439.324740920521
2241.7112719514266 4259.7575193061675
4261.660911417672 5797.720640692019
7524.458022135139 4819.0148459556285
4392.2184521970985 5815.7463500603035
328.1897326566097 2043.1998010221696
2459.997171924924 7332.025521690383
9036.172366245124 5685.636870804991
1158.4412655869314 7964.779200747183
1514.4196691362245 1846.188050936074
3244.064710462422 425.1822990275278
4581.656602136131 9799.272455072707
2587.7074097694676 3488.971072371758
7717.688100466188 4171.820093568659
2793.8162958962566 1756.2447226932766
7310.527338883865 2914.5761631690925
5103.144896550595 5721.984319902377
8963.340029560437 4684.007182423886
5546.2191017431405 5134.887437465029
3165.465051446047 1488.3840926962832
1129.3652973072487 4139.6995862916965
3977.4766033471133 3750.4464126362914
6212.056787984703 6278.294492597932
1288.4502969938671 5300.382853570156
3173.7804860213237 1067.3420634654517
4674.308108775556 5236.687788673961
5970.586948960582 1575.473630574823
919.3100208501226 2078.781689991329
1245.9305283655165 4190.43736820825
7858.472098001675 3184.11606124119
9287.368998372696 7596.81044340301
4356.886499182253 9013.804301757156
6310.138253534795 7877.416206454733
9962.629655561183 7504.655116814063
300.5728313144218 606.6732439424183
8053.139267677202 8541.808763020825
4966.800271317168 8821.674817795152
3140.652708581516 2325.0066147970306
221.08102467702784 7836.884603397284
6410.4954890727395 8282.85082839076
3057.6297475800307 4010.9067229191864
3536.715020312847 3113.2405650058704
9691.69811959679 4778.866304636601
5352.759481301205 7514.501036133242
8390.15943406709 1531.5180557192732
5050.598650441924 1220.543654506452
2550.7790767428605 5252.276121167124
5239.894549440325 5064.7309728771925
5276.822575362096 7215.937010888288
4419.528000928542 6970.944134101793
9945.587840406108 3507.945779127316
5196.9886627909345 6006.677991996982
6083.919518362137 2640.633041494107
5936.846583589619 4931.820936141959
6240.701305938681 122.93203012092135
3427.717641816891 7038.1018874270685
7485.785784471585 2482.654772743963
6627.8449773861885 7498.0123321764195
666.7691049638224 5945.496376240474
582.618066819256 2928.3484030197483
1619.4720375626691 1742.5023409269402
5203.055931202158 5422.334558838242
1154.942491248988 847.8223203613644
5752.482604504571 8915.628087310835
4835.249100210512 5841.144241334605
609.3281348081858 6425.326242020375
9302.284008260447 6544.285310527725
7157.188846732219 6437.426938426482
9238.25225104475 9098.992978537792
8498.98842981763 5517.026589041773
7913.472636902753 5233.086859214004
2100.2756241993693 2076.8569764669196
4716.573410871418 9604.651018429886
6437.41061434465 3163.6037004043214
5064.113347746447 8319.065100557029
3259.580050016897 2107.764603710648
1651.1179090987505 981.2388767229874
1169.2981544798254 9931.644174587916
1130.9676188925132 1975.494830964347
884.2445620689954 7521.403623376157
7002.535108672913 4058.1201960686
3763.9950074856533 8742.914173502768
7734.4136202595455 8802.689370699492
2968.4098268130633 6917.490255744056
8970.53816544697 3955.833634832444
960.1377557859481 8372.409753063048
38.45180587828012 7341.21647228605
7971.9055301274375 7142.449481068299
7920.922125683259 592.046196177628
3529.9621390644365 4322.503571762869
6353.566179601363 3697.5412838834454
7158.248584870013 4057.6663972948836
3775.596606188024 3116.3380440032083
4983.572936715618 5706.00377006197
1487.754070086591 2039.9080719357055
6120.264729563052 8320.55438070832
2560.9423352842455 1281.635148025877
6433.49498182896 9270.93563523497
2791.0390763040405 3222.274232786717
7563.644910512389 3561.255302146159
7309.805936476359 9260.097643883473
5939.8123963043545 4199.8601308580455
338.77562358276657 3294.108223057464
9918.748025933752 6837.778595012889
1012.4451387392608 9911.280325053838
3156.213604762482 3816.5416192204016
5199.061803104259 6153.864714961323
8850.96388308601 3752.399419622466
1811.7357405472346 10.375313136078423
2597.249738388657 2832.7744599918638
2229.570350468635 7103.948233823897
1239.9474254434494 3112.120112397616
3137.954821255189 9444.349970526519
1347.123017798313 1268.185954334562
6349.111381502727 6564.97910552408
3698.038304424288 8516.014195879668
3978.4516014536275 9883.794050844093
9530.315929812368 8675.823604156498
3729.2386035811887 5707.17319464026
198.1772252365488 6752.262129966056
6977.517093148499 938.2863944226483
4364.372795341636 4806.34184601499
1851.2123971123494 8256.649782559007
5881.631427724986 5387.691598324152
4561.768337229882 4303.0944936726655
1115.1478960297634 5343.599582129032
4873.632007000598 5234.476756650157
6615.843786518225 4432.635310194649
5786.357251493565 8905.019992344663
6774.831235313247 3844.4812093169935
3256.048376091869 1886.2684283411159
6372.7137935404735 9463.918739004133
9097.315490836943 2555.2023259097377
4783.065878030582 3515.754479975447
9083.871723059157 8560.148205932335
6997.62825994823 6088.790256459432
8705.352122921606 8116.692896537221
1611.468614791346 4960.775735247163
1039.8857692636798 9790.887491179088
7439.550373085402 8132.606158049176
4766.4127642092235 4694.61087229784
8531.865436545673 8528.858154174059
5467.6795132989255 8348.03250394083
2012.480400663067 4433.083560165789
64.31303085542184 6856.697399914891
4388.556769314588 2400.1115473263812
2472.3121085377375 3505.836140870343
9758.602414704352 1623.9318021282302
8390.761878408168 7392.0743288028325
7694.921793853267 38.569413209710305
8503.520326779339 5292.800686485276
9483.42637865298 2790.677642998651
2318.0825438947504 1616.0263963841737
8874.678364829635 3146.4151387023285
9366.783641775794 8978.64945116977
7533.240789749774 4381.494513944279
559.9483778774494 3728.6143880343757
5968.106289668443 8752.118069935552
107.55723529869866 6556.536209186803
7885.1876787673145 6255.849849438991
7615.442695672246 8234.935017895992
9623.550258125786 1565.2937935611567
713.9880340313975 4478.3077545341275
6620.271061387673 2253.781726631364
891.7561355145898 1934.8385456846295
5694.514429575185 5231.100770428817
9083.421472244307 9400.630012346379
5349.6139960747005 1168.6178675981773
3000.836240802024 4489.916373955096
6262.657891018614 8616.985798972539
5198.018931416014 6199.79101201945
664.273033045828 505.94950040886766
9425.29582515771 8075.572248653519
2407.008580739025 5764.5890347186805
2954.7906460313366 5012.992277346798
9178.927220851585 7911.673953283781
4248.9010214265645 9125.988636871538
4539.703773020686 639.6255880687263
8595.36201506222 6563.943802488943
239.75008263878772 7651.914528963988
9146.9435616913 7679.801979134166
8628.571813127437 312.5494348803881
7180.78354728649 7530.571859385817
866.7789718907659 2027.635333371629
3331.815283693608 2334.2963784806734
9126.867593807741 2702.8197167382627
1056.6954509104198 212.65398586938878
1.094466551537776 106.75908413790735
4649.094253625203 1315.9324784081184
1930.473556790202 7519.576134013077
6754.164620736488 3257.1928587777843
1627.120560542794 8656.603710432542
4519.4567008778595 2675.0211664426847
3182.878785044212 1531.5371756072539
9271.500041453306 2699.34302879932
8840.361515330262 2659.4479303401754
1921.726464397111 9112.35475758913
2248.249384879748 1798.9372017115923
5182.362944678789 5076.700507714142
3430.8838208683346 5294.039456549189
4112.3738365488025 5445.608647184783
9672.901904097094 3000.309492454021
8515.484816385102 6874.769855314101
8052.858905062099 9765.8586243016
4276.779154927632 9223.327503018676
3455.492314708248 7486.931949317507
5851.302216261654 7061.420768325361
550.4773507556538 7868.9478886198685
8807.569377232372 7494.304739411333
9446.234318097566 9197.746063980967
9580.8239643363 1968.14576387631
2510.5475026710164 2662.123337520528
9405.343064142746 5240.171801807412
4195.456893440184 5067.56129660606
772.0436052187052 4275.932524457191
6612.092278044555 5142.3769545969535
7697.096550176785 3479.0065261173177
1071.8167098909414 61.36002307790322
5589.205180199656 363.56316746627203
9843.25415765883 7298.284213059247
2567.66128853981 7547.776132784545
2970.475546879724 4467.5109463916415
1710.2418485869964 2776.152143643846
2155.822990580607 6426.22938539804
2899.4677576470817 8571.424343332283
7431.555437299544 4582.7084413729035
3687.6921847622934 7071.736443099171
2627.6983029365133 8092.260096022159
915.945691813842 3626.416912767314
2489.187265858733 421.4465474879259
8698.413468821536 4803.729887737453
7703.598583368699 7622.385214670483
3823.8759492889817 2606.5576732979657
4071.4581613087485 6582.842620239786
6627.398957952306 6897.054369228125
8584.329757042598 2504.126500360856
3950.0038546318615 2298.8879671338523
8271.579747812495 4907.621665586535
931.0162957423695 4175.760034838927
7334.927183494346 582.1384662054074
67.22836003305255 677.481340306707
4310.581178554326 58.073611162803296
9224.976058228889 4299.94705675964
3781.980186440251 1430.707992442244
5105.678874235273 6922.9457047278065
6511.843726944444 1653.798487548427
5042.343943098712 6869.802551861894
7770.454717434608 785.9455503096258
7943.991942986925 5175.447150101297
6107.790171744575 9096.047973569554
4706.910741749538 954.5632758621337
3850.32591821305 420.482767862298
9476.10149232965 2529.065303228891
6199.03777934639 7713.480290532519
5767.230098849551 1804.2175843283758
7963.332085788396 8343.486188699286
5648.853105018772 4275.295533912381
5686.332366360533 7362.13712289339
5936.638273611116 6001.760935282325
8200.163965804602 6708.800390080914
2665.7564139070723 1903.5085755416626
495.569340021258 7112.45709157187
3984.5677700612923 6813.812390867183
4198.399462605414 7314.036346374651
2052.188243259152 1866.1808479179508
2916.2224033141993 2156.1390022666073
6524.466442821529 3997.4112357101467
2251.50059724977 7073.410977244335
5777.357974123609 5616.7068699637775
2373.484704745199 1565.663807045169
7143.638341521864 4820.8007969208475
5699.179896204154 8347.156225214023
4128.347690224461 3927.6090615261837
3454.440064919658 8039.292450373447
6820.312014403324 5556.014038500596
2669.4525204032702 1510.3078488519018
1531.5413372138887 996.9535652098859
9508.573902727729 3264.349655444817
7073.256483041546 5201.0752421668785
5742.686160286629 9643.686241235266
8016.751949974856 6350.788057999085
2642.9394816480567 5031.6038929338965
9789.250534239527 5689.626014374411
607.9591205437706 7729.8820676452015
6519.364235553693 5049.411450203398
3432.287087308623 4733.562454226109
173.72412541219907 5345.791645170783
3282.0413768905023 1237.0598517158194
8715.800001789286 9205.289876864652
6164.473470450933 6379.486134300853
1769.8779220397776 4842.100603522138
7961.30969916116 1473.3902923299502
4587.622303608673 6320.430443781949
7941.462817220604 759.9432658833438
4991.599390983541 7418.265371637292
76.91020742894072 7594.926601154492
3409.5907889446585 2451.0255686698233
2456.2277147396685 893.7102177461343
3115.484373967419 7618.642990861213
1623.4807220380144 7649.733780462199
6356.976740170461 707.1800501591308
1765.8706871094155 7389.834149967677
2177.2769770836144 5306.181957044296
8331.7441135911 3541.0876957549963
3427.4570730353494 8095.533630649704
1881.2688838403958 4857.669236848245
3718.042288561072 4210.67391246419
755.2876214794169 7292.551298213714
9872.893181293093 6212.5924523231315
493.56435850356985 2997.698946540931
1825.3812588821327 6769.117591770485
3841.8382294116127 8497.74552204156
9836.311430315558 3796.5794156098254
7657.804531255991 8505.956109638671
8415.004267142976 9516.009669232877
2059.3476509182497 5337.6234783249265
7389.395583725842 1645.6194471219842
2754.0490890530923 6424.8562715014705
3197.9714411444506 5781.375403686988
9647.200664072967 4048.063309810497
7665.804911605222 2910.068121724684
3546.2563363570644 2073.251515710578
7278.916031591497 4954.351120755232
8062.855803552718 4220.590339878981
3285.629977941862 4266.800614332168
5659.259364194706 7188.524202241526
1830.5603234980883 70.13060917304136
5194.235204016245 9819.04052735319
3766.298142242015 5983.269500607386
3294.1452738916532 6413.525945097642
5789.839863635226 7978.08829036172
3408.173124463856 8294.981001321408
8115.242486605182 1379.1454764254174
4502.351325109257 2761.179410350766
9020.944369531833 8848.891461595642
6005.23599874991 2684.6966328756894
3299.6452346085093 8693.355550249113
6838.788934831024 3189.55399627787
9890.592067441577 4278.415291468936
4151.227937753663 4070.556257277692
3788.569298796073 864.3264452840705
1714.3072362565226 7920.226345523575
8700.846793360932 5746.270409317763
8855.693708815998 4289.571750282623
9862.789842682198 1231.251118322585
8267.812414161892 9632.740997808194
924.7918477966632 7686.758778960123
5067.729318151589 1271.962603558393
4887.638972523813 5664.185908626219
78.350576877122 1167.9808665126002
6690.373440140984 1930.0683689615184
7459.416468674977 1892.5362972041703
4244.174327183904 4130.795851227632
537.470455945086 2873.2621771072895
5457.723764544804 2771.518957027137
9967.191540490712 9717.700318055047
1113.9871400326651 7207.554848437464
5202.176152304057 3221.965413402107
7335.280491955037 4426.672784478583
3661.4608216319143 7530.915153201552
6812.959721644547 5543.21950053558
1948.7833143322564 8840.514152869158
4980.011006572887 5130.122174898351
14.775094989004645 7019.402840812022
5869.284435464913 2782.3838109731323
2247.991127264576 2575.516838788261
2527.05556369582 4635.765970254946
9138.877469681292 504.923611436211
8541.060746221241 4956.929916280252
9381.483722837394 733.8794216597688
494.1029871124203 4376.387420132499
5060.934806098383 2101.4296139427092
5968.776229270676 1853.187494929659
1920.3695888755544 3128.7071213837357
8105.809879263127 2040.3475380461211
2609.267144404738 8182.415486331728
5657.991473420157 8362.612460496846
3285.7780266012405 2063.802572098036
6983.574801667713 4823.203803752043
2978.885262216907 9540.76932665199
7487.534839916713 6323.80035008193
711.918180640796 8889.57614248279
2645.9845828143934 8112.0690450976645
7547.151590810648 123.94479283875492
2938.5239554061236 9863.643150688698
9431.918422910505 9263.179791243056
2765.2383250527355 8860.521644919228
2009.8754351313198 9727.259451323655
2739.5244464116777 9745.445943101404
406.7557131766986 745.6770468274543
3624.8685773652633 5411.880490921959
5408.154523215099 528.1391346578612
623.1591423467509 4731.813074530318
2417.588172617078 8869.060694612137
8724.066959193451 8028.655888556171
1116.2774810789056 9844.114247563168
3389.479372200042 470.1179298866265
1841.8044419862879 305.9335173225641
5973.929455362067 6885.9903763648235
9360.9969490066 3997.3853229608867
9971.411805424561 8908.36727955635
5933.099558939793 4274.661511254133
2430.932765096888 6786.90133436831
3342.488158806747 668.7675671892457
4697.592983709891 3749.274497051318
7925.894129868715 5812.812018337704
8012.95550956944 357.1373133051603
3527.3042525914634 9623.828343197933
2447.904770651389 9950.353294959108
4784.404221119718 7051.6931256509815
2143.154861399893 3977.461390904774
7183.641300006451 4194.028150494308
5897.020407304235 7777.84396289002
916.6789684700183 5124.802376579312
9767.012475057603 3211.174302574745
2729.2254120488547 8395.681956356419
7541.279094501786 4422.285022441683
3673.9154903999515 7842.999431593248
5687.862293247188 6984.688044975657
962.1340888391771 7069.546296186666
1704.1942450719794 8683.5439965129
8955.365496330009 769.2151186890317
8666.211351504773 2278.9659036155817
7744.865317070962 8923.85279731739
4215.915338488 6733.117004237682
7739.14414394022 1825.5089037561434
9228.167571702657 3589.6363991875046
5211.965585929027 4863.593618648033
9961.950532743715 9461.513039539432
6859.255313221377 2065.2878914702856
7628.287678343765 3913.598519392224
1071.5298156592835 6488.876107663882
996.4658681707683 4418.532421058834
9849.145714021153 3743.4991634585767
912.1540874435119 6519.92878570798
8070.887273307389 2145.1559670121255
415.47037865619865 7854.254153868316
6172.098492961694 9317.607297736587
523.9971056301584 9262.900890832647
8196.782222978312 408.1642205284874
9685.202721460071 4868.54310633693
9658.78121518336 7512.173122994944
4404.67464202249 5694.934193206786
8680.366737895321 3386.3374944076095
9621.03080176036 8176.890773983062
9472.259855366674 5079.840559846146
25.318692464355586 9737.27949466343
9377.31345303501 4723.567424951037
7712.17501123555 8500.401949289137
9420.789575667792 5391.549018219615
7301.964300447788 3166.2583131070664
3593.3636739601084 9685.078336056991
6987.570952654772 2087.736971496378
3938.6984698737538 7488.781406765298
2836.47330904229 7672.865193854783
6925.623612515679 7209.248178321911
4118.180705164001 3376.828357358925
1555.6725927212267 1730.6609766228787
9429.06361627297 5753.547110873706
1189.9178320169624 6308.18433160952
6951.068725755554 3304.1767930095834
9174.758826214013 668.7084710272562
7307.756024747741 7189.9728543089095
3004.5172174486147 1699.8663572309947
4170.550473033943 6269.545660445541
2979.3936783656204 6282.074069706039
6020.056028992981 375.6028047514637
9100.549882751351 6054.66946226036
2281.7312643756127 1263.8600473618078
4289.775236754431 7206.054779975837
8432.176596327552 246.87370427434186
2929.409872024167 8739.078452448684
7611.743378089849 5168.130978462638
1188.887191881628 2086.7106459060224
781.1178691243325 7076.811134365822
9637.475121456142 3439.409885068944
3523.9970490332084 8731.207464217412
9238.48805490009 7694.3916940554445
5224.917071352273 2888.879020875894
8978.447974194132 9548.347951324153
5540.755976987965 8234.178520801568
7105.381115721132 2928.9893596797942
3836.3785122778695 4748.882973924622
8233.629491442905 4697.112470202931
9569.350835588577 8349.229917857418
5418.272231097033 2349.7230453163875
5485.598534841012 6692.737453440239
9710.441522556275 8316.069217280834
927.3431147401734 4200.773560984501
9675.533149354595 5362.276524219574
9556.596121147935 4547.90768231725
9889.50755389839 8606.593743288462
4361.951219691167 3136.6595555065546
524.179771057659 9696.094170001265
2943.3627359975358 406.3444189951693
9790.60711879757 7807.003748822063
7759.052277291062 9217.281482349927
7230.378060384834 304.6516504439734
9270.643685505733 6006.717519559157
8627.81307473837 3135.3718405698914
4737.070902043315 5930.393798771438
2661.792892459012 7321.51203541636
1784.763901191847 6783.764538518047
5324.127200666418 3292.0285945294304
3821.068894024977 5139.446306835092
602.0874105143381 9204.98218037608
3859.809010981375 842.5673764126041
4955.923793080833 2904.5724454545043
4392.347940846806 2773.2524417072377
8717.891232875241 9704.177727686723
3564.475874087857 9615.565698323078
9697.51783137583 9798.196700536446
2108.876091975952 4264.8045928140455
2998.543369999652 9779.31419493683
1234.9054528849367 9460.12467628307
6336.165230437881 2474.1450556576983
8991.852834309715 5247.045088798078
1988.9302032177902 8109.032417982017
1498.808547946857 5954.465854174572
4927.811974477568 7679.1115001574935
5873.7246549095635 5513.4097101022835
1635.722671785098 6317.573359206564
3696.1977909091015 5149.773249187391
5663.9012147243375 448.3932317331474
7402.963163069083 6750.9531796820675
4067.332945374903 7554.614795556408
7142.039625077094 8536.292652631919
3519.5538583646235 1505.6123929108112
2300.9177321308803 7053.86984488928
6127.89584621647 9560.579308904518
176.13750776631187 981.2279740439956
2753.4329979502527 9401.816815331164
4066.0562978480184 7725.223992917768
5985.594180416938 5850.23153222438
4445.557307586868 3396.2557951205276
5829.605697000809 7276.773422615473
9820.906497222406 374.69831898856665
8635.635850376017 1147.3719134642113
8364.912910684283 4392.46398908132
3831.713896637233 6625.266489714307
7497.00966702866 4820.177001321124
3618.196766931321 9703.441150801526
6199.815782086331 7680.530878130018
7939.767735452877 2951.213738952063
4053.1992154036043 800.975105818299
771.6425740438282 7632.850980326743
1718.8110410218171 4473.95681957994
4039.874016034767 692.4115020940947
9922.51730132022 9010.522653378674
2341.3405969581345 2897.8476467258342
7859.103125808938 2653.157168231236
5037.210204614896 7298.722301178659
7383.0820058784775 9456.323193896777
2264.376144234076 9075.727537806806
6351.39144651072 6948.236030651599
7942.559901013922 8846.518983166894
3048.2161735170453 7654.992910184761
5950.48390403214 1541.2100468413303
3749.122304704806 6898.245959150849
5302.718302711956 2072.193173217588
7171.152714781507 1670.1955510219868
6379.506851415708 7196.788261153359
2807.473678769008 1844.7508404332225
3045.0844197726756 207.5467264941333
4959.62658017761 5501.286592640823
4835.697951906698 1383.8620193854479
657.3838478956795 4717.5034597112335
9306.748638961275 2499.8735707813726
7595.667377181311 6830.47574387323
7099.173427273165 8107.47207322946
7719.935908382137 8870.048215236558
1318.3905311373157 9799.547267058484
3155.904702579292 9636.324547027729
8414.83294329124 2207.4447389297393
3806.41176311341 4723.0650088859975
9913.299449070702 1097.925927136545
127.69844857816514 4681.3893073083655
3059.0570500818812 4608.758994317105
349.32696723228963 5473.263372147641
3731.8275198496485 8398.38631373403
8716.40712343153 3381.819322816968
6824.4968622358 4283.952484733322
209.7609794884303 3625.6418845698245
7691.592421906229 9803.301071778897
7639.106221505687 3066.7302591992584
3243.265936797987 3060.372358634115
9006.291445546663 2606.9236576515377
2793.7381352180637 3199.7709908162797
6600.069012980886 4135.155562924558
6868.848069726504 1905.0910470148485
4410.84907440303 217.98107859169912
6835.567552938853 5426.923639607272
7143.322756684435 2118.3980669396287
9437.03372561183 9820.292385906347
2356.8047889267295 3183.063492602428
8099.861028975005 4307.593327535846
7077.593078781563 155.5849062038006
7226.197703684256 8981.94692948623
1604.5980375784995 4553.637069395998
6591.190353918488 3427.1917222526317
6168.947658175176 9890.247375305307
437.22889225054297 2254.583119651967
610.2247283519491 8224.653587288632
9889.543500451862 2042.5848977364692
3296.4527809043166 1295.7311553459338
7913.427471302121 1714.9715949790846
3141.890766261919 7321.056411955356
3191.5707482227253 5003.786961766322
7766.156512095665 4437.251762265586
3020.67840377928 9317.531763602328
1590.151071036736 5712.340179761677
5609.766411716421 71.28357829287002
9978.707204880473 8678.41025504284
9008.218139855588 3334.275911286483
9416.838640728092 4412.974027328177
7299.896110572003 2511.798439428794
9145.923553522898 7339.977275914726
4670.302406151463 6702.100043730399
6688.101973273499 7126.5000343764505
4486.98447642254 9355.313543855498
8251.627815898546 8318.761280615712
3629.0910356657114 5910.23844800452
5136.862042741786 1691.1239485756314
1960.1755453847647 8196.15849703362
8952.053122656967 3674.371489470687
3059.0616591416087 1560.6887134738479
1699.9988721521308 6684.604718537319
5106.775887401749 7920.977976381561
1611.1392549217562 3691.689703708394
173.26232769772963 4234.425761728538
1975.5837424744605 4946.260425218817
6055.796819382923 1246.3922042803633
8166.027882367768 3426.86233739401
7291.7189852593965 1796.2133395076419
7545.467005195925 8273.899447562446
1001.3052318045135 1449.1632228536212
8018.071271000094 2244.624648678889
8812.308829196425 6770.825787191102
3608.5346323348476 53.49244097411221
8275.896022953422 8171.676970503412
9644.666123026567 9354.771873527478
5904.41063482568 4923.495018850631
5869.946973059724 5079.3940389746895
9244.600811378235 9685.556412842507
3127.224248468452 855.5872339626536
7245.647925061467 8677.39232268496
8131.670988149526 8322.930974214474
6589.540481806564 1496.2168455909275
1290.5940405810602 6292.0405554139925
6622.032857122651 1500.9604393706832
4529.619058923866 6907.165603690089
7055.641972039445 3671.1754183274793
9649.245423304443 5236.571563029576
711.8287192362782 1897.90411154389
2862.7061634199035 2045.648330604437
8227.722162216245 1774.9289023907277
7855.528443019788 6900.265258542322
2873.4383877059354 8132.656871623817
7959.139783043262 202.97409169098057
1409.2602425362766 8793.210783244604
7845.320333500045 8282.239333510113
1257.6355196975487 7324.133527792385
6525.252171801459 5234.950069449432
5173.1652206266335 7929.44103005082
6376.373237987172 8865.049008863964
2064.447694756009 5040.57903728929
7422.191213992266 5766.191809770883
6654.853015602557 8656.180442327182
2154.67406452325 2363.926052833836
1265.0052256672727 4028.331645992589
3815.7771927755257 4562.95930024204
157.94643102654328 904.4031499513671
244.12903099690575 8537.663849191445
608.6705886263799 3207.307630683208
6144.843707157584 9159.042813531776
5142.908952039602 4773.397452755708
8954.886983735478 568.9595309326412
6235.755562309318 566.0223192136172
7353.371624438816 5492.51431798062
8168.926329423176 5644.1111836758255
6905.612779505674 6022.026317937389
716.1434845007675 6088.961206984226
4331.7288667295525 8811.156271453143
5859.346672347674 7078.749621030189
455.0219090267238 1885.2908735260266
1834.1270686369194 3349.1099589891037
2012.330059485491 8604.377267580361
8460.993832130016 6389.44280444577
4197.992643747783 6706.983677549237
3939.7746440612514 898.4603195842055
9065.026978022759 6819.432683445646
6067.665171285163 258.7913975939227
9721.563680243911 5331.439391598767
187.13712499758063 7089.300495722289
6637.543596446311 1119.7567431031653
2078.1247003979265 295.10564257167806
316.1337874998116 4243.916033540206
6479.60670939315 4459.104726127742
4086.2668984692064 7443.222432348847
958.908116023871 905.1491567958014
1837.1721019879294 8031.748521344541
442.7456476063429 2311.8342529399692
8142.7064349926095 8618.14156509156
9882.249008512057 4367.1992115183575
2412.7566933971457 9969.646968041712
1244.8876629357042 8628.461651583762
4460.936544638892 8294.815401774205
6309.438824150739 487.2384465808055
6192.246842169039 2236.953872162607
8585.835355853867 4939.531107924322
2991.3319124276627 1950.4487907446687
6089.935289452572 721.0872018237491
8831.409408412761 3774.6702129636465
1673.9571425185395 292.5681630872645
1125.9086691535847 9225.244566019843
9146.529274277276 9145.292984391304
4909.304658849682 6290.065861399125
1512.002514569989 2947.1487582864943
1060.5856554635195 4347.482306151759
2316.8839820444086 5159.584836736894
9972.24991970212 1416.6857317457836
2311.9440136645576 930.4446018131307
319.6764885699388 3905.4025834815698
1421.7600945186803 5303.708752040408
2400.169178892103 4537.56268900218
359.1607589459511 5086.052529860004
6887.926385045882 3723.7046082865654
7130.235022473464 4071.456148674449
2790.6433546799826 3279.4516917054393
1146.2760187231347 748.922424643309
2895.403856097749 9102.469232891797
1692.2351796270862 6104.696111505818
1055.9738989630507 1185.8968558401605
8096.958672667593 6679.198737570734
3300.56309140638 5176.322596326276
6108.687419500825 4650.226019373123
3928.570354544606 9576.944950906587
8700.00396152523 2387.7820597847854
8516.786477380441 6651.651853054728
9809.606838959668 3662.2499999279735
8069.976844273622 3103.3145551312537
6374.006723416913 7486.430183673193
2427.7219483254776 8679.683125464206
7410.431185904072 3433.303183941946
6478.847887848066 7002.838031671663
8882.93498863655 9195.205172180917
9736.726479017807 3123.2390095952287
9616.914082984777 2136.4274004706263
8393.187555606504 6566.985776315662
6622.921229840034 6640.083718847252
9095.727958495023 6974.983166093574
7848.891849663089 8161.416508494366
5382.163472688165 1825.285353672892
6600.581896248744 3073.539029036132
958.8195102670927 2184.9668671807385
4653.233526785471 627.9406572115475
8822.808118264158 2955.4496662247366
423.17694082550815 9650.910834730817
1605.8969341378947 8655.291662635957
4476.288513465833 7958.363423773046
6456.921391911608 4427.024165526975
7120.9230237847705 6895.372741936586
7281.65326033538 4659.696106547854
1866.143432101095 6893.06268525562
8223.484433141832 8386.36955961153
4121.7733679935445 2484.3109153594132
4895.241612680838 1445.8840605898527
6675.002109772818 6831.070738284821
4061.900528799429 290.7868221318433
2198.9742988404014 6489.926801177079
8225.92014797805 1278.4033351412993
8331.998727238515 6878.842809471649
8881.371827744742 2299.6029689550546
