2566
4047.7113452562517 1925.8275118965162
2760.062248552371 5703.692716080958
2673.597469496769 1354.6422200633124
6346.25183292925 6753.776620347829
5696.232643786212 948.4070546882429
6060.661650731697 8782.071662803073
4879.415761999384 108.1809702451153
7684.967064381773 2925.193508881121
5901.871735750542 7668.695595958844
3735.1749898540775 6901.415055940541
1493.2594210003858 1228.5447251451699
5291.710282309954 4067.537944480172
4871.012584364359 8209.815618329389
2788.938474204893 9373.814475775975
6481.254402380337 2268.068799446692
5490.994749962655 4319.274788429446
6822.407082963148 89.59892147816673
3062.42201156563 4582.082995586326
8218.016044079232 7841.412175916964
1636.2741112763856 3384.307257543021
8805.694070087588 3580.3822601231473
1088.9664154875834 847.7594484315154
2721.9800413858707 1781.5565667548983
9850.309504657982 4607.319160024186
1488.3064995419716 8811.600712904245
8508.794728668934 9770.429304378744
2941.147536415474 3651.886822852961
3716.340836934857 6946.211794122886
5699.822306700332 6466.744200115496
9453.359882292214 5514.918681981931
9128.309194901874 8715.911049498392
3584.1264666129678 5568.1983850303895
1022.8249804001765 2426.233664793317
3814.091990513343 6022.928038866654
7844.807369230665 2966.1855298140904
8654.913049638251 8296.117333575787
5219.334671610166 9207.784495779299
5809.608020499857 4625.667653175466
9631.902636449937 7314.007359318249
2509.4009143888243 7631.528269750819
5781.874432601325 9555.817507059855
9765.44467851795 3034.0554057536874
7888.804182714033 7541.433112874758
5242.761578193019 581.1543452959833
7398.231300221039 31.47961307730651
7520.379264122696 9183.040539452484
3996.428013216957 9117.19248238377
7870.776124861865 1013.2279783460818
1618.977040516828 4954.838463122433
4373.400152514926 5906.615917086075
6225.945662820517 8478.055280990226
7171.153514222675 1770.310264396523
7516.810727000756 3550.8111628463525
2985.388453369491 8920.083273983755
2471.1850767538613 4877.212183992054
1624.090763113979 6265.140745047875
4626.782530877641 5650.391569519144
7149.57362378547 5086.128547749745
9343.946262083688 9401.238852602564
1616.1414449032973 1786.0811177732528
1956.4670795098061 3798.7377046833835
9844.827936424308 4441.275133932806
2671.294645930482 257.1980738016599
9571.449455098962 9238.718891391809
9355.144643854439 2121.683249289403
2485.8578866206904 1959.2763970495853
6933.895113659074 5931.449487924605
8174.415756716186 6550.1868963948555
31.05068803670674 4802.231759233963
4784.359749212101 7528.0071645307835
3684.447651362146 321.72116469391665
7347.856468578916 5462.769795708527
5505.764484264258 9518.600770138844
7135.197741400912 5116.419928876643
1485.288832463655 6444.015654081193
3150.718743618962 3943.35000326664
6794.788758078578 3695.376589959398
9941.670735796268 4608.126901201187
2404.2195512201615 7815.9036551173485
4259.411980790055 8935.265422576322
8103.392780782392 3919.3398702080062
6793.926799513432 2278.1704377020274
2607.6251055921994 9117.773384183882
4196.822084257057 6679.134616399748
1826.772140637245 1371.5284913295468
914.5903858908144 8389.544397845491
7089.944828513997 233.59631099007737
9973.068772169554 329.2138476133355
6143.596641094991 8627.09688443833
6785.665403510036 2886.028434263268
1078.5598287252828 272.77264990297147
302.06627260525806 7091.850468558607
8992.001271290894 5674.537952424589
1370.7714639928681 2657.8999338186536
3153.1556676644823 674.6170513175887
9057.955083090495 9612.592554091927
4717.087748254285 5505.82395592515
1846.7833132887301 6357.082257077364
7618.6262239070265 8997.049296344569
2135.4623745683466 8838.51784003702
2178.996865976758 2129.037370043766
9258.931269467217 5238.295560262909
6170.581457606755 7491.051855113004
8378.256555553362 8082.346258090014
5610.61386088162 6355.045022577691
13.423209492017252 1002.7707095766292
1392.5167582564625 3062.4559082159763
7739.356930104702 514.8953290847979
2013.971871711926 7209.787339199844
9621.658221448632 4121.088623154702
7123.71307023067 7722.619107206901
2337.6624007346627 4812.445164360075
1384.411903584759 9323.7354848125
5610.085982697166 8611.708456268623
3236.9262989905633 1129.5574932380448
8574.659032297383 6185.57032547911
8551.56638588582 9150.088450039271
9009.779372719404 1751.7471885589198
4864.927518316128 9321.094924255125
975.3734827127225 2516.006558642239
7926.224510234578 5363.264436693238
6339.781459182966 9696.572017251801
8614.9606025783 6241.589524112923
917.6295088668895 7828.1110696535015
4942.145320606937 1289.2544933686868
6498.289821137623 2484.7689347123946
810.1758986897389 7163.803707775498
5913.67388299257 7821.479512904034
481.8786044908629 9719.398491941336
9475.738975337543 4405.050160882986
5297.104401078631 5607.476923436868
7608.233323712681 4691.28365014582
7075.657843528345 2959.1470002819897
6303.846030272896 8201.661946314718
858.2342480738158 7856.166697150285
9157.063338126678 962.8905428384537
8162.426241094627 3463.369514497515
2154.680408410414 4094.8562359050757
768.7531834817806 1673.917046296176
5150.0539318847705 4567.3279043947705
4202.05986175068 2909.774766672445
7003.820600557954 7092.988230590239
9536.516790087031 8323.318878901391
9742.953158134822 9884.153868404786
1927.8486765024118 62.00290087288618
771.6588673584646 8572.80251754076
4364.308150513159 9486.525095924306
1161.7705565608505 1978.2993009366735
5528.299325285182 273.9533707408348
2356.920353601285 604.4697316038428
1373.4503067980497 3190.782405815219
3243.925104182359 3757.441434534868
1047.3219552290402 1986.9105121089858
4476.455071664589 3997.9373871161592
9127.832033219918 5340.0410038447035
7180.197419453487 8276.47091704375
7791.862785454876 8071.02907934221
8725.366314050461 3547.156321289852
4497.413285616628 5954.207329258957
9121.551660895031 915.6184289517788
3036.045874543987 2362.7441575273756
7771.540433331533 6448.7455687317615
8400.268830078221 1717.5997861561189
1814.8860422344703 8658.799013576812
8810.885964948697 4249.664088433192
4098.636408570063 2371.6577788508166
1462.236041726075 8938.171970590378
931.7794169438309 6198.7394542236225
2068.6350609226265 6654.5132810533505
7211.600807080644 6154.409560335529
2133.225748987657 3519.0641093616728
9254.289799412445 1095.4509404536673
2010.8255828137555 5269.684662241749
3718.770211381904 6606.435958730095
2299.2630826557656 7044.046880468788
4381.875032359282 2714.607216697523
869.0723817698298 9393.964242410495
7204.6221753542295 7390.135164924606
7929.316683600571 578.4188422242942
8123.490797169647 2172.3950002041915
6927.695042088948 7222.992245665262
7307.237748024351 8460.161990035598
4795.980024673717 286.92111946848064
8238.933569057712 3013.3942538544857
1077.225362968106 945.0214167035498
9914.539981755079 9036.53791812597
1809.0699807011167 1470.2297543168806
5693.489301675133 4848.0544302804565
687.8604783070152 9493.535836263329
2893.368110499783 5588.13381354894
7001.200218121814 121.59123252368009
3089.9489610620967 4676.327327556091
7091.924643674862 9308.292571081154
4265.450846324412 803.0934668940625
3704.396847849538 3605.1615183897934
2442.0562384151876 3124.021108279352
5464.402011742462 5956.348372560141
2244.3434717456403 2022.757260069642
6956.815328524628 4557.611799617925
2953.4474439813716 5318.433812630769
8390.604840897777 1964.635314728822
9047.386439140884 115.64929162220072
2678.623307018129 4614.562392630487
1966.1474959421587 8629.834717024774
6910.035062504712 8715.644679964827
2896.7538055632845 2268.0902975653485
4656.109500942828 7063.410319432677
4742.683869242363 2005.350453328686
5325.508494400551 2757.7863358256914
5123.649139711566 4667.999485301309
6873.084725643368 24.10820674047742
1245.8811516288558 4121.822675643584
8566.595975307438 9381.981197827186
1789.7143236614422 3558.447690413261
1228.6334567866386 4259.462626159087
580.3990404292059 84.19575424393422
3396.45227237519 8816.053648982452
1739.7119408465412 5637.522515220151
3180.282254542005 2216.509302614145
6260.0762038181565 8896.002550268886
7251.088601152803 2888.481138413299
5499.54570432002 1281.0709136101596
351.6435149784025 7400.5317451993105
7965.141573503152 6428.503248989224
1000.155214363353 2513.0707355733784
1933.6792442558237 6564.879955550318
1643.6018432433175 5683.28184522967
7953.356312140741 1115.0480619577263
4418.295039680267 8846.117850737843
2076.0171871801135 2562.8578830271663
6888.101141621649 2646.9693681935414
2789.150034071791 2097.218403337876
5656.130427037136 3467.613843561149
2048.31115557181 2897.7793945656117
9583.596950324662 3565.57910790958
3554.8123620190217 2049.316233131587
8499.9473384303 5438.064510385956
9480.15141657311 3021.157046563453
7751.2372750076365 5125.080021878554
207.80019458508826 9407.757737222819
3709.1374761244356 5582.48058416933
344.6095651637426 7198.799355827472
450.83174500063825 484.08802186310163
8248.230782397259 7231.938578266138
3220.4624587029953 853.1043983775933
5623.591852952755 1678.6229304724054
9995.67583802391 1776.5463661558322
8360.611823522806 8423.13053812161
8508.20031735628 4122.432880140536
9716.967579366086 5017.275264760943
2405.2880037155346 6657.984657016821
2193.8827738204413 9527.972986068951
6889.240135482544 7258.10348270792
5009.533870017276 9042.13545054029
1135.124261074504 7996.91867610732
9943.820296485503 7853.122495275229
2062.1841354194257 7831.200167760973
9509.880439475695 6425.251005475369
1622.334733163575 8312.955861196839
7901.876607530331 9117.619794918082
7669.5219177940335 2309.546867185648
6975.216184760286 3345.779486344488
6686.621255251206 3063.1660492672163
6634.510272474321 5369.542521339359
5171.937721930899 1087.5472484938841
1436.2196421512797 8217.489436813072
5325.259998196323 9378.281618738574
2957.071877991565 5393.499006823456
9823.814444230624 3204.1364998661224
535.9770162930189 9957.890008503551
9941.352043051302 9350.28985969044
1366.310168760836 2335.532239927477
1038.996400545552 1100.4037354838758
4597.0692926397205 1775.5480516079126
9544.36458208822 9472.979097099704
3095.556081376858 5771.991396625887
5935.873302866595 8268.4518547127
830.8711736418118 8952.15657493719
8962.022776497335 337.0005764048567
3456.6519792011372 7948.936872447107
7350.848255911382 5143.054871414698
4603.125063358243 1595.9159793576239
6602.618894770557 3181.010989179428
632.6853826564416 6418.640312684078
109.25142436400415 1087.6733629689816
2169.8509782472343 5842.792337036766
5806.798091466605 2400.4556365672947
1585.5911460819384 7799.7399829207725
1842.762995920415 2826.396921470139
1797.6561303614947 9482.213151873799
7327.883054528092 5615.555543640886
3242.68532446081 9887.6181178573
7142.408059465204 2173.3673276432064
2682.5076684036244 483.7652460663644
2979.8030648290965 5400.061875096206
9626.19013628317 1841.5590260536585
6336.18322373771 8411.253788636748
3581.028225048357 9401.453941589496
2991.6870884202594 9272.338506754098
8089.81661861738 4675.253172964455
2680.3818426441385 3170.334928808037
5568.37812851641 9132.091385288575
2108.184582504844 7050.337816915223
326.4643061467809 6777.20609439049
4253.67685300978 8159.756415970354
5836.790110788501 8004.370131623868
1974.5766903507977 7172.0288384046235
6311.101475506899 1687.6205664691347
9343.02518520156 8602.522413989265
1948.8115042533693 4675.190353309229
9845.738302422631 6082.842015789494
1842.8896825226882 7858.307680579768
6610.4552111066105 7725.784752308904
8459.32370798609 5809.799103562474
6158.018501815533 7291.695445553085
2850.6129299312065 2622.195025768791
3829.801860449353 157.99403826538995
320.3990563511205 22.304859309432157
6003.095177409738 9197.159616645169
2125.4748206602712 5098.990085762063
1482.449603334084 4584.471759891032
9983.054216796134 4053.1332941455644
2042.8712483218048 3285.328285906839
6645.327536021365 5263.565786570583
1.1466633968437723 8512.968573641929
7609.9682216522915 9659.98073036881
8904.473125948169 6800.954815470042
6154.3930881608985 8903.625482193396
1950.9538632032175 500.770730479031
6313.224186301223 2198.832932521103
1594.4150573815364 6493.419445961241
6162.539866564251 693.214984975814
2936.38811351459 7694.916332962415
6831.136932565683 4371.610385617988
2970.9896039664586 2539.085118976062
1028.1787277527742 108.64079077205102
7523.827300820759 9037.084643387529
8558.230859596382 1116.9997483825312
7813.948271303682 4241.609781345953
5288.838593230172 7413.357709627837
8968.233232000168 6984.7206571637935
6342.430653640997 4121.039255679694
3530.5366422889383 1611.7758394017212
3903.48543228938 9438.389745997873
4033.2611041392006 3099.957788935298
4963.524336090446 6924.015003752551
36.941994525480084 9428.395233517618
4570.647351451184 7384.844682498877
6693.814170028548 5357.900662126563
5706.964146914903 4100.234476846195
3854.2197653528056 2881.860710413058
7786.407357465737 1375.0867327537208
7010.106777455886 7525.830476884054
1947.0685626807106 487.23864466326813
3957.760496615352 6401.897218641452
2806.326441142376 8979.127940844824
3962.299444701857 3464.8969587532088
3153.6826761162174 8941.014593394404
9419.357885466552 9771.08229110972
175.3614546653659 7442.803214472956
3534.76743672507 1705.8558612887675
9236.366718422814 7593.772031424293
1380.9429260932982 8125.695077005004
3989.8364808532206 1844.2884027408934
5839.065237844396 8150.4195267110435
9640.168237665652 90.84466388116996
4399.045886243293 4945.455808920608
9555.534178676015 3905.5269762103662
7564.6508440958705 7249.778658242075
4107.046149818418 4783.282235822031
4699.047154632634 9633.721402527939
4605.966474040582 8685.126135762019
8546.430408427368 4511.85945547301
4517.005975592714 1352.690885460116
5378.281310819296 3789.695472813609
4744.889515536091 8879.283959099126
3738.1866403676613 5688.878811250834
9723.008295644557 5844.889320860492
1097.0564221953462 2774.2191347807466
6277.12308371374 8957.313552325406
4380.954250047882 496.7606038487149
7793.716070282026 7588.939579097386
7296.650908026797 1670.7028842903892
2091.73959711052 3858.322015641531
4655.403677543632 1217.9734732280767
2578.1396525169307 3978.116528537796
1483.3494536532965 7242.762127145947
8761.682233038497 9475.610563119759
2607.296024886707 9039.355722859877
4006.2449170671257 1589.3785240295565
6617.582624456526 9990.119408811406
5523.878274925041 4655.357405397357
6635.072145348246 3476.486022279687
4039.585494820669 4617.90166202484
9147.23099215726 2904.3368814417568
8303.904745533911 6936.142508185054
1328.6376897551365 2736.1656263498458
2686.0211826072323 4103.239672888224
6724.157305462889 6025.9384098318
4449.2766846834675 6755.884105575688
8948.406840924132 5368.573990152927
992.5870195608244 3923.672418960967
3143.0271450963032 8404.488205723092
6335.4120760539645 7352.7398970673685
5333.668100597384 6060.658503600805
430.5729392508417 2035.3054081596479
541.4847989775973 1563.1829333836122
4508.34206806662 86.54526597791867
1529.3326992954903 922.3222363403294
586.8793084294033 7932.483068163393
1400.7411468050134 1069.5266345914756
3528.2265283966817 7407.342118717165
4920.130856116921 116.97332276631278
9575.708336077772 9806.07722239236
5385.641705416898 5313.643553292129
6177.737542132946 8197.56762785582
6161.314596254762 8187.995779903507
4084.6540558966217 7376.215077453639
8563.273188803003 3095.7982825661743
4199.373351837507 2714.4620663929454
694.9343649164097 4932.706058520547
8469.257645951275 8876.006747646927
5039.172487315964 4124.679878799192
6225.7663180936925 6859.257789097572
6140.747474864875 2175.3583239871723
4810.082071437404 3162.8381908280544
3550.202156898368 9028.017354033907
6067.045387139198 7999.714434285142
9350.823614610616 4290.757775348722
8346.37899826019 433.7883146240129
4053.1516290104464 7977.08445799481
7019.317463736228 7072.560688270797
9416.909999326685 2830.0504380530547
5200.4005477821265 7521.735903780172
1848.1296476841146 9526.66108625976
358.3294424743722 4192.405823215057
5419.615803580661 8100.244491972904
1806.4260837176394 6248.716245220384
9275.809305056797 3772.0091515628583
8682.3735820245 7493.682915225798
208.4816617058416 3049.0322407111457
7958.56189144194 5813.092580060057
7527.5870839914 6424.4280940347735
7268.4971559755 7432.18777299597
4001.99633359673 7306.4709875815815
7891.37805473362 2687.1020356354734
3607.7198868390915 2906.953455300231
9106.08211951022 1272.7746642770999
4096.61998875779 1735.0870813753572
6307.4449350725345 4001.3424333880907
9986.503768631243 4071.7569122105256
1771.855055000169 4989.771603869294
9473.88045322147 6339.966091171403
8765.831844878983 2892.7564219175206
6983.552020763667 7640.816038008144
6810.388590921185 2306.6778550497247
1594.6026917282975 6890.389275481651
8345.62905321701 6792.682981826358
420.24071930207964 1971.4100260329692
4784.16118818635 3101.7069296609643
5169.334517023794 8104.58161466945
2998.5581740394427 2131.5319321067027
9580.381395628661 1248.008973214949
1657.2322414674134 5905.734982066324
5194.031108345018 3749.132540507367
504.73051087556286 1436.6487279767437
3018.1829085883737 3702.1172052935867
4676.6009542229385 1719.2215329780424
9040.060958422406 6504.651875098003
445.61863155643476 1299.9295757597763
2252.566720709079 6961.632951096929
8415.304668405728 8874.659959673903
4887.59575656396 2949.222783576253
5108.301566442669 2191.7490138134267
5886.897136113453 7131.285369361079
4141.326672189677 1171.1241670674776
291.445709560354 1511.217456566295
3735.0464450580357 3597.7663180949526
9193.187796970322 705.7166743467059
8176.369688229237 4007.472675943663
7168.405415681175 3743.032036899524
7032.291360436259 455.16714442334404
6699.850540957588 916.7658188794336
7408.560371925864 5740.770507854448
1995.1685897512716 1767.310902409256
1353.0878802418745 9364.907734599556
7822.044861846298 2616.5188733673726
2623.1482492778346 3996.4958399336347
2505.878617222553 7247.215254686497
4467.070303652429 5556.522792311389
8073.693107102572 2297.689339451018
2815.2577927710486 9157.089797468667
4678.374501828891 9732.304560990684
7332.00926349907 4082.059215083731
900.2233054014364 2352.8903330891126
6148.762503811039 9755.413749785106
6298.196130001452 4731.589897019003
8781.016847158604 1215.6973097413115
7671.101554199591 1174.3594170441163
5725.335304311281 6999.676426089613
5889.409534219199 4365.321702757924
2539.4629963624316 4535.623987324678
5871.217871917958 3195.7016683553675
827.745521548291 8156.393652205056
8301.318239140233 5947.077928160518
8485.665516538062 2664.7199374555653
8030.186029270702 5477.210494164865
6801.459674625089 1017.9422052797305
740.1178709158839 6347.709045902889
2569.4184477376148 8146.620435214991
6428.62133879738 9936.33125994313
9238.61120575287 4181.270661910113
5534.5627212363825 2492.7100057826333
2302.418818089019 9433.718262535356
1120.459077803283 2824.8280630439335
628.4003135001703 364.33134446236636
8424.701073981008 844.5730003094476
7234.655116214011 463.6632562692777
1310.3741710033746 5554.217300025043
137.98776462071172 2486.793186293953
3662.7458253532086 1221.6923826494863
6330.821303344749 8800.930019674477
2625.3677138012963 3471.0309683669716
9687.943469080137 4741.599397143152
9715.141154181218 2805.376873072316
6660.816646845075 5820.006893867132
5319.578652818877 1683.4705943120687
1986.3139184102517 3383.9328041258987
1854.8869303873728 2686.5364462543316
318.39571740893024 4906.777949500451
951.38791824115 9541.016292077866
8685.369793551647 4464.15178103226
433.18556711432365 9803.603133406807
8982.029651205778 6154.651914784712
7571.873399098111 7868.551324626362
9325.096873737808 8231.255841565851
6119.4730790171325 9623.25067289087
8032.0421996816885 8532.007192402354
5963.680895379872 5556.5671927838175
4227.492968191921 2433.448652095903
5898.894060320492 7415.474701979146
4638.08293488466 2997.512767393
1969.3718967980067 4609.008356294039
7005.732735590777 9242.356720001406
6116.288678143539 474.5946236302745
6730.999270377643 2539.8849943478886
2448.3123535143036 5250.322880198401
4852.2627405379335 3027.468905473868
1355.7481909418545 2137.7420446856922
2273.1709322065817 7618.64908119111
4901.162916120659 5193.279376724325
7269.890623657331 8707.35598143354
444.80641701685755 2952.396397814241
741.3683164694962 7982.461756114233
3301.0347356855286 9669.111097151603
6409.929020915971 2904.2382951521126
3372.325227564117 6844.530631957241
1236.1982934481198 4341.559837122405
5170.373163795846 1321.5552179363067
4681.45803428102 2628.457403475466
5409.1409676701505 2638.931234384079
4132.199565400385 5870.897821775227
7442.6305376833525 1566.3425876262227
7795.768900976758 8719.420107768481
7220.531146327925 3783.2513712916093
5682.6483812604265 2020.537651958585
1147.7929980674794 7517.706649399803
3910.04916167382 3769.5715800394123
2259.5646480961464 1627.3643157838792
7493.141111186955 9609.849077404928
7460.8203641353575 1083.4698605006188
2034.3760726954729 6757.967272964459
5230.3992033151035 109.57483257836076
5278.011876503472 8682.08891369882
152.0649818665576 9330.27267261483
5366.075507835373 9119.998293613337
7910.586314766099 2201.2548687113353
3813.650620384086 3095.916947932986
1978.730432768292 7720.505853155229
7715.513616412135 9479.83866699777
1121.4492403323973 961.4651683963605
7502.781826485146 4330.413733013634
5056.432815479036 322.5108389703413
3687.379898765508 6772.174310144281
4135.592664926777 553.1226793032984
8463.769047359052 9480.161227529929
7749.926157858527 3595.607337820268
5781.527550209167 3979.7762568545827
5310.610629819124 5072.280062277656
6559.006269414326 6916.949957564486
3122.0566836788944 2851.513241666701
4077.4310012436067 7213.481902662618
238.05157614654183 5542.077693308327
8276.456880415732 5594.67432791201
6480.00547987808 2993.7195688917363
6666.324344375786 7361.145543552885
6196.706400187169 7922.930073920952
3878.407599282052 6473.978641495839
2057.8860021238766 7636.380507603903
1495.0830340405962 4032.1205623387636
4199.278451686006 7490.511881682366
4731.493291297918 7043.218062152753
1374.754698051015 3204.283884849234
2785.910985348894 4023.8384850731836
2421.5011492964986 7433.102522255298
5232.062189165668 2412.29283274486
8307.099770309322 7115.462208391598
7695.895979697785 9037.041226420111
7302.764305094563 2019.8541911714085
6240.93751751945 8955.92423059985
8414.869860558272 1648.0080412582122
1380.4960245085695 9866.238526387488
1107.3105853978527 7191.546553592712
9441.64332769399 8982.928560581675
2560.1056648891786 7592.6567614409705
1125.0183085293154 6791.94235249595
7235.067595689536 3925.3867172360156
4536.152850050231 7408.056699217467
7357.23648532776 4292.698008257918
2708.1546665661804 8401.249450220124
7071.174260164514 2225.4218535613413
3692.2259040515746 3902.957948874354
7494.103759322874 5172.777005120365
4661.6339284817495 3563.3295527238574
4663.267505238006 6090.123961962814
156.39300284067014 6502.834746836504
7462.7748384728475 358.15354221505504
8590.055885888367 3786.3840997326615
8015.589780179631 2308.7092891856255
446.65455515562 5145.345572665735
2739.210921040315 485.97422091149144
6214.96926303149 5682.636925372481
8288.980071451562 8437.755996526857
2038.9509386904058 6118.322673201843
2950.8468215715957 8310.125668897976
6307.252241309156 5767.918710079998
695.8111045823101 7809.682959572817
961.4734123603507 892.8666424517562
2071.15087801403 7201.228723699042
7171.8650019741635 2322.4112012677424
3378.936507741791 1924.650685327459
6210.87052399029 5318.377248660482
3180.224244269263 8143.336748723683
2849.030675796653 1539.1075589254033
3063.707576111182 3077.4474550019613
404.4193103340443 7656.087984736792
7830.502131628816 9328.900389177004
3695.9094703679584 7686.55833261347
8772.124826823545 2570.923390953568
8582.22004376219 6427.661275635031
2556.621238918938 4953.562453525384
4512.828845828492 9512.460096582874
7388.1864422602985 2367.5350345031197
9573.476893486759 1555.4118933717787
7568.513029074653 2312.3424711329276
5878.132945078637 7614.652598692245
7363.493352555705 530.5635056484326
6840.929141618528 4770.717673947127
5166.788954615131 8798.777368474122
6855.710647482521 6.083312501624638
9352.178195995066 3306.5663727113206
8217.495098408133 7767.181436064831
7919.476321164842 2908.5775910230636
9739.268208838455 5600.308004929056
5064.216194525228 9200.628612615426
6449.187620019607 9075.106846705568
9139.170965998403 5849.362505520958
9997.40682520141 7844.082111029555
8126.183469429568 2895.973758408146
4958.369557169422 3133.849376732728
699.6667073522844 2858.037464460298
7083.569369697752 3223.612347846786
3238.522995054466 9369.497410974114
5741.406473357794 7538.606805218553
5731.124090696816 5827.375100888733
4274.916267388612 1871.026413634952
2418.383194098741 1054.7866702451702
8814.78294936851 6938.209149071309
6232.842634542568 1343.36301185361
8204.196172932388 9997.624467454178
9617.088999824051 3404.187290325237
5123.742122444011 4560.474339296464
8142.698431422304 734.8809201308281
1248.671043573748 6380.4782075581315
7501.310314191943 6701.480549213082
7327.512318120462 4841.687806839027
8902.308251884555 1237.2688020067712
2440.1598565993154 7628.932526397889
2686.9891028958305 4476.733947221409
5375.183179844282 3136.7710327413156
5056.983571761912 9871.349890320778
5060.263171490615 9457.582191677471
8215.086107485906 1374.8863091649189
6286.294334791054 986.7023664639219
9929.539023311354 4139.469220973085
1584.8307742576894 3692.2757745702706
4558.214003490693 5829.632074968043
50.19818144441302 7919.74957916869
3907.0134005775158 6140.11274969277
9141.734529678171 3235.7183059563245
2947.2155260416444 5394.164385189514
6058.258123722266 3263.078871421794
2379.370327279393 9202.666887706786
1146.0099455239158 9719.228681585728
7306.749145073567 5080.341671608671
6982.94882909698 3941.303601911831
8869.236792077194 8643.882365517502
3276.428350982554 1067.2175600811117
3588.9487837285005 1557.839967073873
9517.91603570077 6738.531868705574
3391.7467340256535 747.6048811330571
4457.5619267573975 8700.947660643127
7794.21472311202 8564.853037054703
3893.0624113571057 6000.480009432402
8583.548106587952 6569.334877336035
6011.404457628493 6608.13900062223
6468.202857581809 1381.9015785228694
6578.719299209376 253.2092892749005
8640.03680322041 9667.179127852149
4642.61056649893 7004.980309268421
5964.070561304596 720.3173883995851
3092.9685432076335 3715.053662720511
8599.882652930459 9360.755508429003
7421.415481145324 9817.111318490646
9259.04655377869 8876.960990479498
326.17594175819886 1178.2974425736713
4015.906472975548 3619.61564434337
9428.297720167539 5706.136496385231
1614.3814604363115 3506.7381015283495
296.798660151788 7237.165174247843
3551.3728655647824 8182.745841771543
7224.447419908847 4868.23410480119
8867.747871633246 6864.476927237265
9752.530906789776 3338.6902229349103
9540.75901232969 1010.7092809077145
3812.10350840544 6331.422562312118
4647.1460745993745 867.7259317838293
2530.847149086217 8633.019081759106
4054.0669101407366 3671.9938270726293
3248.820585491332 4978.044790112819
5295.384038140214 832.0405536879705
4093.0087386871396 3099.719175111664
503.7338631121191 3765.1246379013437
5579.729832704683 6019.0382591574735
3794.188197192022 3230.3145629050478
145.59463749507228 3926.6478358255995
3333.2117291095474 4978.106742416248
5251.855184650595 9146.545381087182
6477.013244491587 5327.723861291975
3763.618612367432 8617.94821873005
826.2708531905994 3886.7596758005784
8674.546924798036 7091.435463036587
8819.609488120013 7043.841476126769
7929.295601633484 807.7349701441983
8576.09642957754 5093.505098847644
9090.097439138835 5812.292943373214
9097.410692269406 7893.489686172232
2900.5219309784925 7256.028337798658
3653.235087237354 8808.172540639056
9418.599726064465 6042.440073721183
1198.806994962035 4357.888402493174
323.1264939043399 7003.503638563633
2011.4587701166386 7472.381883747181
6241.110192138921 8421.553011153876
383.36440446057554 5537.665370988866
8500.96271521582 6161.616333093677
4170.604675681539 529.0701892067118
585.1811750007719 6938.435835122726
8274.050923244855 7439.287393355922
5737.89714614319 4314.665377937454
6715.455566095593 8938.720660986712
3676.8237544972294 7911.514060709905
5872.536538240739 8746.478654983963
1165.760560742497 1010.3569668674206
9649.722419435322 3543.8591865396406
8322.963387556883 4233.610747161769
5886.625263531448 3428.18602705149
4972.324927270617 3315.432747588182
2144.192915712542 3883.3794569084034
9088.45153560715 7107.5662517502205
8158.884760603408 8034.654972632732
2443.3648971133816 7912.924253049395
1718.106905539394 6558.2600913111355
6931.694851467609 9999.266739575565
4485.5328399439995 4033.177935739682
8732.871133771449 3717.593982737489
4392.821685652798 4750.235440237032
6462.966063100744 2034.6410837477358
1614.6476356420326 8035.078768604226
3775.4736029416035 3486.1295670378554
5856.830091779488 2994.9834174671473
6489.45774862224 567.1908940304348
3712.7597882328023 5265.494107549154
9255.140283553064 5398.649885419827
6181.193860529285 3811.392109559252
7011.1400852143115 5142.614574983756
8088.891862816659 4127.516221328417
2044.2129225693152 8088.088751972266
3124.453706175877 5288.468438704871
8331.489503291274 7587.089332125967
465.10564737292424 2212.2577207447557
1026.8408975724797 5094.014368489816
1566.0810227043164 1231.4498079337466
447.1464228343713 5445.772250667454
8582.62203675742 6606.401684849623
6720.879503806582 7217.453362387261
9107.530198292929 7968.684165242197
3380.565799495474 8498.084141820074
5432.573476753228 3848.800796283165
5612.309631877339 3753.275299962132
379.9572721727229 4420.837552975474
1619.7245433452767 576.33750475233
5900.453152122276 7387.684943239843
3616.2467174067638 6076.704629637784
5097.666230711941 4533.993908488347
8328.946185104352 1414.2722246878313
3113.3233517189774 2890.0434883206894
5578.597642473772 9560.520639572891
7396.343233745048 3678.2089391288255
7494.90662921531 5752.061174781292
3278.8450339451447 4254.741736263589
232.4310114474626 2299.5087334851105
6495.147295056947 3113.080825912484
4671.882635193072 9424.347181601175
305.1899080203102 5680.936087179015
2523.1203006081514 1618.7247266619054
1221.7116730714483 9121.89890838006
9490.30694111734 4657.875533510003
3990.9005561195686 7643.348077834883
7716.323888552476 1842.135689523733
3439.126507311545 5915.936606778666
5592.690255093955 9305.283268253988
8073.7587942659575 7125.963511251506
4202.867054713139 9298.198519171934
7913.95837229081 3910.444444147044
6160.974550089862 7241.608301465959
6927.7248913030935 4965.714716481899
4414.582278891576 3038.939989803945
8664.374676700307 7473.913671276179
5699.380346659974 9650.081197015146
2197.0101535150443 5657.7123623558655
5765.176877941821 2249.1010270500965
4327.432379346383 8752.16613360825
1236.807725104876 9423.76107628584
3156.347654887517 7473.585984650204
6030.185728114196 3821.9045612720715
7584.593510779926 6668.8376792955905
8612.857402362164 3409.57883984759
7086.519820781262 3244.4994269460335
80.07430940096039 6078.0149947895015
6184.53166593824 2703.814249255523
2011.530646594859 9721.350316185975
8454.208464575635 4660.399833094941
7380.553173153846 7104.246179383183
5602.290690141389 7551.185042716295
7406.675184343579 9848.321542381176
8185.227549675117 5437.064975944638
2174.1672066704386 8688.583927384641
5873.858606177106 5258.2756988861
3083.232818467859 7785.809014920796
6820.203754896128 1202.5116580651584
757.2223606412831 9328.084199531439
7645.218228333505 3947.320747339783
2898.359562527785 914.4964449818749
7841.764147051434 6454.326020318569
2766.110009404994 2286.210534206384
4974.939671782098 4721.3437066790575
446.4719981745813 9854.952271978911
9962.296858313344 1439.479462588694
5887.094813652903 7176.17133969938
4929.372850409063 2855.7999862415095
4792.290884718732 7023.92894817215
9661.343699643998 4308.193620217041
5903.626479047981 6046.820986639096
6509.5076301888585 7877.551342943243
935.9375900894207 6119.006385487801
7761.690533368096 6393.412363514372
6495.238523684691 7447.6874829016115
3948.5592096575183 1632.7317418962107
674.1499765113224 7258.142887024472
6333.216198821558 967.451937992121
5702.096310499695 4449.687762416717
1919.345127980978 5945.065996810299
2021.6786000247612 5000.697220996145
4713.561418308868 8327.380879689583
8469.256936019437 5098.095232824224
2690.5146759254694 3966.2057326869926
7856.926206390751 8976.480316708601
5934.684065238084 2560.7014937933504
7184.704200129954 6274.318303720973
7770.69196932469 1819.6462074830533
6955.892947128895 9349.404338138958
7344.357676812086 7842.890118860349
4625.219087586615 4443.058638270207
9079.598452239781 9639.780414118188
3078.489031630928 1842.287093174576
1711.6811577669432 4618.361035801
6224.151146617503 9261.403752094671
7185.2137797268715 3607.6627166844487
271.27939976626215 9549.376628354561
7605.658718204403 8516.415490764824
1075.1514188555311 8526.424117835437
6646.040772902378 3085.034195400379
5050.720417288789 1263.1585120243049
335.9134471551539 7353.737338323698
3585.9289531917593 5437.831410954559
997.5342157847011 9448.180687568969
8630.952209885809 8542.008495077896
7244.597662739237 4075.0013189492884
196.09461252305337 1652.2638083326158
2421.7570259341337 5723.179945913367
4860.210437974458 6245.2494014143485
3638.562173961558 5983.151975406971
8073.155323573633 2105.759669105046
3639.3287092702276 8624.104654718461
2029.9176263136076 3762.181866322458
8150.846179398521 3110.9204886614593
5200.719126002377 80.98156048058635
2062.722702048494 7095.740630878732
9220.517179984368 6661.644273147327
8820.55120441248 1085.1354262597067
3772.9745435044747 3495.7550127237737
8749.981906218212 3962.3856836817517
348.11459664971676 988.6683027037346
3680.1620687487134 6335.398483582395
1309.50753884571 5889.481507353235
7197.910883788394 9784.288534933581
1575.985653885109 4934.792523840942
2139.3747843787314 3998.679646307648
6404.517563881222 8083.99164735965
9513.80664034888 523.2923046799365
255.01585797318427 5108.594553665446
5954.498622275579 1371.3987566589647
8524.495295944767 8995.398684047332
4.794137471613169 3119.245912937093
6057.132348564731 7133.005184401751
1072.4885972004283 2260.5561819254717
3768.42603035192 6573.514251484024
8723.82511137783 5578.742016727733
7465.79276911645 2795.9695502518257
4138.677322819678 85.47085064717241
1004.5773715955208 2345.3928161563686
11.40581605555191 677.7490796666452
9287.590583874126 8481.012845274654
9957.263454807338 81.69513498167635
5297.939439807758 5539.561700926589
3572.1136838234193 4879.696714932127
9349.042617910465 2104.276485210419
8693.622768525454 3458.660746825707
8042.374968468487 5267.504457486596
8124.967105914968 6570.575565874476
5042.618524503625 8284.587961217754
4107.501845652203 8862.626988853057
5711.543710138064 1738.9554149805354
166.7098907012976 212.62062535802428
2886.0775838366435 3973.1236474319144
6606.159745798139 8996.484559466806
1642.666051280698 9987.572955474538
2887.0739315739725 5518.131285966843
6759.170823670294 9269.229374934204
7406.51622186992 2747.9867743680975
7767.182578858596 2083.548077346008
2775.080971553864 3244.9997788854125
2981.7772187308024 648.961237790161
2595.3732708323128 5677.963415396062
5702.37859758223 6309.71751090475
3955.4478162116325 1715.5027091946772
2897.530692866276 6332.908090985588
8376.769845226472 4220.082289312842
9118.031011049243 4277.736531707955
2794.1556584481477 659.9244396683634
6127.0033279520085 6019.858429435334
1295.5315252063472 1443.7227223908212
1792.1442559773416 9460.880959398753
7812.248537272789 1486.570383571244
154.50709153394638 9712.87646065519
9726.081011421451 4731.521379610234
8269.83277726952 3120.035797210352
2446.9194334595613 5579.734860724892
4412.57613442923 2864.3443233247344
5415.569226851101 8223.151877609462
6539.417850704018 6099.435455111295
698.9505888408798 4727.18552615034
9528.191895767273 7566.540405232122
6370.388790099043 5376.905360224492
4639.798252644142 7468.717109553202
8205.569755868635 278.7277589544657
4894.814482300619 2014.309744253162
4875.136428281892 9500.627768812828
5613.156548590064 3487.851025209409
3777.780247023077 137.40886010116583
234.2812928703264 2966.392815071174
6933.081547166164 2603.583136866685
7717.066534938 2871.507380009135
8941.23639997133 5184.927756414112
9312.637621453832 8431.973677178998
1917.2077502047246 5420.800205732661
9310.061892135369 6829.42647359363
5519.716144074193 9242.811177039237
6473.958794069727 309.0105831199674
3720.8881749119437 3961.4677421350475
324.7288268824866 4859.3505939002225
3800.26310370686 9170.918050906055
9156.2299885777 9200.910544049864
7197.255105234849 432.9402501624935
4742.386561365517 9769.082708367185
6319.052680707102 4204.837338246861
2053.3415790145636 6138.113112245055
6176.331806411155 8891.915956642291
983.4158394680181 7904.233607226617
4807.051049643618 6133.737393928458
1087.2681651613668 8431.14063080786
1848.9820490824627 8474.350923230408
9627.301021579346 3058.2191636053803
334.52486097935605 4420.233640277374
7854.488011395413 9381.684457025323
2806.7459397057437 9555.670344577644
376.4454164066167 5041.072690662526
9193.466488003238 2863.8355528796324
7710.710235958343 4078.282845010495
526.6213238275142 692.8403643594061
2677.824005798164 6383.631750803306
9556.997157459196 6909.534596135442
7157.968784374064 6003.157535390787
6589.852897258701 6699.8633311746125
6916.535073630352 3153.6638756575485
6454.809745007939 3203.0955276601867
8698.147920444486 1676.7701765963761
423.7949227313342 708.2572183980274
5595.314671248264 8360.494053635353
5103.71350094455 5494.616061073344
3817.000429225228 3066.6600375777384
8855.904993209277 5564.084141648304
6414.075057983082 8924.694345928583
5132.345989080197 3491.9142515286503
7262.721402764093 9987.127489266586
1268.9364530676883 2413.0886234502013
1663.5288885683253 9689.400499427864
739.1099593569206 3765.308071986543
8283.140963672844 7216.324044057013
6646.388184912117 6825.508676108138
846.9654268783655 449.8173330338706
4322.40140567923 4305.348705250523
6985.596189611883 3557.3120150108107
1297.2758714790455 5312.121916991454
5944.235714933989 4477.473071966841
3622.1907763624286 6835.071051193019
6483.54805244997 2569.657191766994
8549.287985242932 7583.090755824013
1232.0146902319718 9515.790143500166
4912.018000745955 3478.32289968659
3994.0023685798574 7198.115583202707
4199.3866663638855 2401.166260475346
2074.3981489189255 4723.52895793749
7280.466056086465 6885.735151078941
6549.800052611341 3024.9774003081366
4010.918455234527 7380.816901514294
9597.900983244434 9542.672709799821
5541.17411080799 5419.897887488877
9490.837235544555 7372.630744932929
2046.2958598240511 5584.839621353997
664.9160064240456 2967.3117346988333
1810.4526585438907 7501.300876965545
8398.278975023057 3982.9085503957695
1124.3131594561273 4270.022930022096
5059.69688762076 4190.090613985493
8291.565329832465 1716.604878410043
7635.829130426301 5499.778035864941
9191.157052689592 3633.415971612057
4300.930247122568 8102.784683783039
6304.736443139622 1790.8034468888022
1162.1169266513887 8481.940467332479
7894.178307653425 5910.773784990174
8994.954548466038 1627.5596782560553
9101.949652622761 8024.839595581078
3778.265536058516 8171.896687293641
2147.483606894637 7678.736353598639
4143.692253193852 9355.487645729836
8505.598616954425 9300.238429600284
3474.703425947434 2748.049707727165
1978.4099452944558 712.3053349357089
4321.355929734278 9468.872494982721
7910.053332986282 2252.319735402433
8041.281193336116 9286.397369796463
443.9478511629946 9249.182099523672
3133.992025375697 3423.954212506288
6685.202984066269 6713.551119480824
1604.7569440889386 6158.3848002452805
3906.171393225256 4012.528064219195
3875.9230673299494 5370.54905686378
3521.0402133880893 9028.605903577627
9257.711671566876 9091.476894971156
3455.740126021564 5843.710428136094
797.1522253750696 9785.193355331336
8752.346554598837 7342.687487698601
442.9583623992661 619.0110975128559
8772.535034254583 4296.595115599019
2895.7928647163058 8294.348432469877
8202.544004549756 5464.682972551293
4257.506806090279 5145.897184940224
8212.490722879615 9044.952046054828
4649.583072748257 9164.23317822504
3585.7732899797525 4406.707976210347
2340.146122426121 4356.721721179435
1409.6859879761191 4454.53073556402
600.5527802460653 5433.843647848225
7006.262546417966 3201.6061071825698
7506.708249994806 192.8248588375403
3182.755834761016 171.37291442096858
3206.8996608723655 167.7258287071093
9594.048823740186 3099.963911088246
8797.074931325158 5124.9073730767395
34.687748333979144 3077.922624216898
5876.140907987285 9805.058805610272
6816.113677973814 1748.207062811341
6097.988979265288 1947.7340439803304
3035.0635698817173 8468.496381075018
5593.602362560436 9081.616918405958
5501.998169512572 6449.336013631919
5.736308914940924 7823.491941513014
3373.8109015185823 795.676327063345
2060.3060562018973 3501.168516008598
122.9553235860381 8107.866343652713
5092.7551238893575 9800.371890185903
9375.52487094983 6839.189031020473
2754.319803779509 7832.876547851854
8363.70723579032 9960.535977840931
7242.242243001977 1532.9283147676142
6263.42484968711 6648.83189222429
5829.632368331068 1611.2613536366428
8525.86674117012 7694.342504340468
8214.810944486848 3430.7867127273016
2462.0058384154754 113.00928659828679
5266.61343689619 5115.291711936757
3802.085390734681 53.469847649146864
3111.270686377083 962.2571585006457
8727.45067786337 9504.443314611917
5188.125580760941 1803.1624968738013
959.9932418332546 1536.670739065863
8895.585091817018 8339.417497329197
8894.861830199403 854.6177887967033
2755.345725106446 5679.323438802096
3474.990194615889 1286.6647585428482
4642.074162081827 7311.22947664153
3531.3776227087055 9508.520990586872
1557.362481990705 4570.322777139132
1650.9525183600094 4773.117421772488
6670.92135291323 3291.2479709536533
284.23534955713706 7711.249932225513
9908.610075404513 2786.0245643351755
4767.916609568526 7370.757329929074
4236.0500613346985 3546.4899010184513
7212.841727553593 4578.035171439896
968.2014125345828 9142.767208913674
2795.803551114205 1434.2019967955177
3929.429488002555 4674.020395498394
7893.916156456739 1299.252714423108
4095.2233396547567 8825.02074997741
7713.2464398301945 971.0452728761231
3465.8741987389594 9091.823317431885
9588.76660918415 6931.983470435913
9354.056711284216 62.10843945523958
6970.579954002109 514.7786948589372
8012.40055405283 2770.5146723430207
8261.762931917932 2629.6822487118275
9583.78170333037 9096.554222303741
4136.062100282822 7299.100499592666
4726.197550266346 8932.464604654791
6739.067453970629 4661.520262752237
6945.735096674653 9420.619679281825
4264.381874538303 8335.181874226855
3665.2835111975423 4944.888063877401
4796.688804992553 9072.96365423514
3363.2772052040805 3757.589712832615
4026.5216585585495 6493.446491360291
5735.902225208931 2133.4693256911287
2466.9172747624325 3339.148201828277
6767.834802217805 9764.37374444039
9140.034420135466 2191.4331243637553
840.7255707301076 743.0785867502576
352.2084327063801 2862.6157818682586
7565.279432845009 2931.982225537454
4138.797162366958 9789.29582710016
1891.924942243578 4772.148426030674
3235.5744599741597 2666.9731187254674
2236.7066468395324 2660.4412815210444
2021.3065756477556 294.511845737222
2853.173080917908 3907.268873088331
5776.547452526167 7138.035784113185
3487.6765079630613 9984.709090751263
3816.5745384101156 4477.352566439558
1474.6385473716593 2284.5646292202273
1581.7754146587904 3164.0204418522576
8859.978008595814 7928.154210386906
606.6921767897649 2998.6872941063725
9885.036750432175 6304.416236633147
9439.316020985447 4526.347179762694
2219.9815455826897 7960.162505668233
3045.1173725654066 2651.675091435756
8704.798502773978 6226.091349315019
3005.6873016790178 7892.614850687712
5037.639329238968 8534.42939273067
5909.755398122605 318.91380292954466
2844.4187507021456 8768.8412696974
2734.74219163815 3263.311338827409
6870.199595157065 4184.506212226853
7729.89151659812 8746.603057741706
9652.050695796388 446.03464175100083
1337.4239377147555 4223.8221949282315
6964.693224139753 6153.156624277168
8026.036657787804 737.2883643273675
2574.4022187340975 3858.881154922812
6561.4704222522705 5853.299481999596
1393.2588634187416 8032.092959613243
7201.753874165042 862.7456984987502
5995.003175769369 1676.316926039272
7580.125067624262 641.9536045516028
2635.365825036298 2388.647597870702
6626.521695703853 6298.57064310702
9413.902638854666 5527.605531171148
3778.92096441263 5268.329590496165
1021.0013760894387 6855.946998215675
8948.702460382652 882.0336416246954
1632.858763923437 9534.223895893007
7229.59700550209 3588.1327593738365
9948.879983080838 663.1490411967677
1177.6740487427994 8994.765200330257
8110.08386009322 707.5930509031725
2640.2121471895125 3686.1635324151607
9293.740603535338 5082.30571907159
5574.189597605032 8371.831930817276
7148.610399045618 939.213350188135
1070.5165050790433 9342.925200511721
3916.7930888990822 3768.4160803304635
5888.028315183686 3438.7670440123175
3082.333608302715 7809.773322911386
6201.6454803673505 8767.468056390195
6693.377184176978 1469.2273678470658
8981.997129824429 3278.117006987834
7123.800783498854 3943.786913333296
4449.196592865414 5948.029907268502
7971.894666784817 2081.351566058652
4381.3483062621635 827.0683462832861
9037.803782931234 7136.328652471044
2708.7529066812212 2472.038385944121
5878.080121728562 9529.25775529718
6787.674475258341 2407.7147443987888
5304.841784750199 5978.423676473542
22.915481624598 167.03440604138086
4378.66888393036 7443.703092831416
9096.34449688084 9191.529381750026
1938.5124837061828 8207.659527717211
1958.9067246017855 7414.082849920069
8518.529358447313 6116.163042258828
5956.539740640497 4699.6025962429085
2620.8987333084233 1510.5779201962089
8985.807744613234 4485.230207501203
8745.31757885032 7705.8276196149745
412.9575555086806 4940.210632320571
5320.008437783363 9003.412883672352
2640.491809139652 5756.57205076265
8735.720245933551 3175.721521124436
8668.24143852421 285.27294393799417
3053.3356682632907 4117.736373884756
5771.317080035589 9148.494159979746
3637.347012748302 6934.514379420345
505.20117324115097 687.2676231129482
6961.598348901612 2117.572026337371
5648.640503198171 5644.649068876523
8140.332670196305 7660.580726790064
5407.885352452186 8338.158916735647
2356.7238401065115 7974.541940760552
1231.2141674850973 4241.229088047905
6292.717077227877 6284.873751605751
6920.569630944915 4371.908563954211
908.1359019442758 2827.6093344332044
8377.530253980498 178.10211867258175
7473.659243048988 4609.175332223741
283.72155810385766 8712.123948242825
4631.412502258885 3753.976214514585
9291.173134367908 6803.368112127321
5438.552436807158 536.2851679128189
886.0066027142155 4666.414572952281
9843.37398752943 4077.7024093451964
4989.243025875424 3922.901518946933
9850.100084921576 8388.708585368859
3571.3955492279106 2369.0124621530017
1747.662363832657 3942.6063754645334
2082.914157394868 7986.442276606408
2209.4167238240793 5292.410832264915
5340.437207295695 7673.222258623173
2814.879625088257 3376.0107675438535
7659.1883524671275 1961.7962837269054
601.2160779564191 7102.1948286910265
6484.76026461037 5595.263698843653
621.3408840652423 2569.894752603681
8552.90705824131 5248.709325792429
167.14807209884052 9845.269368368947
7693.861891871355 9911.067841009728
3310.510913879253 6606.017024289662
3798.086972930814 6483.9760705311155
8721.347965462473 5159.566603141245
3173.2528158743544 3007.588757345907
3341.181420081054 4351.56978494296
1547.6364149152967 4589.3460863912005
9422.259491126399 703.3740889863959
2313.01371282155 2590.1960155415395
2686.4560864441546 3751.929215860732
4250.519746680002 5913.79304711978
4914.796007815731 9012.842387727724
4945.832116315371 4347.708095971528
5147.602726208575 8247.060840837725
8375.43094554914 7821.7024448576685
9856.89923792161 783.9314910310502
7733.577001811307 2176.6291637934833
3946.836080115814 1538.1468680064536
7470.036556353244 1578.5489666474916
1244.5623554742435 1055.3577314111296
1721.478379347653 66.15388743976824
5263.093945753277 430.99413858442847
9844.854556910988 9885.618335227673
8449.374837301537 9269.10437233597
3598.9692798450533 2245.4998168693196
874.8689129445609 7982.787755889125
4670.828402889943 6915.342012294616
7382.656660648336 6685.058659736178
5706.257243276342 695.1331306848041
5574.158762232871 1678.7517799439777
2779.6597281887234 1198.8030668786453
5700.23993104102 7126.336366340043
2325.685599725944 1623.4461478929197
7515.596534595242 3865.279155309672
955.9632142358876 4216.978403266322
8461.963810038977 9531.858026751852
2296.945318645873 5010.454127046903
2164.8250430684134 4166.0942691207765
1010.3040496100601 47.27781178310075
6159.942987326066 3292.738565246369
495.2052424139519 3820.068928985213
3010.1749717788507 6108.010232456169
7422.182461952087 3916.9451113747355
9529.673555126827 9849.05309858667
3211.216934647142 1982.5153522719052
4701.714387795819 2682.843313447827
9842.027904242053 14.879537621399486
8058.038243034079 6523.540243309247
4972.461288823373 2748.451964383608
6781.725607550351 8072.047136797097
9241.261640464953 1413.4452528261688
1602.2736046339614 1068.8074234170808
6844.396182402769 1516.3567988247828
8670.6771687332 5260.629450632017
8999.496794742918 7451.827057306009
7033.961039509288 7904.600029465273
8750.87150243782 9734.744584093563
9072.750500199121 1766.911914706436
4717.931852243002 6432.49667675403
4322.105061571092 9521.694082102527
852.7688162066371 8980.773266976652
5464.985837040896 8214.700404740304
9048.004217246826 3982.3522496553355
8969.36226192117 9028.981031081415
1523.933428469132 6816.806570601365
1834.108239959168 6974.421295012856
324.3652556148968 9930.092781921981
215.47953431811928 2320.300841027845
1963.4578125138137 8526.491318298784
5325.095956411514 599.7932256648176
6291.237839096493 9051.390714270061
6922.0089602574135 837.5889402446079
9983.380654822164 1331.9155931538805
4965.555633451298 2286.5909344084735
6711.222214560453 3533.4245930218176
5552.359188336659 8406.89996386779
8010.862363163416 193.40728386038063
8129.965055117815 3080.0682004101122
1145.608309871322 7510.335958431287
7161.244967969562 8123.869769831573
2843.9022465222088 6793.537373122746
2907.8469457128076 3057.5995347817175
695.2614170733251 6521.168194385435
2807.600409066816 7765.17783939634
7199.656801061574 5806.889381868181
7039.936076446765 6213.104908731631
4991.140184170434 7241.857339537948
9305.015020044173 4702.573999387242
5594.424236017978 5057.158058912312
6586.401056121719 1269.8178243632963
8223.511695496656 5342.830592070916
9723.757872258557 3796.0295662413437
9594.355046259887 8663.14044297502
9991.184905979124 3147.962136758885
498.925328679638 1823.7787083454139
5558.4509548892065 4242.579903748566
9975.954435958809 4775.179331952006
5706.526767954968 2313.8980068427363
3314.0074114768504 677.1627215020326
9975.453119556993 3857.4142477536057
5835.435282517217 2003.625341076637
4041.7262387675178 1737.299189911764
435.1400801210359 3232.0203607084973
4054.020819599515 1763.781801360801
3185.9882647661643 1140.8763182789173
6400.213200620506 3682.9270312167328
7973.085840913521 7029.63073447025
435.3038395454767 2968.2731576587807
8082.027919082805 1278.5591807890717
7568.986205569042 1063.559424673859
9941.622354289148 9582.603478265022
1293.2408040956034 798.0391244669261
1809.4792357838608 1921.4164430654557
9224.481613778835 580.6415217009619
8089.246484399853 9868.952494539199
41.41735601940311 5676.511596055913
8181.166763194925 5199.45795524012
5318.934978104084 7379.217414833077
7293.0139960858005 2912.717579600559
8689.948141490533 1214.1884718385654
5476.369118118072 4779.943176899783
2511.2999299526527 3443.70652837372
303.57401678687165 5302.696226113565
5266.445566775872 1091.0419770710632
8063.6009446035005 580.7536858316676
1306.7825570910118 4461.088038556046
8130.463527676371 2000.8486722143782
8215.138029423002 2707.1190165774597
5245.683804137362 886.7208740229448
6069.059583095606 2378.0547457901102
4856.722566191647 7291.939305515634
7188.201705448265 6077.889414764692
7366.171391912748 5970.469648130314
4569.237221516065 3378.698156848536
8171.892945551892 5225.972799152373
2143.3631567462908 8950.9092573307
1716.1886996508679 9819.34152208654
235.61595971882343 3509.289999362908
9412.463781141047 7404.993825086224
5161.842428158593 1620.3604778450797
3280.7485079826106 9069.959334670797
2768.32567056301 6676.719765814828
9398.82580978219 8465.808498301833
1900.6938239163162 7416.026975564912
7863.608777665239 751.9955640993137
5282.8889308023745 2247.1522427952464
8857.796376171036 2110.1906601655405
2093.6087429825257 7343.274293623893
7629.732310987666 2942.707888073501
8646.777912940568 1971.467677454052
4719.778786128441 3034.1356994344947
1014.2432019329506 9850.590685265795
1604.4102409822792 4933.8037378246245
6173.0287644038635 8464.045929210313
6079.618124456997 2607.727626889409
6316.131817197357 9201.255479673275
6168.115562674161 6012.19607898188
4334.971464683805 9961.458227220648
6110.21477836997 8657.17368292305
7163.252588934004 8425.695331777912
3086.1443151779545 4456.212987366839
7666.142725098388 8587.629297286425
8717.961117038956 2200.5807622253983
5065.30120362132 5331.091212864435
5112.109809309358 848.8258602442844
8509.440294353297 1852.0305729708298
1229.05966250209 6489.023539054963
8331.74150731924 2544.799185046611
1704.3539915266092 2309.453094185373
4779.584371906617 9607.468819228441
6895.789469077837 6204.477459650144
4558.6933253759 5068.148039945185
9894.332770701272 6745.9098070202035
1402.9456099056692 1194.0312558473554
3511.7801641133506 7166.172222217161
8062.718096550292 1317.1731938608355
7846.044539434275 8728.057380297658
3598.8056292168003 9995.752626593621
6925.358057532408 9396.931385962049
1675.5669990994338 6126.854166603492
1145.5590889455648 1084.7224311541536
2666.109157787726 5136.5606074922425
740.0256356570422 8901.060062596745
4813.95389944577 6695.413471649044
4359.7130945152785 8825.444428932982
7439.772152241354 2542.0699920234792
5991.136388076314 6005.341637920981
2238.4151932702043 4945.242680162865
2903.0327232660457 4488.613444323018
7080.608810736782 93.78122710488546
7087.831125913728 614.709574729354
415.3190931638695 2277.0160942643915
2751.944847398573 6517.564026386858
3362.9389322699667 4102.250682899745
2809.292152331273 7234.15233891884
896.085762131782 5193.556972508302
8045.343598652003 4766.184087543917
3123.9375618742715 6825.79098703715
3644.384051324803 5108.417574551934
2627.6830077498626 2770.0141352533547
9110.568606200592 9735.603972314679
4038.791431631457 7261.268135732166
9263.739169282288 1331.0764754771164
7608.459159785895 9446.91933181824
5953.864410473022 4643.5263035252165
9385.723317389426 9933.555128001615
2413.3523085286965 7274.510083419278
6803.374195301406 9122.677460148452
4754.376426530413 1927.760664191035
9964.9462133941 8910.204886656198
8018.747401194833 1192.3818129030594
5732.693490759848 9022.062777608362
7400.752129925472 8285.523932296783
3835.612542551069 6767.9051179909675
8788.775839756487 2346.1577094043473
1648.2053396638996 4317.274907256029
6609.405446382083 4850.070997243163
7034.816653739872 737.2798855115681
1108.1146715050384 4507.2374744941435
6711.027285799501 6978.123382372388
1663.5102615029273 1606.215855613694
942.7169414836711 752.5957067409006
7507.519639430161 9186.256795794605
4085.058759824943 4827.898780433283
2311.782149431527 7646.307889538467
4457.839043146823 6632.939705158473
4500.902543374405 1441.1267722262787
6360.148869078751 9281.496581592772
866.1144601937465 1368.2233998133786
1646.6205630044294 4121.427700822849
7078.290511643516 3615.370301814066
8219.03600878079 2742.3527714416573
5037.128386185762 7216.937569580973
8031.263025187316 2009.0102932701382
3643.7327081246185 4858.318912850979
7762.125983831981 9134.756056510967
6546.7008378535475 8071.237899306879
1179.9508342942834 5069.431765500867
7687.215268845693 6778.732811413629
3404.1689601715575 3548.100257138508
3056.531909699275 4877.139893015428
3763.5025731460137 31.91321540946257
4979.647534336928 8083.405167336933
5756.8984331243155 9469.634221081793
3451.816139188708 7629.572667535145
9742.512851850594 4318.1145199512775
7579.982085360913 3552.316168356796
6411.694245330392 4582.278410430932
9019.07703001498 4303.890123817107
6849.051900300158 9769.943334651689
8443.531424854806 5201.896150894705
8036.333214219023 8604.06572872221
5557.230755926393 6838.776618675563
1026.9832789369948 6094.768788490298
2920.543590134066 5987.96087850141
2699.8890290897702 9145.771344963367
3960.939187125878 5772.10478767055
994.9611629615584 1254.6084492937582
5934.097526544081 8899.884013380679
7839.842668082726 4063.2936263254846
9315.314653676875 7631.310955709034
3596.1710765936095 8525.843760978667
6126.384157393793 6797.56620122582
1785.4699869901358 1281.348030486059
1041.0417288238716 1679.8489898339897
3098.876948169255 2456.033049318709
762.4330127821921 842.7643991796285
3251.56348336004 9565.037783011698
9128.974497854655 5121.286764179196
111.83605300508881 8444.380054292282
7680.347297413691 7876.345412004621
1716.5552603734136 6215.861775154715
4003.275116953161 8362.605868041775
8278.64419327161 3172.4229878654787
3077.1104637629533 9593.022572408458
8099.1009506601795 168.72551910880662
52.15488438478077 4438.267609463168
9415.073799394173 5611.50602407437
6419.026947167757 8865.142585349438
7647.188271774351 1466.5125413600565
5365.279083608858 9196.60959605505
253.4697609152492 833.5939734305219
6265.85901162334 1067.08109973793
9453.833028231713 588.7855529513308
2716.9012165027852 1350.1324436880002
6458.260232412437 1351.9967423794722
3297.7218413162336 751.8118666902818
9513.423475115454 3611.171871569856
9333.785874635667 3991.240969285248
2076.650873190478 3218.560828063212
9333.800540304512 6531.211102489103
6732.778018821567 1672.0037008747713
5486.984898200488 1675.0023240657263
5088.560883928805 6603.89571571509
3631.9509518650593 9511.659456714844
3810.9759033506953 5722.769306596357
4446.528082199515 9670.483411822006
2219.8643071138845 3087.1916093743544
258.24624628128623 3136.5050663477555
7402.025634200852 38.94129898118881
8838.091663881538 4482.228930990252
8683.001287431382 4382.198672928696
2815.532455190529 4786.948084648351
4474.432650912828 467.74305300390506
940.7071176244219 7243.444694777741
1009.01776705842 9725.921753480427
5320.0561678633085 1992.912326283862
4281.728988665933 5889.41627217019
6964.571628616375 4082.4461524947965
3635.1000256644916 1656.600689538853
515.2243637840326 8605.463597944925
7858.026514481738 3868.5518449187507
7848.0250812094255 63.93803295536182
2411.664700729661 2407.532932749303
9411.562353620113 8782.338046239996
9452.659235148247 3972.0464779062468
1612.7527726301382 5806.683319459542
693.0651100531926 5643.304934876862
8341.928685362 9138.144636965935
6817.97231361446 4730.248968816487
4816.279507484904 8379.127998762968
6175.981888136 764.9928285513829
2321.053211238533 1910.8023408273843
9764.32485558968 2717.8556972514134
3140.8159973783977 574.5419542146813
9149.551978281734 9510.894159626065
5998.4572466959125 4495.77457508149
8896.366114754293 4731.120909978736
3657.5195702980213 5167.237900614259
5321.30823893084 7079.35753264965
5993.821346492422 3199.664828941855
8944.64986863639 6537.942049645991
3805.2336158558373 3251.4341698936732
8882.983780578197 2500.264998264592
903.8607467843162 1564.7355006776208
3606.6466880667426 4177.385330706842
4622.765610372404 8264.319296366912
3980.2480018764595 5481.738290862191
7769.772731656301 6115.910074445482
1311.2186287491234 6285.209501989427
8273.76926548113 9794.884434170275
5250.4359663621 9458.624266847677
6294.318580675211 4881.825656679496
3820.619271608107 8421.955160320937
2403.2904207201454 3780.0850574092337
592.333543552136 3069.3275971081925
4597.599513042944 6541.494584466216
2084.078946585566 2880.1601623414363
6365.041106203174 8189.892983745797
1832.0807754123814 4787.548224705044
2800.5941278046275 548.1386239571151
6257.04156832091 9947.261569881171
6858.464003539677 5802.804269761564
1449.2541783116708 7935.490970830905
3225.515042054562 1081.7593141231973
9300.111204752713 9100.751158039462
3014.6477822880024 8173.362305196901
6027.196029398359 5805.104576535927
8502.050214939136 182.0050681773644
6071.773987512921 1112.1421646246465
3470.160084965953 7393.259791756269
9591.644567485188 9113.918978873751
1368.550906230196 7912.900599626179
2328.957731982232 4536.313043494433
467.8557321761201 4747.584968550397
2501.7363611284813 522.0357992914115
2457.227212413917 9910.996975596601
549.4892879423841 2562.7902962987027
8523.725654271668 7867.767946755728
4057.436934656141 3436.842705559232
4852.416481829923 5168.50808791677
1990.5157884900593 8705.530557228674
7698.849709055358 482.7967623927665
9487.465912941398 4832.0059545124905
6710.984434218604 9402.995197357663
6896.948104514583 2307.7678050705476
4015.512111909182 1370.2611704721246
4481.776426461281 4307.311553383532
5733.922274554617 1865.1612436953935
7273.993193944783 7338.485802661779
2056.546437643465 1608.7887975208914
2932.654217872901 4115.910166559934
1778.2041713786955 5936.318290634509
9137.834174607837 457.07903034485685
7286.969740026695 1733.433836406505
6048.496862198762 7385.534342902312
6397.964142674804 6367.090617815891
3658.524735399632 6822.764672208329
8136.969544535283 2895.584316081059
3504.3350400813133 4260.245947172141
604.0576880802395 8508.914668281295
9109.154255917923 4625.30825115773
385.30527194125307 8628.947906645808
9793.161566110173 8189.280359046433
4631.070265213768 7389.900822309689
8035.353751030639 1813.6249500654899
8882.187624759667 6323.177896516253
1442.1264608977747 7089.546738879983
6000.833106032008 6986.616641375518
6559.19878701323 998.8198855947228
4150.6992078073135 6.7053370578429305
3257.664439459077 6608.347123895904
4671.511823760397 2543.356478638256
5231.574344826815 1008.2279563356855
3905.814624982252 8540.335936734644
4263.614222158204 5212.8796889354135
6561.327635756748 1290.458068288818
3347.0658983038215 6067.019735599444
2030.089507497611 5823.178370693272
6496.394923190578 3333.085731697993
9235.97523724337 9413.230021586762
1135.4357968542595 6083.930826757882
45.07336291798225 2112.461172214093
2321.2985503343443 1284.4035559344914
6048.8000569922 5623.052555547354
6743.748847930247 4017.680778945577
8617.515178691185 8058.806287562333
8433.965435561608 3196.9929103435757
7522.796173184135 4182.212476386009
7423.211329762574 8800.643525866819
9139.420171296582 5558.51802529302
7211.100959691014 6677.991144977412
1263.4879930560073 2734.036606324328
6834.783082775964 4796.329559564634
7921.022367871806 2024.451830757902
8574.499869131572 433.36347630823167
4191.758241155088 2789.8865385103945
2887.627431737472 1267.246644772485
8035.73372111907 7177.022883466965
8032.436473393403 4575.912620581004
3385.6852853087894 3224.5734697337093
3024.4594066085238 7829.696230967456
6356.134518858698 3956.9215557558955
9062.486946909536 846.0051947148717
4320.451525565564 9631.762328680938
6367.857386684095 4372.0728892862435
5820.065118478838 7661.093569743774
499.84552561734176 2471.582901093393
7795.3844596043455 4890.919702581918
4641.597220379204 6413.226688137564
5465.883693143141 9903.54883629425
2095.193743792092 5894.01701309334
9337.195949664663 8797.375450544332
6281.075509868134 9377.450246736877
3275.9506905576472 6502.564189039314
3906.191132598017 9086.370228884365
7368.478845803158 7107.055114129731
646.8805913959396 7762.657011413753
9367.404318629648 895.837813196999
7686.643173088073 3690.629104215084
8930.525670964777 2847.4478725686727
1755.57573979926 7678.307800052002
9569.287833325534 7185.161550817613
937.4158936932586 700.4676299449885
4249.530236307888 5246.37423121925
3441.7578219217835 3729.6517869838763
1925.0912294268796 9412.17193692789
6783.153277461719 1916.1061336132134
3935.236519742602 4130.11081459198
365.45108458398425 3724.8444126222926
1159.7728033575638 6166.743093469598
5338.86426138528 1897.8274864139055
5101.096048650544 142.44099739947114
1778.9023565305363 7181.50205715887
8650.317749857322 2129.583453089089
4730.439888916206 7644.712187165993
5194.996108088598 3636.1898625409594
7466.836530451145 6109.259464384635
7938.901422342901 650.5990671452965
2433.1641942621527 5725.157657408365
4829.6218780900335 7588.805886486602
7774.237188887906 9044.889084408907
8327.717473470271 3964.5861405449355
92.28034813758667 9085.739221388956
3401.5153429061784 2393.554471988353
2135.714294862948 1816.5472037461416
1594.5317257107129 145.81547326657505
7489.674525972569 8264.981159816765
3787.893405249777 2877.8844619836273
3020.52105432468 1013.7080432030154
9368.029215517427 8403.070333595273
3820.7411889255395 4238.595981697568
4910.284844633547 400.5276137179403
4707.281796740576 8639.350617529693
1202.0099709832289 6816.701113481699
6945.4918661719585 2622.756801349483
3454.054438823766 5378.899990062359
8802.496929742532 8920.95588648311
5887.50342525761 9119.260004680942
3777.967627042581 1461.962678552664
8532.87053474109 8098.359063070086
916.8812262172921 756.8826420506535
1041.857696175964 9621.275544312079
7478.022323372205 7328.06411860928
5587.183568264624 8154.887647416345
5413.604256462786 1774.6804810459894
8513.87087765443 7883.7333232317405
9609.53492798753 6957.005088495175
8305.77457598622 5382.760768445899
7642.49227854094 2477.904806052521
5644.023330017991 7238.8209922292035
7929.114994956915 4149.8497144548355
9859.437398574939 7618.761590583363
5574.252725349761 1457.9936195365094
4918.875805135289 3760.5051260349474
2969.3641123848333 4164.652624924281
7235.857865629596 3154.5061616151393
5248.788126631677 5147.772022680873
7058.694554196154 4786.496217505055
9080.75655380997 325.7362612561088
4964.751948045776 8228.443620138776
6951.657698714508 8093.14455629068
5077.367881476293 8593.171671653407
8096.198050182016 76.93896300869363
7022.324305130103 2409.0893120085766
1532.752024591707 2219.53809157172
9353.673727303214 9325.01195430691
6282.330731353497 205.39394652412503
8204.110628098451 7221.05649449782
8781.240472748592 6069.6583138596
6252.9617749923345 3780.1182004338384
7741.641147404948 3462.4045481788057
8755.267963905708 5865.448916883765
2270.8580439398984 7489.123773699435
5338.3159979608845 9153.370385728194
9929.438599175892 1307.9748824558123
8547.37157816639 4386.176305391346
7589.588984645368 5736.534960418155
2710.2537657137304 3338.7892255995766
9449.762252941859 5.562105786808269
9590.78425474726 7133.753923614605
3367.8142289377656 1494.5485565713623
514.0301816235782 1892.6663440753377
8794.28225695314 9793.609361806812
8171.659347506057 1878.1515891130618
7018.981870135172 5758.511720703598
5153.605484833209 8259.020884875437
7188.257581606467 9360.424332370894
402.6404270194672 2422.251454656924
9606.866308361636 1079.2238000890875
9251.341134464154 6358.950757951333
1207.6099150066354 348.9650776793396
7476.318763268603 9067.48075438217
6753.474902858982 1136.387547955011
4892.486208255575 7145.4355761621955
3331.1795394388955 9118.094588087431
9410.512455700633 9783.17755673074
5001.667253633261 7119.308529675104
8193.515486986815 3225.1574637230383
9092.224830189143 5486.868934696082
8574.43031427996 7431.25579894266
5546.5497410747 1891.4108274058729
7733.382123406092 8148.900292870932
5993.225416274071 688.4193237123792
6784.780503151492 897.7302526785446
9749.705754268882 5415.127504135833
1886.749619780065 9472.091220703885
9848.05578541887 9259.99078100786
2260.8893602093804 482.66478981285775
3350.325950271561 7413.7290937426715
2598.2628090370617 7187.045902202464
6715.5887022924535 2095.703061775854
5227.890031664746 400.10511951704353
8787.300092651896 5746.653420906128
5636.920551961994 1628.479835778398
1088.7908264952073 388.5903277337766
3457.0468564464218 3739.560483259987
7546.333992012688 1474.9002409888978
9869.615135327935 7453.850123086664
3503.3754872446752 2688.487794474945
1532.2738729294992 7740.594063234585
6946.152724263336 4093.0490118443654
592.8980286843243 2800.087193718893
3230.072393551009 9802.325542200286
131.91345733154836 9732.088453483062
8277.852680778646 2904.468279552477
4462.036314134573 5218.282341136508
4214.579609356589 4763.3912104293695
4114.836521009313 6587.744831642707
5711.4677240385245 3016.2737234438464
6056.421011444906 8487.889800897547
4929.256156821356 7596.125420705656
699.9249860835577 3049.3800199162947
7883.807160004301 6930.600585698588
8620.391091276606 6912.010782157534
5300.623333943061 7103.011275366351
1528.0025114790064 6769.5850650778775
6581.632067425414 5208.75222474574
4018.534771412532 6195.315724806753
6376.731545072066 4400.122595955618
4895.271879127072 425.30557731048077
9434.23104809348 2184.7867179536806
9444.530771182934 2506.173608834582
898.4593148995812 5427.890088683166
6947.32568297058 3753.9078302154185
6029.457095360081 5205.104817459324
922.5923855602025 3824.545854881961
5438.805233286666 2163.6512180940704
3122.7894010704204 863.2925754233112
9367.289699673356 8370.601259132283
6140.57548950564 177.21028981137255
7274.23480764716 4762.543199869241
3635.661183773372 667.6194565594351
7064.984111967118 4257.941759946335
1653.8163887758706 1861.877112097967
1652.1467700479154 9353.305266451434
9285.41153606034 800.2040504992625
9227.867785838269 9596.528672329843
1998.7572750107963 7261.757189970601
7618.518804082763 8715.548945863979
6383.901341075573 7855.150346161052
2399.8522523397623 3377.7181523081113
755.425573839692 4352.1494699838
3069.7970151661802 5565.060942795155
2088.187437926423 9309.280912288741
1507.7164995171365 8372.849947364179
6097.8281475770145 2500.6049232229843
2193.0914189830387 673.7014601347835
3928.271742062577 4975.927787989436
4213.228545893957 9536.65333138328
5871.322394413596 3662.2343283646187
958.7388660140028 550.4590482630178
9818.860215597892 8342.146123961316
4587.166569946418 5272.592602287471
9736.028558436028 4571.718436380707
8829.29664544842 1910.2259378650144
7344.192667772802 640.912490589175
5519.300845848604 36.71127388308992
8415.343131711574 4033.5859534641427
7349.030347072647 2656.853974996024
3605.0069362055747 3009.8720415117664
1778.4012002899185 9256.542773370096
2588.6190783817087 1912.3197496094867
8777.956020696001 1607.0572748388988
9416.699695729076 4588.195778285947
8136.331762186847 41.644317344381456
6467.071495402915 8923.855164803763
434.5008822545282 1681.7207443031223
4147.743794676863 6903.109646060195
9470.293175236377 3662.3208091666006
3591.975408453336 8830.032384883763
2910.8461079276494 3791.1791742970236
9987.430102362314 7397.660505678539
2257.2782919641763 8273.099081313105
4894.214094126475 7137.565194392519
2825.0096324144024 1141.0274674326004
6931.990414853311 7451.2795945404705
9374.802934825202 2857.5165688677307
1554.2441053899058 2903.089345090164
3273.7382296513697 6185.02737254687
2278.1690302572165 2744.7048708533316
2621.9708139698373 5870.7848122758
7701.537403086954 2745.851282829872
7650.265376508693 4951.669280142406
913.3005091940794 6320.8281435149775
9874.940967261608 4556.891204966851
492.56252362835704 8669.60307915734
4991.000228938575 5970.955865741302
5190.960561120588 7193.02666862968
6290.855694572481 3416.7040778332334
7606.36987951766 3795.261404618062
7515.210693117767 3527.965464702951
5681.250924943984 9852.542656203483
1474.2914659831042 2803.6377561427294
4696.840366142511 2605.897954752775
3521.761078181065 7469.763381110211
6584.77900060651 2526.472826713546
7020.300387162982 1123.4470767148985
7840.6636380743275 4805.620134340812
1306.9678346279522 4292.21744965241
2099.3970488873892 4537.931833626738
1348.0976235063747 6614.707032363825
8520.103812698198 4393.905462064024
2267.6376647955053 6733.284786511062
2528.763876771235 5619.949530893642
1239.4624408047162 7186.546658907941
1179.620231014148 8056.954685132901
3853.3463685791103 1599.331189077371
1421.787939671215 2534.6673171035263
1995.9126598738842 9290.19394933668
5895.402002007163 9477.621180088883
5532.025020474077 8051.0431914674145
7532.018279628794 849.3948019251918
628.7178732371557 9300.897706685002
1196.879564584522 8665.4842370277
3432.9142998112916 1075.5008666808353
7886.044689469922 2221.0882267230845
8995.809507648617 3386.7878140712946
4579.277283390043 7908.625368079649
1830.947833312948 7370.965794433478
749.9676360808583 40.81523773489471
6299.6549432030415 4341.236927723268
746.2687478719032 8448.670990560731
2136.631406811773 3370.956085305903
9783.002834556364 8789.767667217442
2860.155039415657 6355.284400895115
121.7957361755595 4480.665468507917
2555.4749564520785 7634.161464627908
3167.2822729821482 4958.383419174173
9576.628777244996 1206.6874561572727
2670.1164620461627 3579.333616181526
4081.0453138031266 2326.7700832235614
4002.9141209127215 9880.142467832355
9992.947273168642 1842.1601904446761
4563.142203666848 5153.300298032515
985.697136743805 1023.7610270123554
757.3627997658893 7331.598139989092
4379.879756697982 1829.3638657229028
7734.127858111471 1028.823621014403
6473.049329996835 2555.731882911013
9058.214404909857 1250.205187621365
7748.713692935988 1655.2104852684079
4856.776488913667 4764.608981208622
6656.265504758589 3127.82002689732
8618.386895019026 1421.5090256288809
6210.2127591512 5347.0416928119375
4788.822590866924 8799.264558462371
8526.20332261116 1437.2802116521655
1582.8509090267428 7487.258162645576
8592.972696303601 3393.247900267755
6019.153319993689 1032.9599330722672
73.49417888919075 4016.284197692752
1085.9198066871545 4126.000698015665
2735.240756152275 439.88707359456146
8157.535467536252 4944.852665043847
3228.6171021126142 526.5003115473654
1308.1747185686643 2757.7304146429924
8364.257796305083 8739.866219865587
4006.0033280880634 9847.843094349895
2784.0255679429924 1232.0181533440254
2822.085809194367 7624.141627176006
977.188967357664 831.2513380872522
7250.979040514379 382.22123414215827
6962.396245175244 1377.182372333694
9515.392484413862 6596.057644684865
3637.703460092313 7421.263586931636
3315.1776460544334 6849.766536880077
7795.05591353082 9695.89380368041
5881.3039702392825 9559.594764007843
6102.2639669718055 8952.526612358311
3408.3697088527288 489.8665659994739
1974.6510259099625 778.9438966957885
5964.584558851848 9732.62330016225
3190.194745054804 1828.1298663423252
4316.054711887134 299.2121493351441
5346.125766118086 3525.944527646332
7752.585023517587 5763.090326711847
6811.58215453958 2772.0638444813685
8965.115018803324 496.6364625306341
6700.065400625893 408.41353937560166
9300.282337450171 4960.763620829247
8567.078273696212 7301.59751262276
5305.508904535501 234.65658722462314
9032.47204197696 4770.580708572846
5378.39121001625 513.9621564975016
2333.663774073974 788.1542228123128
3547.065069148094 9659.28223553235
8935.032528128851 5894.476941621752
5933.609500815443 8042.833907188074
8750.436707936386 3083.252737921207
4290.443619783536 8919.653836396023
7279.942629615054 4055.8665569835516
150.0590133736046 9340.744736837487
6018.487638641549 186.07271999098506
2591.3242215172772 9229.071769596194
6863.348853435716 297.58731769326084
2400.986187673121 3655.3384699075787
3928.9241151357555 8929.210333077337
5496.884092325114 7578.979911573557
5171.472577105135 8146.861126661354
8879.783522706593 9360.834825078082
533.107976016054 3159.1835391501722
3093.62795857434 9207.466098416955
2933.4736839446405 7003.135652517088
6199.394683655752 1373.1223976300478
3369.165876626531 2388.251322220365
5605.634657900547 4423.8408075219495
1625.1247660423173 9423.021363307707
5749.166285550318 2159.214343644298
9658.836748161419 6394.109175965472
1582.2797491667595 8890.858376909286
5587.34881913729 7028.885353376835
98.20774338674565 6692.625813718557
2388.719935001067 1744.022333309999
4714.4984438377105 8966.141840190128
6923.6912723325995 2267.6662172188635
234.32449024153533 4206.236244473314
1689.9839194577514 8719.960935877649
9318.65216727364 6204.374578580386
3840.7827786672433 5746.469045952654
4927.580961470034 2094.2008454622805
3430.6001997212643 9621.297802207286
7027.058370410668 7621.820687514814
5595.858468550829 1371.5063648333003
6007.564383472526 9814.471335019425
9434.164092826391 1921.6324711093857
9724.249806058551 824.737631792255
9715.396127061691 4016.9469931716926
5843.404498519774 3143.4906351875156
6239.363824682537 2256.3044887347028
6268.021921707378 5603.2422672388575
9648.933409176456 6950.23275912196
5815.615272230836 1634.6210577195009
1814.1634787837602 9717.156262970657
3034.3345085682395 6092.193877326418
3522.129906693198 8740.429297537472
7068.820793246893 4631.872255919559
2138.759004971068 9431.109720335844
825.1273763264921 100.65656933140099
7153.133659375496 1876.1703418148345
7334.427015851338 3690.4888468442055
2071.3709972200922 9899.120590761107
3178.1137346410646 4711.501772745339
6996.316508469263 7819.76002429303
112.30237464375791 1755.9601788341772
7410.937688656938 72.06926551530768
3617.6138075832464 9752.717729376342
1177.4395987531661 5723.993862725829
5000.530039605119 1953.0166937516458
7570.769563095343 4640.152724216491
1885.490797426479 3241.9823220098574
9284.312756722258 4538.2631709120415
462.2932760398735 1336.1733472367066
777.2282117340801 8512.341468075594
1691.2519474980058 5406.067844701959
4077.008529525006 730.5040925423867
2818.957795319401 7453.383120747401
6207.492398929649 3962.4603673779525
5020.3774910561715 376.6345831139328
781.6958788520234 6351.552196551436
7758.412635418283 8074.364590470089
9980.473146119333 6418.460564099383
539.9389693054968 7163.98098839757
2132.1526007631865 4668.469718992082
3147.731445511076 6935.163383114767
4414.940723303866 7371.439027982141
6140.570525077207 4010.3096227199553
9823.022136203657 3093.4015468436014
4439.22025847526 850.5127502808684
2468.926623763489 5380.974620601057
8153.855325839593 2724.071221013278
5538.8765999103325 5634.529487462359
6458.907292574489 6045.55346393715
1774.4627408643632 8653.338979378672
2284.189008932328 2096.9516349739292
7223.1465515586315 9595.680695568806
7866.5463050916715 4058.4769981025106
5181.717469867883 5169.1448920978155
3794.183569287842 2005.062439274483
8750.982093565954 3751.1579388346695
7076.186729506048 65.65495598617521
7226.597584616571 8836.997998956816
6982.674104074509 2295.8976563328383
3670.107533035276 7722.350777713645
926.3814484314936 8980.813715785067
8435.871514189761 2649.708606757131
6494.3899718795965 3062.6207323633803
6173.730541470698 4782.692434853046
9889.088190625049 7179.82328936711
1883.8802616995697 2319.633401076302
5500.353600430599 5407.24176236286
4969.571551521303 2817.5234413864946
6106.331008440395 202.655418230554
8914.898817383506 6369.702574417327
8288.06976707162 4294.249916319703
8209.071269647111 665.4245257651293
3043.682517900982 9284.079081404188
3445.2085712171934 1156.6989524376802
7300.566723348252 7596.261585840071
140.84271451571206 9567.582887165432
8049.630601052764 2064.6534315675735
6758.943204674502 1803.3514162774245
7163.352807481506 7933.248532927186
2652.429906854331 1951.7518604395757
1609.8903272770403 5333.580448097444
7211.774005782408 2515.8025720729247
738.3511826829281 6406.906783624594
7364.4319464678765 2277.369381245097
9585.725612787186 154.9815701503643
1756.4922442204945 2263.0169144833158
4743.872992330188 9831.730026719279
6441.061382176066 7168.394438755914
7225.341449495638 2229.1587358426714
8704.554327094982 4294.68772168269
4979.695071728165 5564.350271872064
2781.191810584096 4560.426701074089
6237.410998957463 2840.4038671203148
3637.6522150146075 474.20989722063877
3696.3004958180477 532.7055785634593
2753.964578015402 4088.671257459168
8715.797414001388 8242.917747920314
2883.368784127931 3903.276623675096
4147.349071134954 3566.60230408822
7143.011384166147 3443.3097136867927
4204.536099364978 7836.403154780296
1468.9844135455232 5814.665776901397
9864.435678847549 2631.228478237072
8463.358414979035 7918.841745321775
8692.136752404147 3982.8923679339455
4967.495154358853 5209.776722516337
8693.202608604712 1065.1864234511443
5315.0743912315165 2883.957972688311
6824.270373653072 8816.37310248501
7149.903916801923 2217.4808357179186
4129.865950691078 9424.602494686278
6937.722274377363 1398.5083368283235
1123.902003915026 5896.773956273131
7857.85076871456 8650.848228724744
8997.220770606205 2034.8788540230612
3629.6812629675524 1704.127659794481
4507.9317699569465 7059.8734885299555
8010.640727115362 1738.3123133021827
8999.184761040158 9851.650891206853
1196.397703602391 1815.0811529585676
4889.40924231924 7314.694100444621
1160.7344654909245 9505.836098269585
6192.945616900904 3732.5084251252847
91.6310282001953 935.890290083048
3154.3779503665437 3139.9453532777065
3511.7639693938686 8786.641178903437
4917.773243976634 4721.04958731972
2415.753267028582 9932.30665171389
8302.42094404965 2031.0742443582374
6813.133124032456 9335.062945601687
5219.558992150336 444.822020765302
2435.168174777944 5582.189761799938
6039.960149684961 3649.4923665150604
1045.2692152520226 21.09527840411296
1310.1453334297398 9228.72245568443
8786.910679791528 5832.857342660768
9615.380930762318 5425.535012585603
6309.587041224546 5582.184752961086
5100.507952192536 6025.409668157316
9032.489788005221 5791.465573830235
4185.038698906937 7966.7213309894405
5837.225283253079 4908.8385931211
7346.8534443925755 6764.298232509986
9725.035726217313 6674.985471217673
8499.211609931457 8122.870668515508
4530.622122919609 4340.610046513886
1448.6928794933963 220.69351216720267
7653.817510979352 2446.336026851981
197.06252309738105 59.647112036806945
9951.987742326264 1949.0195323408143
7437.958072659297 9006.630606084904
430.18912002517396 1363.2371709125323
3499.6732899464023 7192.083714516948
5172.74181224557 1283.980080626803
6198.217617220648 3784.9797071063895
7079.030229011802 2166.344909945671
590.2097079435331 329.65938559786355
5397.97174228449 5560.283102465445
6453.059897472673 7308.380961885887
1799.7418511576368 7133.2311814300765
470.2869853208758 9884.483135882687
2779.982107557951 5760.712786994157
9562.702888539214 7384.5710652063
6560.8603838601075 6724.77085309559
1581.5906996026529 2494.1524712212413
6334.988865308232 8632.34672925297
9667.893716529787 369.6634117360809
692.3519645000575 3050.498928699411
6981.819892450713 4910.845916024338
6377.02959552975 3052.609073007034
9220.161585517555 9290.944857615896
8139.651161055701 1879.4986750307219
3364.015255432352 508.21623839693353
5383.14553970401 5741.636380389652
2437.484734886496 3200.7521815187056
5543.503888076695 5423.387084608915
7708.331673274877 6257.639513238954
9703.901679815266 9797.519904742681
1724.4365981973497 6862.9898819636555
6809.678797158533 617.9536949807174
7855.320984935183 525.3915879928217
9033.305325617417 2030.9866391795383
4595.869070405819 2373.851580963492
2332.6103852290935 130.02342591231454
5789.784899601039 4542.307161692305
3052.1881857239887 7576.079166463123
1143.2018543786714 6818.3089804658985
3537.0344190030755 5816.0980397714475
4924.263406411682 2897.487007021451
7159.1117199394685 2753.4028667057873
4582.374079907695 2563.928928034952
5901.678248363865 6859.344427704023
5171.217199404132 907.616667171065
1702.8585877354863 9662.495218571463
9922.524558463967 9293.582463727254
6129.071151882756 7311.489616812383
2092.971021094743 9213.457314324109
1630.5757272371613 8479.8862720277
8294.46305087426 9378.608714288943
1625.5337854621766 266.1852620159888
8918.4766697198 8455.071132982008
5965.627483780526 5939.408381089008
6977.991386075632 693.9941538668604
2955.4116537954287 8390.404572539675
2715.960561887947 9377.346459817389
9029.223949877367 971.3206238147499
7667.142694088746 3477.1312149471823
2433.6133892631397 3040.4333191231513
8510.517948429517 6217.38124346917
7819.886288409634 976.8084566945834
8012.3957287207495 331.7199724644393
4520.518534441487 6689.019734542061
7635.71532243426 3725.2913225641737
2464.810699116875 4714.42216803955
3978.931276539608 978.3718929052187
6183.31479327857 5890.242494842671
9108.26393682642 670.0018618638081
9157.195258890455 275.01609312212014
3059.9890432410325 5853.480488936599
7887.8289255733125 4508.661221351474
5314.827535090598 5181.589115372241
7493.590923408979 9121.75178315426
884.3911943859883 5157.923459319016
8384.912814435214 9439.312490657881
5800.026392933456 9781.72958970587
6625.338908971926 9671.726271282974
6257.292804275121 2457.15288448918
8955.449104876743 3545.1119928351927
5444.700401965689 6453.826086240544
7138.157902734283 6395.789894291081
2173.2224842116366 4434.24200638045
5278.035484525106 3038.2276877431414
5823.492026590616 4604.363746528595
8073.94339470498 2913.1139936188056
2840.47530656412 897.4480685927077
7583.413569227095 9031.98363110176
1030.8153669566889 7267.069975344706
1008.8410150899996 57.07332692299172
9255.920625328565 1643.8537105088612
2259.703327178898 5489.860735790162
1764.2692534338512 3401.429354195905
5601.656989906844 2389.002992248862
8369.288325211433 9280.650191266133
572.505055546878 8298.15153235677
3954.5603819536136 6637.124662939867
3526.6679709802297 9136.39521757178
3375.9943862994733 9605.625160696673
2663.932450914389 2688.838099921027
730.9979174456649 3315.962349410041
204.89268269346604 8032.096190312969
5177.568774797464 3648.4166885237123
7494.638713014846 8739.250007935698
9011.620731833505 5182.845741582121
6247.888312157628 3031.0673110111543
7548.748558556373 7974.095747387187
1892.8984035222352 7175.067640193695
4507.022354606396 4577.358887034552
3028.13326560911 9381.270375201842
1050.3002264485972 2350.6423627578997
4374.80737188834 203.2324354143267
1426.933386819813 2477.5220045575984
9290.060186273173 2025.2444204474796
3226.628224354083 6381.87263342517
1899.6632464804143 4601.327851170944
5678.625785989444 2247.2846364133393
8215.799291882118 5808.930538820523
5127.240317830728 9207.386082447956
224.58977158408277 6789.991765931046
2846.201678457336 4439.314878397903
6859.698534788918 8474.311870242038
6691.124633564477 8871.08867960928
1022.4654768684327 2114.9228593721105
4739.827306899143 504.64906257474354
2365.678482196567 9912.429323808808
6033.106978015787 459.8597286652162
1427.221822523219 3065.046230598369
803.9760361497783 5760.764963696087
1881.4875998801306 3653.3351016109273
171.2455950378322 4613.921909236001
4170.5713811709575 3653.3962495676433
3173.7428876615727 4469.6401474665045
5583.919338694604 9069.548073945773
7234.330247249585 510.4782707879596
8974.229337118682 9687.284360045029
6668.292961150301 2377.357712101884
4729.053950530756 5269.571962843237
2688.5459866888104 9922.178076257032
8361.690428674068 7154.309009828717
7510.506139237402 4566.823351017722
9141.586060483054 158.03971225581748
4622.363954673942 1451.9746222103447
3553.6243905732613 3450.7749050240723
7061.8802101263045 8975.153529408453
1057.3033805834198 639.0468644736602
5628.723078172775 6545.936411555924
8610.951798727721 8679.080179721574
9361.755027638628 8427.301310254903
4732.775729219765 2439.2348624265214
1323.5628419385248 1385.5757742725473
3489.663299831599 6740.638007302493
3759.921855304925 6537.478504934514
3736.31966708726 527.1891090894909
8039.772717344779 1261.2562376639657
9171.443904519547 8450.889978129197
6431.677608109278 5329.938225279839
334.2990313783822 3605.7111390325526
4735.6186506972845 6528.241325999189
534.167189261614 1402.9796324891254
7064.38791506504 4930.680461067649
3886.826008507415 8653.531595975941
6656.708690181188 1746.9475066534058
5126.317136877427 3806.643995089961
9504.622665028724 8181.644089231915
7666.922803558048 3993.022551827532
790.5622520410672 2108.96448415185
8509.405962629193 2028.887998202137
7654.924159133217 5528.944586021726
6017.208919278781 1860.4734023726155
5652.844285588447 3750.4032495512006
9332.446773362784 4063.0026944842734
409.2720537879857 8036.724201158685
6258.174922378627 3955.4941650045007
444.3259319077164 7054.136800194379
9802.543669709412 3652.492519116728
1916.3069312609894 8878.173492685812
2262.104804221423 5946.1045277076555
1117.6367356512785 4542.4944588139615
9715.662534659707 2296.4701925988284
5959.37556420285 6155.288820894107
9106.712209513742 9406.07746657081
3392.868738196102 7461.973142398129
4711.646534132975 8863.08564142209
5742.458891564155 2398.928350803323
722.5486912770396 2161.0930243269213
5261.094307802873 7661.527478369897
1917.5356240457952 9037.548049515619
2871.048081946419 8600.72661672892
4948.250979332569 520.2698005987083
4014.864517055046 3866.0014479412484
8643.254611043341 9331.306747123752
1817.0272431459855 3128.4339982078413
2907.6859421303 9369.634589224059
5344.744335283521 3946.2644227683963
2293.7324141588333 2878.950273529548
8656.629569541707 8376.240341251254
2123.059111563328 8604.093615520682
4540.953010876182 7287.613604217577
2161.5138708149098 6749.388798743553
5370.525262568252 501.64616847043317
5278.045972139619 6874.465287323669
2339.1667307418893 3858.0056568617592
6263.928150042577 2997.8809542049744
3495.107345373659 100.4454059097093
9045.01136261197 6126.141265416609
449.5520063339742 9077.679620023493
8888.87355170963 8185.467351888252
3414.035569548106 4171.379717371407
9890.378054083141 2905.9352456492506
4308.086202950559 6091.734261513303
7013.2847662909735 8592.375045611838
8079.101182261237 2222.0293426421567
6272.206946960625 4913.681117461798
3089.233289187728 9547.222776942734
6258.342597490132 851.9523082157376
2449.476849514387 1867.5010519461478
9144.05181342317 3775.1471181719676
9519.031148757085 7476.324347976944
9545.489614541171 231.7007351194167
2438.4104060256764 1773.4765484128002
5179.150506232858 7512.824443995245
4527.660543200443 387.1600077601289
4117.312556064202 1287.9618872582776
9656.431421320112 2295.1833464947126
9629.016976165189 8691.154627474509
4280.550652102899 9163.810315221885
5087.357858030117 8120.825409404509
740.1241116420465 6663.852277687234
8230.493560199342 6712.758240108748
9627.089714715128 5877.101764957193
6182.938520004497 3955.818891608538
2555.5378969421204 8072.221788840388
75.32870230498645 5242.225877095803
505.9984563009279 4107.720104940375
844.9974156276796 2278.9427589824118
7065.292634328931 510.6522158389859
5856.34083556646 8234.037335740122
346.43251344088077 7883.216818213403
9349.08757118087 4251.6106810787405
2148.44304720918 3705.414593784242
8404.232767916834 541.1670387140177
8003.875192392682 830.469399500583
111.53533775918322 9632.06333094071
7162.163926360742 5010.712492586935
4929.1169276937 1580.9412411943802
7269.88118680352 9645.157734082226
5844.844522209885 929.8098010948852
4534.319504575294 3606.0038977970166
2880.815438760087 3034.7100649523663
6494.736537682784 8479.819966594168
7726.407774885746 3019.667710311983
1175.9794006788181 4850.182296131994
3841.997095035946 4057.8923733315773
3362.096579517584 3352.0500925799433
3244.5845659704987 2941.958171052476
6002.942969944701 5144.180483756075
2368.2143846197314 9976.962416150938
2354.6620145387365 8174.399095840545
5886.21182490887 7115.421510521587
2355.334680225151 153.560354591743
9188.900174653885 2949.9360349503777
4949.959552885475 6507.54372705373
7329.605457111107 5689.414609116337
6604.334213460798 1742.650473082239
683.3924970260264 5566.919322645209
5085.286441112687 5638.282586039428
5307.12022807477 6261.953439509192
6735.101751225854 1471.7931240646387
9046.042799228677 867.2855001285951
4930.882709085707 2083.926061834802
2801.324366448571 1690.162787738082
7194.962665509309 1009.265400886864
54.47513189386521 4750.038210022181
8510.394108490986 124.63912240327946
6738.858387837791 9219.695472948622
8795.913787023084 2309.434757829617
7855.057970318936 9253.927064620104
3207.6866672812043 7465.299410321765
6846.0348634050715 659.6834196873469
4960.512268487983 2908.7130664259007
8679.648169378674 7683.876106918049
1699.076354823813 4628.438353449648
7830.244239223576 5829.785209071778
8100.212567949597 4190.870421303012
7907.67463509875 5060.288265057768
9350.037836809606 7179.818582709696
551.2291673833791 4005.888215905177
2415.2101108834368 2973.2725116222414
7387.619498652033 9867.789066781888
4615.450077743249 2388.2206558966477
346.2894000700212 591.0322677418089
1904.8581247169127 9265.602431212135
2431.961321314775 5579.969490479819
2482.448805042653 4420.992454149429
3173.479931133506 8738.116136720218
4877.717322114518 5552.631265011194
399.64370407961303 2936.6950192156805
3494.9394947497904 4676.93015218347
2736.8646598841074 8150.945679037487
8750.301573892579 5452.59810139845
5280.1300306663215 6450.537272546137
3398.8417124437065 6358.048524761578
4257.887591081005 5790.193203026431
1423.5830477060374 2102.7638825336035
5193.107643121445 1118.8977412107204
947.1206300266799 4881.808670935999
3056.926155530084 5710.823378935861
8026.31928282136 9123.69996580257
2217.904339416118 7818.379626973458
3903.673050201454 8235.358161825307
8609.086951623414 7757.553408730678
4314.260983252258 9513.874541891437
6466.679523657723 8357.97455598357
5785.127857129762 3873.354301161952
7238.30633156834 7344.906270784808
514.3109716935834 326.09979424141454
8815.450588644697 3667.6253088346766
8379.622637154645 1260.925727891512
9113.820081446422 1048.4231931618538
1902.6869025481685 3477.4013807858696
9207.020959199503 1098.7258967664416
7581.623317116767 1663.3408893911271
7713.064246321143 5233.5930527693545
4906.15929406904 5543.873495251071
9939.868811387101 9313.124374019017
